#        y         x         r
    290.00   1274.00   10.4455
    565.00    630.00    9.3000
    739.00    536.00    9.3000
    814.00   1105.00   12.0000
    890.00   1217.00   10.5000
    923.00   1078.00   10.6350
    997.00    337.00    8.3980
   1052.00   1202.00    9.3000
   1149.00    311.00   10.6350
   1340.00    162.00   15.9525
   1924.00    322.00   12.2350
   1886.00    626.00   14.0000
   1267.00   1277.00   11.6075
   1235.00   1650.00   12.2350
   1225.00   1893.00   12.4775
   1740.00   1405.00   11.7640
   1612.00   1435.00    8.1565
   1311.00   2072.00    9.5125
   1707.00   1986.00   10.4455
   1786.00   2460.00    9.2285
   1267.00   2099.00   10.4775
   1559.00   2424.00   15.7165
