#        y         x         r
    162.00   1022.00   10.8825
    300.00    143.00   10.5000
    369.00    946.00   10.3820
    430.00    186.00   10.4455
    649.00    113.00    9.8560
    664.00    613.00   10.3820
    764.00    470.00    8.0955
    735.00    701.00   12.5970
    575.00   1056.00    8.5000
    844.00   1269.00   13.8425
    820.00    173.00   13.9500
    596.00   1276.00   14.2685
    669.00   1356.00   14.0335
    383.00   2169.00   16.3135
    720.00   2298.00   12.2350
   1183.00     76.00   12.2350
   1333.00    779.00   12.4775
   1031.00   2077.00   11.0795
   1336.00   1274.00   12.5970
   1519.00   1904.00   13.9500
   1747.00   2367.00   14.5000
   1637.00   1090.00   12.2350
   1747.00   1544.00   12.1120
   1855.00   1675.00   12.2350
   1602.00     45.00   13.9500
   1609.00    100.00   11.6075
   1823.00    419.00   12.2350
   1820.00    996.00   15.5000
   1907.00    633.00   15.0000
   1817.00   1488.00   15.9525
