#        y         x         r
    284.00    577.00   15.5000
    218.00   1869.00   14.2685
    249.00   2246.00   13.8425
    391.00   1062.00   15.5000
    626.00    576.00    9.5125
    498.00   2455.00   11.5355
    740.00    408.00   13.9500
    772.00    173.00   13.8425
    951.00    343.00   14.2685
    671.00   1221.00   12.2350
    685.00   1328.00   13.8425
   1333.00    384.00   12.1120
   1276.00    843.00   12.2350
   1287.00    903.00    9.3000
   1429.00   1100.00   11.5930
   1352.00   1507.00   10.4455
    909.00   1499.00   10.4455
   1815.00   1075.00   10.6350
   1919.00   1172.00    9.8560
   1343.00   1557.00   10.4455
   1786.00   1479.00    9.3000
   1779.00   1613.00    9.3000
    939.00   1887.00   10.4455
    999.00   2058.00   10.6350
    851.00   2169.00   11.3610
   1500.00   2279.00   10.3820
    906.00    166.00   13.6590
    320.00   2168.00   13.9710
   1246.00      2.00   10.5905
