#        y         x         r
     39.00    595.00    9.5560
    284.00    312.00   13.1775
    270.00     20.00   14.2685
    204.00   2035.00   13.8425
    450.00   1419.00   12.2350
    343.00   1980.00   13.1775
    416.00   1941.00   13.8425
    415.00   2305.00   14.7840
    675.00    858.00   14.5000
    955.00    633.00   15.9525
    962.00    228.00   13.8425
   1239.00    250.00   15.9525
    797.00   2237.00   13.9500
   1256.00   1797.00   13.9500
   1561.00    990.00   12.2350
    869.00   1360.00   12.2350
   1531.00   2269.00   14.2685
   1718.00   2412.00    9.6895
   1887.00   2302.00    9.7145
    997.00   1491.00   13.5000
    235.00   1448.00   12.5045
    172.00   1788.00   13.5400
    422.00   2478.00    9.4035
    519.00    253.00   13.6590
