#        y         x         r
     35.00     61.00   12.5000
    255.00    341.00   13.5000
    121.00    618.00    8.6945
    130.00    653.00    9.5000
    204.00    722.00   10.5000
    251.00    706.00   11.0000
    277.00    803.00   10.4455
    505.00    556.00   11.5000
    637.00    551.00   10.6350
    754.00    258.00    9.5000
    634.00   1098.00   10.3820
   1038.00    505.00   13.9500
   1128.00    948.00   13.9500
   1205.00    532.00   12.5000
   1259.00     37.00   10.5250
   1260.00    536.00   14.5000
   1301.00    700.00   12.5970
   1726.00     38.00   11.0795
   1869.00     34.00   11.6075
   1672.00    657.00   12.2350
   1831.00    799.00   13.5000
   1669.00   1751.00   14.5000
   1599.00   1086.00   12.5000
   1894.00   1123.00   11.7660
   1748.00   1816.00   12.2350
   1599.00   1848.00   11.6075
   1357.00   1816.00   14.0000
   1387.00   2392.00   11.0955
   1484.00   2411.00    8.9975
   1121.00   2298.00   14.2685
    602.00   2139.00   12.2350
    882.00   2180.00   14.5000
    412.00   2495.00   14.0000
    484.00   2520.00   12.2350
    903.00   2436.00   12.2350
    859.00   2515.00   10.4050
