#        y         x         r
    213.00   1462.00   14.0335
    327.00   1184.00    8.8230
    395.00    815.00    9.0325
    590.00    862.00    9.5165
   1073.00    713.00   10.3820
   1622.00    257.00   13.8425
    846.00   1077.00    9.5125
    382.00   1731.00   10.0895
    510.00   2076.00    9.7880
    692.00   1603.00   10.9435
    720.00   1721.00    9.5560
    693.00   2051.00   12.0000
    873.00   2044.00   12.5000
   1265.00    710.00   10.5250
    842.00   2470.00   14.0000
   1150.00   2261.00   10.5250
   1377.00   1156.00   12.1120
   1430.00   1391.00   10.5250
   1475.00   2002.00   10.5250
   1802.00   2065.00   12.3800
   1588.00   1211.00   10.8580
   1940.00   2471.00   12.5000
   1942.00   1892.00   10.0000
   1875.00   2096.00   10.4395
