#        y         x         r
     77.00    670.00   14.0000
    130.00    935.00   12.5000
    120.00   2023.00   12.6625
    312.00   2456.00   10.5000
    296.00    225.00   12.2375
    523.00   2312.00   10.5000
    681.00     45.00    9.5560
    669.00    602.00   11.5465
    681.00    551.00    9.5000
    746.00    383.00   10.8955
    802.00    749.00   10.8955
    837.00    703.00    9.5000
    923.00    508.00    9.5560
    930.00    579.00   11.0000
    914.00    124.00   10.8955
   1022.00    158.00   10.5000
   1588.00    584.00   11.1440
   1189.00   1236.00   11.1440
   1468.00    397.00    9.8385
   1442.00    691.00    9.8385
   1221.00   1429.00   10.8115
   1557.00   1450.00   11.5000
    842.00   1810.00   10.8955
    928.00   1863.00    9.8385
    961.00   1740.00   10.5000
   1067.00   1702.00   12.0000
   1120.00   1872.00    9.8385
   1304.00   1714.00   10.5000
   1405.00   1808.00   11.1440
   1539.00   1948.00    9.0655
   1731.00   2184.00   11.1440
   1752.00   2488.00    9.0655
   1408.00   2201.00    9.8385
   1190.00   2200.00   11.1440
    975.00   2196.00   10.5000
