#        y         x         r
     94.00    646.00   10.5000
    181.00    134.00   12.2375
    388.00     51.00   10.8955
    349.00    605.00   11.5000
    403.00    822.00    9.5560
    277.00    946.00   10.9605
    198.00   1512.00   12.5000
    170.00   1830.00   12.2845
    313.00   1764.00   16.5000
    540.00   1929.00   12.3800
    595.00   1496.00    9.3405
    703.00   2278.00    9.4970
    779.00   1378.00   12.6625
    744.00   1198.00   10.8580
    964.00   2485.00   12.2845
   1035.00   1712.00   10.8580
    949.00     13.00   10.7490
    986.00    476.00   12.0000
   1155.00    295.00   10.2880
   1178.00     32.00   10.3005
   1227.00    954.00   12.2845
   1400.00   1627.00   10.8580
   1406.00   1927.00   12.2845
   1451.00   2299.00   10.3005
   1478.00   1666.00   10.8580
   1559.00    575.00   10.8580
   1643.00    523.00   10.7490
   1554.00   1536.00   12.3800
   1643.00   1516.00   12.2845
   1701.00   1327.00   12.5000
   1653.00    210.00   10.2855
   1944.00    857.00   12.0000
