#        y         x         r
    157.00    511.00   12.3800
    380.00    197.00   10.8580
    378.00   2246.00   12.2845
    694.00   1331.00   12.2845
    770.00    645.00    9.6725
    986.00    658.00   12.4775
   1114.00   1278.00   12.2350
   1159.00      3.00   11.6075
   1413.00    309.00   14.2685
   1408.00    772.00   12.5970
   1377.00    949.00   11.0795
   1423.00    889.00   12.2350
   1566.00     78.00    8.9075
   1787.00    136.00    8.7850
   1600.00   1170.00    8.7850
   1399.00   1370.00   12.1120
   1329.00   1733.00   12.1120
   1329.00   1897.00   10.5250
   1351.00   2205.00   10.9435
   1662.00   2241.00   11.6075
   1405.00   2288.00   12.2350
   1412.00   2378.00   10.3820
   1920.00   1483.00   10.5250
   1774.00   1618.00   12.6055
   1785.00   2091.00   14.7005
   1904.00   2444.00   12.6055
   1803.00   2515.00   15.0000
    980.00   2129.00   14.0000
