#        y         x         r
     37.00    213.00    7.9765
    103.00    571.00    8.3190
     76.00   1486.00    8.5080
      4.00   1932.00    8.2580
    306.00    690.00   10.6960
    229.00   1685.00   12.6055
    662.00    543.00    8.4035
    769.00    771.00    8.3190
    700.00    898.00    8.3190
    450.00   2405.00    8.6520
    741.00   1537.00    9.0510
    925.00   1655.00    8.6520
   1236.00   1700.00    8.4035
   1269.00   1858.00    8.4035
   1517.00   2034.00    8.4035
   1612.00   1983.00    9.5815
   1657.00   1711.00    9.8000
   1807.00   1695.00    7.9725
   1576.00   1239.00    7.9725
   1298.00    360.00    7.9725
   1380.00    678.00    8.6520
   1463.00    685.00    8.3190
   1659.00    506.00    9.5815
   1591.00   2525.00    9.5815
   1470.00    250.00   12.6335
