#        y         x         r
     70.00    114.00    7.1305
    161.00    640.00    7.9725
    306.00   1200.00    9.0510
    180.00   1472.00    9.2820
    159.00   1954.00   10.9570
    502.00    627.00   10.6300
    557.00    162.00    8.4035
    768.00    209.00    8.4035
    773.00    469.00   10.7620
    792.00    626.00    9.2820
    965.00    264.00    8.3190
   1281.00    659.00    8.4035
   1182.00    946.00    9.0510
    996.00    917.00    7.9725
    960.00    946.00    8.4560
    843.00   1259.00    7.3500
    777.00   1225.00    8.4560
    599.00   1655.00    7.3500
    623.00   1685.00    7.6155
    560.00   2344.00    8.2175
    851.00   2333.00    8.0715
    993.00   2234.00   10.5250
   1093.00   2437.00    8.0750
   1033.00   2464.00    8.1565
   1413.00   1317.00    8.7850
   1421.00   1815.00    9.3000
   1920.00   1834.00    8.8230
   1931.00   1759.00    8.8230
