#        y         x         r
    248.00   2257.00   10.9435
    423.00   2395.00   10.0895
    318.00   1611.00    8.3980
    464.00   1768.00    9.3000
    374.00   1158.00   10.6350
    627.00   1326.00   10.6350
    505.00    955.00   10.6350
    660.00    483.00    9.8560
    617.00    613.00    9.3180
    571.00    441.00    9.7145
    576.00    307.00   10.3175
    846.00   1103.00   11.7640
   1037.00    643.00    9.3000
   1108.00    679.00    9.0510
   1283.00    798.00    8.4035
   1299.00   1058.00    9.8000
   1129.00   1346.00    9.5075
   1160.00   2012.00   11.2745
   1567.00   1154.00   11.5055
   1782.00    753.00   12.5970
   1918.00    890.00   12.4775
   1745.00   1764.00   14.2685
   1632.00   2209.00   13.9500
   1768.00   2531.00   10.9435
    773.00   1753.00   13.0000
    854.00   1911.00   14.4270
   1491.00   1905.00   14.0340
    980.00    504.00   13.6440
    964.00    548.00   11.0000
     85.00    480.00   16.0000
    310.00   2151.00   17.0000
   1196.00    201.00   17.5000
    814.00    451.00   13.5000
