#        y         x         r
    108.00    347.00   10.5250
    117.00    763.00   12.4775
    165.00   2071.00   12.1120
    368.00    866.00   12.5970
    574.00   1363.00   10.4180
    583.00    679.00   17.3030
    641.00    577.00    8.6515
   1124.00    307.00    9.6725
   1560.00    431.00    9.5165
   1404.00   1164.00    9.5560
   1730.00   1482.00   13.1775
   1735.00   1838.00   12.5970
   1713.00   2192.00    8.6945
   1413.00   1561.00   12.2350
   1227.00   1660.00   15.5730
   1007.00   1615.00   10.3820
    919.00   1964.00   10.9435
    550.00   2222.00   12.5970
   1009.00   2482.00   12.1120
   1400.00   2563.00   12.2350
   1564.00   1599.00   16.5000
   1529.00   1967.00   15.0000
   1223.00   2129.00   17.5000
    918.00   2094.00   16.0000
    206.00   1726.00   15.0000
    536.00   2519.00   19.0000
    876.00    849.00   19.0000
    903.00    617.00   18.5000
