#        y         x         r
     50.00   2537.00   10.4455
    130.00   2491.00   13.1775
    217.00   2344.00   13.9500
    130.00   2041.00   13.8425
    259.00   1821.00   12.5970
    228.00   1754.00   12.5970
    470.00   1098.00   12.5970
    482.00    210.00   12.5970
    532.00   1641.00   13.8425
    811.00   1384.00   13.8425
    774.00   1304.00   13.9500
    852.00   1309.00   13.1775
   1145.00   1158.00   13.8425
   1285.00   2238.00   14.2685
   1467.00   2368.00   11.6075
   1376.00    928.00   12.2350
   1415.00    364.00   12.1120
   1542.00    505.00   11.6075
   1762.00    566.00   12.2350
   1465.00    840.00   12.5000
   1449.00    951.00   10.0895
   1459.00    657.00   10.3820
   1792.00   1373.00   12.5000
   1835.00   1420.00   11.6075
   1910.00   1543.00   12.1120
   1839.00   1922.00   12.5970
     29.00   2023.00   13.5000
