#        y         x         r
    125.00    711.00    8.7850
    145.00   1451.00   10.4180
    195.00   1894.00   10.4455
    405.00   2066.00    9.5125
    138.00    484.00   10.3820
    352.00     16.00    9.2285
    406.00    364.00    9.3000
    592.00   1146.00   10.3175
    573.00   1788.00   10.4455
    769.00   1343.00   10.4455
    858.00   1167.00    8.7850
   1018.00   1288.00    9.3000
    939.00   1134.00    9.3000
   1048.00    921.00    9.3000
   1066.00     25.00   10.9435
   1145.00    582.00   10.3820
   1242.00    946.00   11.6075
   1259.00   1153.00   12.2350
   1346.00   1164.00   10.0895
   1111.00   1809.00   10.9435
   1527.00   2452.00   12.2350
   1869.00   2502.00   12.2350
   1112.00    403.00   10.6350
   1195.00    461.00   12.8970
    567.00    534.00   14.5000
    694.00    463.00    9.5295
   1600.00   2155.00   11.7140
     83.00    852.00   12.5000
    156.00   1757.00   10.8650
   1942.00    254.00    7.7285
      0.00   2523.00    7.0285
