#        y         x         r
    199.00   1008.00   10.3820
    388.00   1106.00   12.7060
    187.00   2093.00   11.5930
    338.00   1883.00   12.7695
    327.00     59.00   11.5930
    513.00    291.00   11.5930
    571.00    499.00   13.4765
    574.00    154.00   17.2585
    735.00    823.00   13.3410
    894.00    745.00   13.8750
   1278.00     92.00   13.3410
   1522.00    207.00   11.4355
   1702.00    424.00   12.0540
   1640.00     39.00   11.5930
   1764.00    125.00   11.5930
    951.00   1676.00   13.4765
   1142.00   2126.00   13.4765
    595.00   2558.00   13.4765
    808.00   2538.00   13.4765
   1588.00   2210.00   13.7435
   1621.00   2399.00   11.1130
   1826.00   2219.00   12.7850
   1593.00   2127.00   13.7435
   1797.00   2517.00   12.0875
   1811.00    899.00   11.1250
    150.00   1354.00   13.7665
   1009.00   2054.00   16.5000
    920.00   1348.00   16.5000
    145.00   1410.00   12.5000
    152.00   1608.00   15.5000
