#        y         x         r
     96.00   2570.00   13.5000
    150.00   1571.00   14.5150
    339.00   2242.00   13.4765
    318.00   1136.00   11.5930
    314.00    165.00   13.8750
    311.00   2418.00   12.7850
    635.00    181.00   13.3410
    621.00    422.00   13.3410
    674.00    889.00   15.3655
    718.00   1822.00   13.4765
    754.00   1808.00   12.0540
    862.00   1162.00   12.0540
    984.00    312.00   11.4355
    912.00   2049.00   13.4765
    970.00   1859.00   13.8750
   1225.00    635.00   13.4765
   1326.00    763.00   13.4765
   1437.00    486.00   11.1130
   1531.00    556.00   14.5150
   1515.00   1845.00   13.8750
   1621.00   1907.00   13.8750
   1789.00   1278.00   16.0000
   1449.00   1469.00   15.7165
   1186.00   1894.00   16.7445
   1780.00   2328.00   14.0000
    962.00   1703.00   14.0000
    820.00   2029.00   15.0000
    523.00    575.00   16.0000
    968.00    694.00   15.5000
    895.00      6.00   18.5000
   1215.00    361.00   16.5000
