#        y         x         r
    219.00    993.00   17.2585
    462.00    192.00   13.4765
    395.00   1392.00   15.3655
    485.00   1769.00   13.5000
    463.00   1053.00   13.3410
    406.00    845.00   15.3655
    437.00    885.00   13.4765
    597.00    449.00   13.4765
    696.00    308.00   15.2470
    683.00   1465.00   15.2470
   1190.00    694.00   15.3655
   1122.00     28.00   15.2470
   1040.00   2196.00   16.2840
   1275.00   2241.00   13.4765
    918.00    681.00   15.7165
   1565.00   1312.00   13.3410
   1686.00   2496.00   14.8855
   1819.00   1082.00   11.4355
   1702.00    614.00   12.0540
   1832.00    141.00   13.7435
   1472.00   1776.00   15.0000
    980.00    987.00   17.5000
   1641.00   1674.00   14.6860
   1378.00   1842.00   15.0000
    860.00   2424.00   16.5000
    100.00   1788.00   11.0000
    527.00    431.00   12.5000
    972.00    276.00   15.5000
    935.00    168.00   19.0000
