#        y         x         r
    207.00    585.00   11.1130
    345.00    991.00   13.3410
    326.00    132.00   11.5930
    505.00   1112.00   12.0000
    524.00    583.00   13.3410
    483.00    459.00   11.5930
    509.00    489.00   13.5000
    378.00   1711.00   13.4765
    853.00     63.00   11.5930
    926.00    120.00   11.5930
    977.00   1023.00   13.8750
   1193.00    597.00   12.0540
   1391.00    239.00   13.8750
    908.00   2533.00   12.7850
   1068.00   1708.00   11.1130
   1242.00   1572.00   11.5930
   1636.00   1386.00   12.0540
   1664.00   1280.00   13.4765
   1657.00   2367.00   13.4765
   1874.00   1973.00   11.1130
   1941.00   2355.00   11.5930
    950.00   1446.00   11.5930
    542.00   2496.00   13.4765
   1126.00   2261.00   13.3410
   1139.00   1208.00   11.5930
    745.00   1752.00   13.8750
    380.00    808.00   13.0000
    943.00   1331.00   12.5000
   1597.00   1639.00    9.5770
   1009.00   1628.00   13.5000
   1522.00   1350.00    9.5770
    208.00   2575.00   15.0000
