#        y         x         r
    138.00   1271.00   13.4765
    376.00    246.00   11.1130
     11.00   2484.00   12.7695
    294.00   2070.00   13.4765
    440.00   2239.00   13.8750
    692.00   1386.00   12.2035
    828.00    781.00   11.5930
    858.00    375.00   11.4355
   1008.00    200.00   11.4355
   1010.00    753.00   13.8750
   1111.00   1387.00   12.0540
   1019.00   1923.00   13.4765
   1011.00   2336.00   13.4765
   1328.00   1885.00   13.7435
   1553.00    625.00   13.3410
   1921.00    732.00   11.4355
   1712.00   1855.00   10.6915
   1912.00   1815.00   11.5930
   1419.00   1041.00   10.8560
   1682.00    777.00   13.0000
   1919.00    334.00   13.0000
     81.00    640.00   11.0000
   1713.00   1888.00   10.0000
