#        y         x         r
    181.00    332.00   13.8750
    120.00    654.00   13.8750
    139.00   1270.00   13.4765
    231.00   1178.00   13.3410
    344.00   1086.00   13.3410
    165.00   2222.00   11.5930
    764.00   1618.00   13.5000
    757.00   2517.00   13.8750
    916.00   2339.00   13.4765
    851.00   2099.00   11.5055
    928.00   2171.00   11.4355
    934.00   1532.00    9.2500
   1100.00    737.00    8.8940
   1145.00    689.00   11.5055
   1370.00     83.00   11.5930
   1853.00    579.00   11.4355
   1545.00   1346.00   11.1130
   1743.00    884.00   15.2470
   1839.00   1721.00   12.0540
   1377.00    802.00   13.5000
   1198.00   1410.00   15.0000
   1410.00   1454.00   11.0000
   1254.00   2054.00   17.5000
   1591.00   2048.00   11.5000
    750.00   2303.00   14.0000
    930.00   2486.00   12.5000
    156.00   1734.00   17.0000
    233.00   2285.00   19.9750
    849.00    247.00   15.8855
