#        y         x         r
    113.00    216.00   13.3410
    446.00    619.00   11.4355
    423.00   1340.00   11.4355
    496.00   2102.00   12.0540
    774.00    517.00   11.4355
    813.00   1204.00   11.5930
    896.00   1398.00   21.3085
    955.00   1478.00    8.9845
   1136.00   1939.00   10.5700
   1248.00    402.00    9.8820
   1173.00    189.00   11.9625
   1157.00    130.00   10.8165
   1312.00     97.00    8.9040
   1633.00    826.00    9.2705
   1703.00    870.00   11.9625
   1837.00    933.00   12.0000
   1667.00    962.00   11.4355
   1710.00   1404.00    8.8940
   1591.00   1645.00    9.2500
   1845.00   1648.00   10.5700
   1886.00   2087.00   10.0280
   1846.00   2273.00   11.9625
   1304.00    806.00   17.7755
   1454.00    935.00   13.1355
   1360.00   1107.00   15.6115
   1699.00   1701.00   16.6480
   1672.00   2322.00   14.8685
   1630.00   2098.00   15.7150
    914.00   1556.00   11.4230
    858.00    377.00   11.3645
