#        y         x         r
    195.00   1648.00   10.4775
    398.00   1816.00   10.2440
    248.00   1994.00    8.9845
    278.00   2089.00    9.7180
    553.00   2221.00   13.5000
    350.00   1231.00   11.5930
    835.00    113.00   11.5930
    973.00    655.00   11.5930
    919.00   1692.00   10.2635
   1014.00   1441.00   12.0540
   1108.00    105.00    9.5295
   1189.00    206.00   10.2635
   1138.00     45.00   12.0540
   1111.00    788.00   10.8560
   1534.00    883.00   12.0540
   1577.00    559.00   11.0000
   1922.00    458.00    9.5295
   1912.00    302.00    9.5295
   1696.00   1635.00   12.0540
   1602.00   2369.00    8.9845
   1732.00   1688.00   11.4355
   1651.00    697.00   11.5055
