#        y         x         r
    131.00    603.00   13.8750
    187.00    877.00   13.4765
    209.00    922.00   13.5000
    158.00   1477.00   13.4765
    499.00    404.00   12.7850
    465.00    756.00   13.8750
    497.00    888.00   13.8750
    578.00   1152.00   13.4765
    617.00    811.00   11.5930
    527.00   2144.00   12.0000
    679.00   1923.00   13.4765
    859.00   1923.00   13.4765
    427.00   1708.00   11.5930
    919.00   1107.00   12.0540
   1052.00   1038.00   15.3655
    929.00   1319.00   12.7850
   1314.00   2287.00   13.3410
   1483.00   1827.00   11.5930
   1360.00     59.00    8.9845
   1391.00     69.00    9.2500
   1602.00    193.00   10.7815
   1932.00    288.00    8.9845
   1743.00   1149.00   10.8560
    971.00   1347.00   15.4575
   1340.00   1917.00   15.2470
