#        y         x         r
     61.00    167.00   12.5140
    177.00     77.00   11.4355
    721.00     38.00   11.4355
    857.00    350.00   11.5930
    834.00    611.00    9.5295
    756.00    824.00   12.0540
   1588.00    616.00   11.5930
   1745.00    806.00   11.5930
    596.00    994.00    7.6235
    614.00    978.00    7.5000
   1038.00   1354.00   12.4380
    380.00   1288.00   26.2380
    444.00   1775.00   12.4380
     55.00   2050.00   11.7995
   1335.00   1814.00   11.8725
    477.00   2467.00   14.3170
    390.00   2372.00   10.5905
    794.00   2188.00   10.8115
   1031.00   1712.00   11.9625
    802.00   2472.00   11.9625
   1125.00   2408.00   11.9625
   1601.00   2346.00   12.4380
   1428.00   1691.00   13.4765
