#        y         x         r
     18.00   1026.00    9.5295
     66.00   2254.00   13.4765
    402.00   2215.00   13.7435
    409.00   2541.00   12.0540
    321.00   1259.00   12.0540
    434.00    250.00   12.0540
    492.00    104.00   11.5930
    615.00    237.00   11.4355
    954.00    431.00   11.5930
   1023.00    507.00   11.5930
   1208.00    485.00   11.5930
   1324.00    930.00   11.5930
   1525.00    809.00   13.4765
    588.00   1785.00    8.9845
   1046.00   1548.00    9.6765
   1228.00   1343.00   11.4355
   1119.00   2315.00   12.9575
   1182.00   2185.00   13.4765
   1376.00   2563.00   13.7435
   1563.00   1769.00   11.5930
   1637.00   1126.00   13.4765
   1623.00    643.00   11.5055
    949.00   1639.00   13.7435
