#        y         x         r
     10.00   1280.00    9.1800
    144.00   1858.00   13.7435
    214.00   1948.00   13.4765
    246.00   2258.00   15.3655
    217.00   1728.00   12.7850
    260.00   1649.00   12.0540
    283.00    710.00   11.5930
    306.00     66.00   12.0540
    519.00   1000.00   11.4355
    725.00    170.00   11.5930
    810.00    637.00   11.4355
    839.00   2294.00    9.7180
    407.00   2057.00   11.1130
   1274.00    939.00   10.2635
   1369.00   1183.00   11.5930
   1297.00   1587.00   11.1130
   1724.00    980.00   11.5930
