#        y         x         r
    131.00    970.00   12.0540
     30.00   2099.00   10.7815
    402.00    949.00   11.5930
    409.00   1091.00   12.0540
    421.00   1456.00   12.0540
    485.00   1911.00   12.0540
    501.00   2148.00   11.5930
    470.00   2246.00   11.5930
    824.00   1565.00   11.5930
    934.00    730.00    9.7180
   1286.00   1031.00   11.5930
   1354.00   1252.00   11.5930
   1475.00   1744.00   12.7850
   1746.00    932.00   12.0540
   1896.00   1305.00   11.1130
   1935.00   1108.00   11.4355
   1530.00    679.00   23.5745
   1637.00    524.00   23.1860
