#        y         x         r
     64.00   1171.00   10.8560
    184.00   1263.00   13.3410
    238.00   1602.00   13.8750
    295.00   1915.00   11.5930
    226.00   1018.00   11.5930
    336.00    816.00   11.4355
    321.00    907.00   12.0540
    439.00   1110.00   12.7850
    627.00   1602.00   13.4765
    446.00   2274.00   11.1130
    630.00   2391.00   11.5930
    683.00   1925.00   13.4765
   1087.00   2383.00   12.7850
   1011.00   1921.00   13.3410
   1006.00   1835.00   12.0540
   1016.00    963.00   13.8750
   1106.00    927.00   12.0540
   1178.00    832.00   12.7850
   1373.00    668.00   11.4355
   1513.00    665.00   12.0540
   1494.00   1289.00   12.7850
   1575.00   1556.00   12.2035
   1583.00   1774.00   13.4765
   1727.00   2354.00   11.1130
   1778.00   1258.00   10.7815
   1762.00    817.00   12.0540
    264.00    779.00   14.4870
