#        y         x         r
     30.00    775.00    7.0285
    307.00    357.00   14.0340
    417.00    233.00   11.5930
    385.00   1992.00   11.4355
    492.00   2513.00   12.2035
    595.00    518.00   11.5930
    588.00   1533.00   12.0540
    817.00   1286.00   13.3410
    759.00    156.00   11.4355
   1240.00    219.00   12.2035
   1240.00    608.00   12.0540
   1594.00   1283.00   13.4765
   1384.00   1796.00   12.7850
   1666.00   2311.00   11.4355
    930.00    641.00   12.7850
   1750.00    725.00   13.8750
   1858.00    622.00   11.5930
   1813.00    817.00   10.6540
