#        y         x         r
     15.00   1522.00   10.6185
    230.00   1301.00   13.7435
     37.00    544.00    9.9400
    193.00    579.00    8.8905
    304.00    398.00   10.2440
    427.00   2189.00   11.4355
    573.00   1579.00   12.7850
    584.00   1366.00   12.0540
    832.00    740.00   13.5000
    851.00    203.00   13.3410
   1062.00    625.00   13.4765
   1160.00    455.00   11.5930
   1376.00    634.00   12.0540
   1182.00    931.00   12.2035
   1003.00   1259.00   12.0540
    920.00   2078.00   13.4765
    770.00   2170.00   13.4765
   1224.00   1899.00   13.4765
   1522.00   1904.00   11.5930
   1899.00   1925.00   11.5930
   1617.00   1099.00   11.5930
   1908.00    391.00   11.5930
