#        y         x         r
     53.00    952.00    8.7855
    371.00    169.00   13.4765
    489.00    371.00   11.1130
    714.00    607.00   12.7850
    744.00    665.00   11.4355
    775.00   1018.00   13.8750
    496.00   1370.00   13.8750
    256.00   1435.00   12.0540
    320.00   2039.00   11.5930
    515.00   2289.00   12.0540
    733.00   1774.00   13.8750
    828.00   2441.00   12.2035
   1105.00   2154.00   11.5930
   1217.00   1861.00   12.7850
   1216.00   2354.00   15.3655
   1144.00    920.00   13.8750
   1436.00    292.00   10.2440
   1477.00   1290.00    9.7180
   1831.00   1854.00   13.4765
   1755.00   2559.00   11.5055
   1799.00   1495.00   12.5925
   1581.00    941.00   12.4380
   1554.00   1046.00   12.4380
   1522.00   1330.00   12.4380
   1762.00    622.00   11.8725
   1912.00    509.00   11.7995
   1910.00    392.00   10.4885
    939.00   1974.00   11.7995
