#        y         x         r
    182.00     51.00   13.4765
    210.00    969.00   14.5150
    462.00    416.00   11.5930
    724.00    233.00   12.7850
    772.00    233.00   13.8750
    905.00   1458.00   13.4765
   1168.00   2223.00   13.4765
   1446.00   2338.00   13.4765
   1568.00   1861.00   13.4765
   1505.00    332.00   11.7140
   1508.00     77.00   12.7850
   1648.00    237.00   13.3410
   1721.00    191.00   12.0540
   1943.00     49.00   11.5055
   1507.00    790.00   14.5150
    951.00    989.00   15.7165
   1545.00   1056.00   13.8750
    512.00   1968.00   13.8750
   1518.00    191.00   18.5000
