#        y         x         r
     86.00     30.00   13.4765
     48.00   1724.00    9.5770
    223.00   2197.00   15.3655
     11.00    685.00   11.9820
     95.00   1200.00   14.3170
    264.00   1208.00   13.7665
    327.00   1282.00   11.9625
    433.00   1554.00   14.1815
    574.00   1405.00   13.9060
    728.00   1523.00   13.9060
    826.00   2053.00   13.1925
    909.00   2384.00   12.4380
    889.00   1467.00   13.7665
    830.00    948.00   14.9775
    971.00   1425.00   11.9625
   1122.00   1436.00   12.4380
   1181.00   2332.00   15.3600
   1000.00     91.00   11.9625
   1286.00     37.00   12.2035
   1320.00    344.00   12.0540
   1479.00    491.00   11.4355
   1381.00    993.00   12.7850
   1296.00   2436.00   13.4765
   1503.00   1550.00   13.7435
   1583.00   1937.00   13.4765
   1765.00   1964.00   13.4765
   1903.00    977.00   14.5150
   1246.00    114.00   17.5000
   1859.00     10.00   16.5000
    118.00   1028.00   17.5000
    384.00   1250.00   16.5000
     87.00   1456.00   15.0000
   1379.00   1699.00   18.5000
   1659.00   1724.00   20.0000
   1689.00   1362.00   23.5000
