#        y         x         r
    104.00   2561.00   13.7435
    161.00   1185.00   12.0540
    237.00    862.00   11.4355
    275.00    527.00   13.4765
    272.00   1873.00   12.7850
    397.00   2101.00   13.3410
    454.00   2544.00   12.7850
    672.00   2428.00   12.7850
    530.00   1853.00   13.8750
    599.00    794.00   11.1130
    790.00    717.00   12.0540
    916.00    450.00   11.5930
    974.00    293.00   11.5930
   1035.00    186.00   12.0000
   1304.00    516.00   12.2035
    977.00   1266.00   11.1130
   1125.00   1270.00   12.2035
   1212.00   1979.00   13.8750
   1343.00   2096.00   11.1130
   1492.00    626.00   11.4355
   1628.00    763.00   10.2635
   1696.00    729.00   11.0000
   1536.00   1400.00   11.4355
   1785.00   2067.00   11.4355
   1883.00   1640.00   11.1130
   1932.00   1521.00   10.2635
   1865.00   2528.00   12.0540
   1003.00   1730.00   11.0000
   1277.00   1589.00   18.0000
