#        y         x         r
    181.00   2048.00   11.5930
    473.00   2093.00   11.1130
    565.00   2166.00   11.4355
    358.00    831.00   11.5930
    310.00    427.00   11.5930
    451.00    111.00   11.4355
    607.00    390.00   10.2635
    824.00    374.00   11.4355
    993.00    491.00   11.4355
   1073.00     34.00   11.4355
   1191.00    171.00   11.1130
   1251.00    591.00   11.5930
    971.00   2308.00   11.5930
   1304.00   1441.00   12.2035
   1524.00   1715.00   10.2635
   1407.00   2242.00   11.1130
   1648.00   2119.00   11.5930
   1551.00   1186.00   11.1130
   1784.00    775.00    9.7180
   1466.00    427.00   12.0540
   1788.00    123.00   12.0540
   1724.00      3.00   11.5930
    709.00   1362.00    9.7180
    768.00    623.00   16.0000
   1524.00   1358.00   14.5000
    100.00    845.00   17.0000
