#        y         x         r
     86.00    900.00   11.4355
    233.00    280.00   11.1130
    481.00    278.00   11.5930
    526.00    111.00   12.0540
    183.00   1476.00   11.1130
    241.00   1612.00   11.5930
    246.00   1718.00   11.0000
    427.00   2402.00   13.4765
    778.00   2105.00   11.5930
    934.00   2429.00   11.4355
   1068.00   1994.00   11.1130
   1285.00   1193.00   13.4765
   1377.00    111.00   12.0000
   1458.00    187.00   12.2035
   1543.00    492.00   11.4355
   1363.00   1680.00   10.7815
   1476.00   1720.00   10.2635
   1716.00   2493.00   11.5930
    671.00   1099.00   12.7850
   1338.00   1936.00   12.7695
