#        y         x         r
      8.00    881.00   11.0605
    218.00    424.00   13.4765
    485.00    275.00   11.5930
    500.00    759.00   12.0000
    435.00   1148.00   13.4765
    450.00   1655.00   12.0540
    610.00   1320.00   11.4355
    725.00    796.00   11.5930
    778.00    644.00   12.0000
    703.00   1498.00   12.0000
    694.00   1918.00   12.2035
   1072.00    220.00   12.0540
   1244.00    221.00   12.0540
   1068.00    874.00   12.2035
   1112.00   2578.00   10.4775
   1163.00   1959.00   13.7435
   1339.00   2521.00   11.4355
   1246.00   1246.00   11.4355
   1356.00    716.00   12.0540
   1725.00   1466.00   11.4355
   1725.00   1699.00   11.4355
   1738.00   2189.00   13.8750
   1894.00   1372.00   11.4355
   1925.00    439.00    7.6830
   1456.00   1385.00   15.5000
   1306.00    833.00   13.5000
   1512.00    293.00   15.5000
   1848.00    170.00   17.5000
   1601.00    706.00   16.5000
   1618.00    469.00   21.5000
    602.00   1608.00   15.0000
    388.00   1805.00   18.5000
    324.00   2491.00   17.0000
    355.00   2548.00   12.5000
   1425.00   2530.00   18.5000
   1772.00   2582.00   16.0000
   1070.00   2316.00   22.5000
   1126.00   1635.00   18.0000
   1092.00   1082.00   19.0000
   1701.00   1597.00   17.6845
   1423.00   1144.00   14.6860
