#        y         x         r
     86.00     24.00   11.6075
     24.00    996.00   12.4580
     58.00   1394.00   12.2350
    221.00   1238.00   12.1120
    339.00   1831.00   12.5970
    133.00    158.00   10.5250
    473.00    751.00   11.6075
    464.00   2021.00   12.5000
    386.00   2256.00   12.5970
    467.00   2508.00   11.0000
    662.00   2029.00   10.9435
    695.00   1295.00   12.0000
    546.00    253.00   10.9435
    508.00    132.00   10.0895
    812.00   1232.00   12.2350
   1051.00    291.00   10.0895
   1233.00   2131.00   10.5250
   1214.00    287.00   10.0895
   1387.00    218.00   12.1120
   1305.00    840.00   10.5250
   1244.00   1618.00   12.2350
   1394.00   1501.00   12.1120
   1541.00   1681.00   10.9435
   1502.00    821.00   12.2350
   1611.00    262.00   10.5250
   1588.00    179.00    8.8230
   1821.00    824.00   10.3820
   1854.00    845.00   11.0000
   1812.00   2563.00   10.3820
   1292.00    611.00   21.0000
   1387.00    415.00   15.5000
   1373.00     27.00   15.5000
    922.00    775.00   19.0000
    328.00    623.00   16.5000
    567.00   1165.00   17.5000
   1005.00   1612.00   19.5000
   1140.00   2208.00   17.5000
   1635.00   1086.00   18.5000
   1682.00    966.00   18.5000
