#        y         x         r
      5.00    254.00    8.7855
     38.00    385.00    9.0405
     76.00    912.00   11.4750
     99.00   1018.00    7.6235
    114.00   1005.00    8.5235
     37.00   1201.00   11.0000
     27.00   1419.00    8.6290
     74.00   1621.00   11.4355
    267.00   1698.00   13.3410
    250.00   2332.00   13.8750
    333.00   2365.00   12.0000
    681.00   2413.00   13.3410
    441.00   1576.00   12.0540
    312.00    361.00   10.5700
    326.00    336.00   10.4885
    545.00    704.00   11.9625
    531.00    588.00   12.4380
    602.00    870.00   12.4380
    605.00    280.00   11.2115
    598.00    326.00   11.0000
    716.00    360.00   11.9625
    887.00     27.00   10.8610
    815.00    191.00   11.9625
    917.00    299.00   12.4380
    925.00    397.00   13.9060
    749.00   1565.00   12.2035
    794.00   2129.00   12.0540
    892.00   2021.00   11.4355
    985.00   1933.00   11.5930
   1010.00   1657.00   12.0540
    989.00   1291.00   12.2035
   1055.00   1445.00    9.7180
   1218.00   1359.00   11.4355
   1248.00   1641.00   11.5930
   1266.00   1945.00   13.3410
   1421.00   1887.00   11.5930
   1217.00    417.00   10.2635
   1457.00    549.00   11.4355
   1581.00    194.00    7.8580
   1802.00     15.00    6.7385
   1599.00    296.00    9.2500
   1742.00    574.00    7.6235
   1655.00    869.00   10.2440
   1778.00    894.00    9.6765
   1656.00   1093.00    8.5235
   1744.00   1338.00    8.8940
   1729.00   1909.00    8.0360
   1870.00   2359.00    8.0360
   1037.00   2505.00    8.9845
   1049.00   1873.00   13.0000
    366.00   1072.00   21.5000
    380.00   1369.00   13.5000
   1695.00   1163.00   10.0000
   1853.00   1072.00   14.0000
   1865.00   1439.00   14.0000
   1811.00   1834.00   13.5000
   1576.00    550.00   15.0000
   1483.00    432.00   12.0000
