#        y         x         r
     36.00    798.00   10.5255
    283.00    269.00   11.4355
    259.00     84.00   11.4355
    198.00   1622.00   13.4765
    123.00   1906.00   12.0540
     97.00   2370.00   13.4765
    429.00   2571.00   13.0815
    567.00   2519.00   11.4355
    503.00   2211.00   10.4775
    482.00   2138.00   10.8560
    531.00    115.00    9.5770
    576.00   1125.00   10.2635
    603.00   1284.00   11.0000
    666.00   1547.00   10.0000
    717.00   1552.00   10.8560
    687.00   1648.00   10.4775
    748.00   1759.00   10.1645
    825.00   1696.00    8.8940
    856.00   1783.00   10.1645
    896.00   1616.00   13.2655
    813.00    976.00    9.1625
    995.00   1112.00   10.2440
   1020.00   1244.00    9.2500
   1065.00   1247.00   10.2440
   1247.00   1358.00    8.0360
   1306.00   1298.00    8.8940
   1348.00    177.00    9.6765
   1648.00     54.00    8.9845
   1930.00     57.00   10.1645
   1689.00   1138.00   10.2440
   1292.00   1820.00    9.6765
   1384.00   1847.00   11.5055
   1417.00   1897.00    9.1625
   1417.00   2285.00   10.2440
    906.00   2440.00   10.5000
    929.00   2138.00   10.0000
    991.00    492.00   14.5000
    160.00   2353.00   13.5000
    220.00   1755.00   15.0000
    123.00    773.00   13.5000
   1273.00   1693.00   14.0000
   1481.00   2187.00   15.0000
