#        y         x         r
     50.00    286.00    9.4545
    138.00    710.00   12.4380
     49.00   1001.00    9.2075
     43.00   1124.00    9.9505
    165.00   1327.00    9.5700
    303.00    992.00    9.4725
    386.00    934.00   11.0130
    512.00   1347.00   10.2440
    314.00   1862.00   10.9300
    460.00   1879.00    8.8940
    458.00   2449.00    9.2705
    806.00   1669.00   10.5700
    968.00   2104.00    9.4545
   1120.00   2324.00    9.5000
    550.00    608.00    9.5450
    889.00    813.00    8.7950
    947.00     63.00    8.7950
   1132.00    668.00    9.5450
   1173.00    346.00    9.2705
   1323.00    325.00    8.2920
   1561.00    106.00    7.8665
   1565.00    126.00    7.9750
   1307.00    974.00    9.9850
   1407.00    966.00   10.8115
   1513.00   1977.00   10.4885
   1682.00   1609.00    8.7950
   1677.00   2114.00    7.6450
   1872.00   1905.00    8.2920
   1867.00   2044.00    9.2705
   1934.00    459.00    9.2705
    962.00    391.00   15.5000
   1003.00    395.00   12.5000
   1196.00    523.00   15.0000
   1344.00    453.00   15.5000
   1497.00    463.00   12.5000
   1817.00   1265.00   14.0000
   1454.00   1011.00   12.0000
