#        y         x         r
     51.00    589.00   12.2350
     49.00    911.00    7.8915
    154.00   1287.00   13.9500
    120.00   1824.00   15.6685
    432.00    884.00   10.3820
    461.00    310.00   11.5930
    704.00    966.00   10.9435
    729.00   1143.00   14.2685
    873.00    584.00   13.8425
    848.00    838.00   10.0895
   1098.00     84.00   13.1775
    929.00   1330.00   10.0895
   1044.00   1335.00   10.9435
   1137.00    610.00   10.5250
   1145.00    662.00   11.0795
    259.00    370.00   12.1120
    205.00   1624.00   12.1120
    247.00   2244.00   12.5970
    925.00    383.00   11.7640
   1411.00    978.00    9.3000
   1686.00     87.00    9.5125
   1858.00    235.00    9.5125
   1723.00   1334.00   10.6350
   1928.00   1663.00    9.3000
   1840.00   1901.00    9.3000
   1619.00   1977.00    9.0095
    873.00   1207.00   13.9500
    869.00   1761.00   11.6075
    993.00   1924.00   12.2350
    815.00   2288.00   12.2350
    848.00   2441.00   10.5250
   1097.00   2462.00    8.7850
   1310.00   2134.00    9.5000
   1362.00   2107.00    8.7850
   1453.00   2362.00   11.7640
   1735.00   2302.00   10.3175
   1014.00    852.00   10.5000
   1599.00   1547.00   16.0000
