#        y         x         r
    175.00     40.00   12.2350
    281.00    151.00   12.2350
    149.00    315.00   11.6075
     11.00    479.00    7.1340
    388.00    567.00   10.6350
     14.00    985.00   10.4455
    321.00    963.00   10.3820
     58.00   1447.00    9.5125
    116.00   1261.00   11.5930
    403.00   1486.00    8.7850
    616.00   1355.00    9.3000
    754.00   1337.00   10.4455
    798.00   1096.00   11.5930
    671.00   1679.00   10.3175
   1153.00    940.00   10.9435
   1396.00    341.00   10.3820
   1768.00    476.00    9.5815
   1923.00    114.00    7.5165
   1847.00   1477.00    9.8000
   1632.00   1695.00    8.4035
   1625.00   2274.00    8.6520
   1222.00   2134.00    9.0510
    656.00   1871.00   10.1540
    471.00   2081.00    9.5815
    190.00   2285.00    8.6520
    124.00   2496.00    9.8000
   1490.00     38.00   11.5930
    964.00     75.00   12.0000
    739.00    586.00   14.0000
   1377.00   2235.00   16.5000
   1383.00   2135.00   19.5000
   1817.00   2370.00   16.5000
   1784.00   2260.00   16.0000
   1792.00   1595.00   13.0000
   1875.00   1416.00   17.0000
   1853.00    862.00   15.0000
   1655.00    432.00   14.5000
      4.00    675.00   14.0000
    249.00    922.00   10.5000
    191.00   1929.00   17.0000
    949.00   2170.00   14.5000
   1074.00   1761.00   15.5000
