#        y         x         r
     66.00    322.00    9.7180
    295.00    113.00   12.0000
    171.00    792.00   12.0000
    364.00   1505.00   10.4775
    248.00   1991.00   10.2440
    220.00   2192.00   10.1645
    360.00   2097.00   11.4355
    523.00   2263.00    9.6765
    573.00   2103.00   10.1645
    691.00    982.00   10.9300
    769.00    791.00    9.2500
    730.00    653.00    9.3285
    816.00    440.00   10.8115
    892.00    269.00    9.1775
    949.00    229.00    9.5450
   1039.00    243.00    9.5450
   1068.00    568.00    9.4545
    768.00   1315.00    8.7950
    838.00   1564.00   10.5700
    863.00   1352.00   10.0000
   1140.00   1616.00   11.7995
   1218.00   1109.00   10.5700
   1461.00    865.00    9.5450
   1262.00    633.00   11.2020
   1785.00    871.00    9.2705
   1661.00    410.00    8.7950
   1686.00    326.00    9.5450
   1931.00    596.00   10.2400
   1912.00   1494.00   10.8115
   1786.00   1553.00   10.4885
   1284.00   1486.00    9.5000
   1346.00   1924.00   11.8725
   1295.00   2150.00   10.5700
   1003.00   2198.00   10.8115
   1043.00   2160.00    9.2705
   1103.00   2185.00   10.4885
   1141.00   2281.00   10.5700
   1189.00   2397.00   10.5700
   1194.00   2446.00   11.5000
   1160.00   2516.00    9.5450
   1186.00    899.00   16.5000
   1448.00   1059.00   12.0000
   1323.00   1765.00   12.0000
    737.00   1439.00   17.0000
    621.00   1641.00   15.5000
    546.00   1317.00   14.0000
    528.00   1448.00   18.5000
    251.00   1011.00   14.5000
    378.00   2337.00   12.5000
