#        y         x         r
    166.00    816.00    7.6450
    506.00    421.00    9.5450
    447.00    998.00    8.7950
    894.00    400.00    9.5450
   1151.00     66.00    9.5450
   1758.00     22.00    9.1775
   1730.00    478.00    9.1775
   1455.00    609.00    7.8665
   1016.00    663.00    9.5450
   1284.00   1078.00    9.9850
    772.00   1220.00   10.3845
   1590.00   1412.00    9.2705
   1805.00   1596.00    9.1775
   1565.00   1455.00    9.1775
    215.00   1656.00    9.1775
    231.00   2095.00    9.9850
    524.00   2119.00    9.5000
    955.00   1714.00    9.5450
   1201.00   1955.00    9.1775
   1482.00   2223.00    9.4545
   1627.00   2216.00    9.2705
   1887.00   2033.00    9.2705
    691.00   2445.00   10.5700
   1764.00   2469.00    9.2705
   1829.00   2564.00    9.9850
    334.00     29.00   16.0000
    220.00     44.00   12.5000
    474.00    538.00   15.0000
    575.00    791.00   13.6590
    501.00    829.00   12.5045
    532.00    723.00   19.5000
    426.00   1468.00   16.7445
    469.00   1545.00   17.4080
    507.00   1659.00   12.6335
    912.00   1770.00   16.9050
    764.00   1188.00   12.5480
    808.00   1119.00   18.0000
   1333.00    897.00   21.0000
   1701.00   1001.00   19.5000
   1554.00   1539.00   15.1200
   1541.00   2017.00   13.6590
   1666.00   2131.00   15.8855
   1873.00   2297.00   13.5400
   1005.00    233.00   13.8550
