#        y         x         r
    237.00    129.00   11.5930
    320.00    844.00   13.3410
    198.00    862.00   12.7850
     56.00    868.00    8.7855
     32.00   1099.00    7.6615
     29.00   1352.00    8.5235
    250.00   1576.00   10.1710
    536.00    312.00    9.5450
    866.00    409.00    9.5450
    815.00    788.00    8.3950
   1113.00    760.00    9.2705
   1086.00   1117.00   10.5000
    671.00   1139.00    9.1775
    526.00   1998.00   10.5700
   1113.00   1605.00    9.9850
   1634.00   1114.00    9.1775
   1832.00    942.00   11.2020
   1656.00     67.00   10.5700
   1930.00    196.00    9.2705
   1812.00   1236.00    9.1775
   1833.00   2010.00   10.5700
   1430.00   1733.00   10.5700
   1703.00   2296.00   10.5700
   1254.00   2035.00    9.2705
   1374.00   2212.00    9.4545
   1370.00   2461.00   11.2785
    822.00   2462.00   10.4885
    622.00   2448.00   10.5700
   1172.00   2469.00   10.2400
    592.00   1178.00   12.6335
    498.00   1109.00   11.6105
    241.00   2349.00   15.8855
    426.00   1948.00   13.5400
     62.00   1441.00   14.6860
     98.00    885.00    9.0000
    135.00    783.00   17.5000
    214.00    285.00   13.0000
    617.00    127.00   14.5000
   1597.00    596.00   13.0000
   1776.00    596.00   16.0000
   1279.00   1531.00   16.0000
   1601.00   1969.00   16.5000
    363.00   1400.00   14.0000
    731.00   2563.00   16.0000
