#        y         x         r
     28.00   2146.00   12.2035
    242.00    840.00   10.5905
    360.00    718.00   10.0280
    433.00    401.00    9.8820
    500.00    883.00   11.2115
    492.00   1095.00   10.5700
    442.00   1377.00    9.2705
    678.00    515.00   10.5700
    779.00    880.00    9.2705
    386.00   1730.00    9.5450
    432.00   1702.00    9.9850
    309.00   2128.00   12.3685
    324.00   2359.00    9.1775
    514.00   2122.00   10.4775
    611.00   2342.00    8.8940
    660.00   2287.00    8.9845
    792.00   1917.00   10.4775
    700.00   1764.00   10.1645
    826.00   1585.00   11.4355
    970.00   1552.00   11.7140
   1188.00   1589.00    9.6765
   1158.00    659.00    8.8940
   1223.00    674.00    9.2500
   1333.00    790.00   10.2440
   1415.00    779.00   10.4775
   1567.00    107.00    8.9845
   1622.00   1073.00   10.2440
   1894.00   1157.00    9.2500
   1392.00   2120.00   10.2440
   1576.00   2205.00    9.2500
   1912.00   2000.00    8.9845
   1776.00   2494.00    9.6765
   1941.00   2131.00   10.2440
   1124.00   1778.00   17.5000
   1400.00   1811.00   15.0000
   1153.00   1514.00   17.5000
   1022.00    368.00   13.5000
    889.00    326.00   20.0000
    791.00    351.00   20.0000
    787.00    694.00   16.5000
    166.00    162.00   13.0000
   1917.00   2204.00   15.5000
      6.00   1865.00   15.5000
    451.00   2274.00   16.5000
    179.00   2231.00   15.0000
