#        y         x         r
    104.00    192.00   11.4355
     50.00    784.00    8.6920
    317.00    687.00    9.6765
    404.00    568.00   10.8560
    829.00     71.00    9.1625
    967.00    297.00    8.8940
    939.00    762.00    9.2500
    398.00    996.00   11.3645
   1113.00   1183.00    8.9845
   1277.00    835.00   10.4775
   1721.00    364.00    8.9845
   1810.00    272.00   10.1645
   1709.00    675.00   11.5055
   1887.00    717.00   12.0000
   1918.00   1149.00   11.4355
   1881.00   1229.00    9.2500
   1894.00   1668.00   11.3645
   1936.00   1721.00   10.4775
   1393.00   2190.00   10.9300
   1123.00   1869.00   12.0540
     79.00   2130.00   11.5055
    232.00   2177.00   11.7140
    122.00   1795.00   12.5140
    741.00   2069.00    8.8940
   1226.00   2466.00   10.2440
    289.00   2521.00   10.2440
   1436.00   1028.00   10.4775
      8.00   2216.00    8.8000
    593.00    535.00   12.0540
    379.00    870.00   11.5930
    600.00   2442.00   11.5930
    277.00   1240.00   13.4765
    997.00    273.00    8.6440
    555.00   1111.00   13.5000
    636.00   1801.00   15.0000
    241.00   1730.00   13.0000
   1921.00   1406.00   17.6845
    980.00   2272.00   16.5000
      8.00   1917.00   13.5000
