#        y         x         r
    186.00    232.00   10.6580
    340.00     72.00   12.4290
    449.00    417.00   13.4815
    196.00   1299.00   12.9660
     97.00   1561.00   12.0540
    153.00   2406.00   11.5930
    317.00   1637.00   11.4355
    371.00   1647.00   11.5930
    436.00   2243.00   12.0540
    630.00   1866.00   13.4765
    656.00   1366.00   11.4355
    698.00    126.00   12.0540
    815.00   1891.00   13.4765
    931.00   2402.00   13.8750
    958.00   2077.00   10.7815
   1007.00   2086.00   11.5930
   1136.00   2302.00   12.0540
   1707.00   2397.00   13.8750
   1217.00   2010.00   11.4355
   1174.00   1884.00   12.0540
   1258.00   1706.00   11.4355
   1402.00   1854.00   11.5930
   1799.00   2003.00   11.4355
   1695.00   1679.00   11.4355
   1832.00   1702.00   12.0540
   1892.00   1736.00   11.5930
   1937.00    830.00   12.0540
   1922.00    513.00   12.7850
   1942.00    318.00    9.7180
   1783.00    544.00   13.3410
   1723.00    614.00   11.5930
   1639.00     22.00   11.1130
   1379.00   1155.00    7.1875
   1040.00    263.00   11.1130
   1179.00    989.00   11.5930
   1110.00   1167.00    9.7180
   1056.00   1273.00   11.4355
    909.00   1393.00   11.5930
    835.00   1040.00   12.7850
   1779.00   2247.00   11.1130
   1892.00    382.00   14.5000
   1533.00   1034.00   15.5000
   1458.00    989.00   14.5000
   1728.00   1786.00   14.5000
