#        y         x         r
    130.00    944.00   11.5930
    173.00   1116.00   12.0540
    218.00   1435.00   11.4355
    357.00   2166.00   12.7850
    384.00   2518.00   13.8750
    466.00   2119.00   11.5930
    569.00   1865.00   11.5930
    894.00   1886.00   11.5930
    553.00   1281.00   11.5930
    773.00   1269.00   13.4765
    626.00   1108.00   10.2635
    683.00   1138.00    7.2575
    756.00    974.00   12.0540
    692.00    502.00   11.5930
    897.00    829.00   12.7850
    851.00    298.00   11.5930
    964.00     80.00   11.4355
   1122.00     78.00   10.2635
   1301.00    523.00   12.0540
   1580.00     96.00   11.5930
   1579.00    457.00   11.5930
   1622.00    448.00   13.4765
   1569.00    641.00   11.4355
   1877.00    600.00   10.2440
   1887.00    215.00   10.2440
   1572.00   1135.00    9.2500
   1634.00   1218.00    8.5235
   1535.00   1358.00    7.7285
   1742.00   1873.00    8.9845
   1467.00   2046.00    8.9845
   1646.00   2216.00    8.9845
   1868.00   2277.00    8.1355
   1474.00   2439.00    8.8940
   1624.00   2540.00   13.0000
   1601.00   2442.00   11.5000
   1597.00   2017.00   15.5000
   1146.00   2220.00   14.0000
    795.00   2548.00   21.5000
    455.00   1770.00   13.5000
    336.00   1448.00   14.5000
   1435.00    484.00   14.0000
