#        y         x         r
     43.00   1084.00    9.6430
     63.00   1493.00   10.9935
     75.00   2244.00   13.7665
    281.00   1421.00   14.3170
    202.00    102.00   12.4380
    281.00    189.00   11.9625
    398.00    406.00   11.7995
    340.00    716.00   11.7995
    387.00    590.00   10.0280
    520.00    755.00   12.4380
    594.00    642.00   11.7995
    382.00   1289.00   11.7995
    582.00   1133.00   12.4380
    627.00   1872.00   11.9625
    701.00   1774.00   12.4380
    662.00   2175.00   14.3170
    710.00   1998.00   11.9625
    858.00   1963.00   11.9625
    839.00   2494.00   12.4380
    976.00   2364.00   12.4380
   1023.00   1801.00   11.9625
   1277.00   2108.00   11.4355
   1015.00    813.00   11.5930
   1024.00    878.00   11.4355
   1206.00   1190.00   12.7850
   1197.00   1354.00   11.1130
   1239.00   1673.00   11.1130
   1215.00    548.00   11.4355
   1084.00    252.00   11.5930
   1461.00    212.00    9.5295
   1434.00    440.00   10.2635
   1763.00    281.00   11.5930
   1773.00   1042.00   13.3410
   1844.00    979.00   10.2635
   1939.00   1020.00   10.1645
   1942.00   1897.00   10.2440
   1689.00   2150.00    8.9845
   1603.00   2216.00   10.4775
   1730.00   2564.00   11.7140
   1271.00   2154.00   11.0000
   1416.00   2449.00   12.0000
   1821.00   1670.00   15.0000
    752.00   2199.00   12.5000
    355.00    110.00   16.5000
