#        y         x         r
     92.00    483.00   12.0540
    149.00    551.00   10.4775
    205.00    963.00   10.1645
    342.00    618.00   11.5055
    527.00   1033.00    8.9845
    426.00   1447.00   10.4775
    369.00   1661.00   11.5930
    323.00   2311.00   11.5930
    504.00   2349.00    9.5295
    313.00   2441.00    8.8940
    210.00   2488.00    8.9845
    213.00   2559.00    8.8940
    444.00   2570.00   11.5055
    463.00   2517.00   10.4825
    695.00   2073.00   13.3410
    775.00   1464.00   12.7850
    952.00   1266.00   11.5930
   1068.00   1398.00   12.7850
   1119.00   1506.00   10.8560
   1172.00   1428.00    9.7180
   1368.00   2114.00   12.0540
   1437.00   1777.00   13.3410
   1622.00   2018.00   11.5930
   1788.00   1432.00    8.9845
   1715.00   2569.00   10.1645
   1103.00    833.00   11.5930
   1224.00    817.00   12.0540
   1022.00    476.00   12.2035
   1058.00    423.00   11.4355
    989.00    359.00    9.5295
    814.00     75.00   11.4355
    905.00     97.00   12.0540
    970.00     60.00   12.0540
   1555.00   2447.00   12.2035
    644.00     52.00   16.0000
   1770.00   2301.00   17.5000
   1927.00   2534.00   14.0000
    947.00   2116.00   16.0000
