#        y         x         r
      5.00    110.00    8.8500
     43.00    576.00   14.3170
    131.00    632.00    9.5450
    237.00    727.00   10.5700
    259.00   1044.00    9.1775
    142.00   1315.00    9.2705
    321.00   1041.00   10.4885
    391.00   1028.00   11.2020
    274.00    515.00    9.2705
    442.00    567.00   10.5700
    534.00    771.00    9.9850
    411.00    272.00    7.9750
    442.00    218.00   11.1250
    414.00    130.00    9.5450
    460.00     60.00   10.5700
    681.00     97.00    9.9850
    944.00     30.00   12.5925
   1178.00    131.00   11.2020
   1139.00    513.00   11.1130
    654.00    967.00   11.5930
   1234.00     51.00   11.5930
   1801.00    153.00   12.0540
   1697.00    548.00   12.0540
   1839.00    216.00   12.0540
   1864.00   1138.00   12.2035
   1553.00    882.00   13.4765
   1390.00    970.00   11.5930
   1349.00    885.00   13.8750
   1455.00   1389.00   11.5930
   1691.00   1472.00   12.0540
   1745.00   1744.00   10.2635
   1856.00   1753.00    7.7285
    226.00   1946.00   13.8750
    731.00   1608.00   13.8750
    716.00   2233.00   11.4355
    736.00   2055.00   11.5930
    994.00   1739.00   11.5930
   1166.00   2148.00   12.0540
   1591.00   1527.00   12.0540
   1457.00   2410.00   11.5930
    540.00    868.00   11.0000
    204.00   1273.00   14.0000
     15.00    987.00   13.0000
    793.00   1911.00   14.0000
    837.00   2411.00    9.5000
    816.00   2432.00   12.5000
    588.00   2160.00   15.0000
   1524.00   1578.00   15.0000
   1502.00   1302.00   16.0000
    968.00    613.00   12.5000
