#        y         x         r
    266.00   1995.00   13.3410
    181.00   1610.00   13.4765
    281.00   1263.00   13.4765
    541.00   2008.00   13.4765
    729.00   2522.00   12.7850
    207.00   2456.00    9.7180
    326.00   2449.00    8.7855
    583.00    994.00   12.4380
    575.00    901.00   11.9625
    649.00   1527.00   11.9625
    502.00   1896.00   11.7995
    816.00   1752.00   11.8725
    787.00   1840.00   11.7995
    910.00   1842.00   12.4380
   1035.00   1309.00   10.0280
   1035.00   1239.00    9.1775
   1027.00   1013.00   11.8725
   1053.00    979.00   12.0875
    901.00    810.00   10.8115
   1032.00    645.00   11.2020
   1446.00    681.00    8.7950
   1489.00    901.00   10.5700
   1362.00   1164.00    9.9850
   1607.00   1283.00   10.4885
   1616.00   1245.00    8.3950
   1631.00   1386.00    8.2920
   1826.00   1163.00   11.2020
   1831.00   1599.00    9.5450
   1371.00   1684.00   10.4885
   1655.00   2434.00   10.4885
    641.00    997.00   10.8115
    120.00   1539.00   13.5000
    108.00    621.00   15.0000
    253.00     62.00   14.5000
    667.00    509.00   15.5000
    623.00   1813.00   17.0000
   1211.00   1695.00   16.5000
