#        y         x         r
     41.00    147.00    9.9490
    461.00    183.00   13.8750
    247.00    432.00   15.7165
    184.00   1821.00    9.7180
     61.00   2187.00   12.7695
    381.00   1867.00   11.5000
    591.00   1504.00   11.5055
    727.00   1227.00   11.5055
    904.00   1308.00    9.2500
    955.00   1930.00    9.1625
   1229.00   1719.00    8.8940
    977.00    308.00   13.4765
   1141.00     81.00   12.0540
   1205.00    680.00   13.8750
   1366.00    327.00   11.5930
   1466.00    467.00   12.0540
   1443.00    815.00   12.2035
   1507.00   1048.00   12.2035
   1573.00    923.00   11.5930
   1484.00   1279.00   12.0540
   1579.00    515.00    9.6765
   1687.00    616.00    7.6235
   1916.00    495.00    8.9845
   1823.00    845.00    8.9845
   1789.00   1246.00    9.2500
   1709.00   1554.00    9.2500
   1373.00   2071.00   11.4355
   1478.00   2202.00   10.2635
   1587.00   2527.00    9.7180
   1706.00   2330.00    9.2500
   1796.00   2227.00    9.6765
   1824.00   2401.00    9.2500
   1612.00   1225.00   15.5000
   1350.00   1360.00   21.5000
   1242.00   1140.00   18.5000
    935.00    197.00   13.0000
   1711.00   1732.00   16.0000
   1198.00   1934.00   19.7580
    247.00   1965.00   21.0000
