#        y         x         r
     83.00    514.00   11.5930
    108.00    672.00   11.5930
    142.00    893.00   12.0540
     60.00   1959.00    8.1085
    114.00   1931.00    8.9040
    286.00   2024.00    8.9040
    428.00   2416.00    9.5450
    212.00    327.00   11.7995
    303.00     63.00   12.4380
    343.00   1105.00   10.0280
    401.00   1075.00    9.9850
    657.00    197.00   11.9625
    587.00   1537.00    9.2705
    614.00   1774.00   10.5700
    788.00   1478.00    9.5450
    624.00   1260.00    9.2705
    701.00   1282.00   10.4885
    777.00   1261.00    9.5450
    824.00    792.00   10.5700
    925.00    634.00    9.9850
   1080.00    291.00   10.2400
   1296.00   1318.00    8.7950
   1570.00   1096.00    9.5450
   1616.00    159.00    7.9750
   1594.00     70.00    7.6450
   1880.00     64.00    7.8665
   1232.00   2258.00   11.9625
   1263.00   2132.00   11.7995
   1613.00   2337.00   13.1925
   1676.00   1967.00   11.9625
   1806.00   1503.00   12.5925
   1704.00   2128.00   13.7665
   1558.00   1018.00   12.4380
   1843.00   1024.00    8.7950
   1365.00   1711.00   14.0000
   1171.00   2071.00   14.5755
