#        y         x         r
      7.00    357.00    6.5000
    120.00   1099.00   11.5930
     38.00   1806.00   13.4765
    271.00   2230.00   12.0540
    267.00   1513.00   11.4355
    492.00   1177.00   12.0540
    359.00    603.00   13.3410
    599.00     65.00    9.5295
    728.00    527.00   12.0540
    858.00    903.00   13.3410
    607.00   1687.00   13.4765
    702.00   1620.00   13.4765
    983.00    438.00   11.5930
   1181.00    616.00    9.5295
   1281.00    271.00   11.5930
   1343.00    477.00   12.0540
   1361.00    541.00   13.4765
   1415.00    584.00   12.7850
   1369.00    805.00   12.0540
   1617.00    107.00   12.0540
   1613.00    424.00   13.7435
   1754.00    866.00   12.2035
   1544.00   1083.00   12.2035
   1556.00   1583.00   13.4765
   1624.00   1407.00   13.3410
   1555.00   1747.00   11.4355
   1425.00   1876.00   13.4765
   1753.00   2310.00   12.0540
   1519.00   2263.00   10.0485
   1066.00   2406.00   11.4570
    754.00    833.00   21.5000
    868.00    442.00   13.0000
    899.00    395.00   12.0000
    989.00    224.00   17.5000
   1097.00    989.00   13.5000
   1198.00   2125.00   15.5000
    984.00   2343.00   15.5000
   1080.00   2453.00   12.0000
   1113.00   2567.00   16.5000
   1776.00    972.00   20.0000
   1892.00   1032.00   17.5000
   1587.00    939.00   13.5000
     98.00    617.00   11.0000
    116.00    407.00   13.0000
    237.00    324.00   15.0000
    328.00   1589.00   14.0000
    233.00   1684.00   15.5000
