#        y         x         r
    106.00    738.00   12.7895
    204.00    102.00   12.4290
    328.00     26.00   12.7895
    181.00   1679.00   11.7140
    133.00   1843.00   10.2635
    924.00    142.00   10.4775
   1148.00    592.00   10.2440
   1348.00    398.00    9.2500
   1396.00    103.00    9.1625
   1816.00    468.00    9.0000
   1829.00    797.00    7.7285
   1831.00    946.00    8.8940
   1661.00   1071.00    8.9845
   1523.00    922.00   12.0540
   1750.00   1400.00   10.1645
   1642.00   1606.00    8.9845
   1459.00   1199.00   10.8560
   1253.00   1089.00    9.9235
   1389.00   1618.00   10.4775
   1001.00   1183.00    9.2500
   1060.00   1089.00    8.9845
    548.00   1389.00    9.2500
    541.00   1448.00   10.2440
    845.00   1698.00   10.2440
    529.00   1831.00    9.9235
    598.00   2063.00   11.7140
    446.00   2265.00    9.6765
   1249.00   2052.00    8.5235
   1564.00   2242.00    8.9845
   1677.00   2028.00    9.2500
    641.00   2505.00   10.4775
    396.00   2562.00   10.2440
   1197.00   1629.00   10.2440
   1587.00    644.00   10.2440
    632.00   1270.00   10.4775
    417.00   2474.00   16.5000
