#        y         x         r
     74.00    331.00    8.1420
     67.00    465.00    9.9235
     48.00   1021.00    7.6830
      7.00   1702.00   10.5255
    151.00    616.00   10.1645
    212.00    720.00   10.1645
    279.00    910.00    8.8940
    329.00    159.00    8.5235
    419.00    707.00    8.9845
    557.00    831.00    9.0000
    576.00   1371.00   10.2440
    647.00   1538.00    9.6765
    173.00   2011.00    8.8940
    244.00   2387.00    7.7285
    146.00   2437.00    9.5450
    287.00   2499.00    9.2705
    929.00    968.00   10.8115
   1202.00     56.00    7.9750
   1317.00    130.00    9.5450
   1574.00    293.00    9.4545
   1479.00    154.00    9.1775
   1709.00    622.00    9.2705
   1811.00   1561.00    9.2705
   1728.00   1622.00    7.6450
   1560.00   1171.00    9.2705
   1295.00   1160.00    8.2920
   1360.00   1211.00    7.9750
   1880.00   2178.00    7.9750
   1036.00   1455.00    9.5450
   1098.00   1523.00    9.2705
    832.00   1819.00    9.2705
    901.00   1860.00    8.7950
   1052.00   2231.00    9.5450
   1217.00   2405.00    9.1775
   1320.00   2250.00    9.5450
   1414.00    220.00   16.5000
   1009.00   2067.00   13.5000
    829.00   1996.00   15.5000
    827.00   2156.00   14.0000
    345.00   2310.00   14.0000
    123.00   1099.00   15.0000
    201.00    322.00   14.5000
   1896.00   1279.00   18.0000
   1923.00   1053.00   16.0000
   1713.00    966.00   13.5000
   1828.00    683.00   23.5000
   1628.00   1458.00   16.5000
   1632.00   1959.00   16.0000
