#        y         x         r
     59.00   1205.00   11.7140
    305.00    680.00   12.0540
    404.00    473.00   13.3410
    206.00   1340.00   14.5150
    191.00   1857.00   13.4765
    404.00   2489.00   11.5930
    500.00   2502.00   11.5930
    454.00   1975.00   12.2035
    483.00   1325.00    8.9845
    617.00   1282.00   10.2440
    669.00   1152.00   11.4355
    551.00    900.00   10.2635
    865.00   1359.00   10.2440
   1048.00   1399.00   10.7815
    594.00   2255.00    9.6765
    980.00   2382.00   10.2440
    915.00   1698.00    9.5770
   1314.00    671.00    9.2500
   1360.00    596.00    8.9845
   1478.00    839.00    9.6765
   1455.00   1079.00    8.9845
   1475.00   1346.00    8.9845
   1769.00   1292.00    9.1625
   1199.00   2112.00   12.5140
   1368.00   2413.00   10.2440
   1448.00   2523.00    8.0360
    901.00   1096.00   11.5055
   1628.00    702.00   20.0000
   1254.00   1122.00   18.0000
   1072.00   1799.00   13.5000
   1184.00   1946.00   15.0000
    596.00   2503.00   12.0000
    787.00   2170.00   13.0000
    575.00   2004.00   17.5000
    590.00   1483.00   14.5000
     12.00   2287.00    9.5000
