#        y         x         r
     63.00    736.00   15.0725
    106.00    861.00   12.7895
    179.00   1197.00   15.0725
    220.00   1308.00   13.4815
    352.00   1428.00   12.4290
    394.00    806.00   14.2990
    268.00    289.00   13.4815
    554.00   1157.00   13.4815
    647.00   1223.00   12.9660
    681.00   1967.00   12.9660
    667.00   2024.00   10.3455
    839.00    955.00   14.2990
    915.00    491.00   12.7895
   1114.00     59.00   12.4290
   1253.00    674.00   13.4815
   1296.00     97.00   12.9660
   1478.00    459.00   12.7895
   1441.00    774.00   15.0725
   1491.00    613.00   15.0725
   1304.00   1202.00   12.9660
   1572.00   1509.00   12.9660
   1179.00   1604.00   13.6490
   1248.00   1810.00   15.0000
   1060.00   2455.00   13.4815
   1133.00   2570.00   15.5180
   1444.00   2337.00   12.8680
   1572.00   2422.00   10.8225
   1655.00   2183.00   11.4570
   1700.00   2141.00   10.0485
   1746.00   2186.00    9.9475
   1905.00   2217.00   11.3685
   1036.00    696.00   13.0000
    924.00   2401.00   12.0000
    262.00   2326.00   17.0000
    405.00   2073.00   15.5000
    405.00   1730.00   21.5000
   1900.00    964.00   16.0000
