#        y         x         r
     34.00    437.00    9.2020
    146.00    437.00    8.6290
    166.00    465.00    7.8580
    238.00    733.00   10.9300
    442.00    606.00   11.5055
    168.00   1195.00   10.4775
      2.00   1192.00    8.7670
     75.00   1318.00    9.6765
    119.00   1315.00   11.5055
    184.00   1979.00   13.3410
    129.00   2497.00   13.4765
    459.00   1941.00   13.4765
    443.00   2109.00   11.5930
    640.00    740.00   11.4355
    885.00    228.00    9.2500
   1083.00    827.00    9.9235
   1094.00   1004.00   12.7695
   1677.00    432.00    8.9845
   1631.00    999.00   10.1645
   1297.00    678.00   23.0115
   1188.00   1323.00   10.4775
   1411.00   1478.00   10.4775
   1531.00   1529.00    8.8940
   1682.00   1416.00   10.4775
   1778.00   2035.00   10.8560
   1918.00   2524.00    8.5235
    690.00   1974.00   10.2440
    931.00   1842.00    9.9235
   1221.00   2191.00   10.2440
   1412.00   2546.00   12.5140
   1030.00   1474.00   10.2440
   1882.00   1213.00   10.8560
   1001.00    476.00   16.0000
    671.00    428.00   18.1360
    471.00   1362.00   14.5000
    654.00   1356.00   17.5000
