#        y         x         r
     11.00    759.00   11.1130
    193.00     47.00   13.4765
    207.00    768.00   11.5055
    397.00    547.00   13.4765
    437.00    501.00   12.0540
    645.00    475.00   15.3655
    751.00    328.00   13.8750
   1109.00    199.00   13.4765
   1212.00    126.00   12.7850
   1220.00    411.00   13.7435
   1285.00    397.00   13.4765
   1449.00    286.00   11.4355
   1442.00    411.00   11.5930
   1473.00    682.00   11.5055
   1586.00   1052.00   10.2440
   1483.00   1228.00   10.4775
   1015.00    560.00   10.1645
   1097.00    959.00   11.5055
    863.00    990.00   12.9575
   1012.00   1470.00   10.2440
   1361.00   1854.00    9.9235
    116.00   1917.00   10.2440
    169.00   1920.00   10.4775
    245.00   2034.00   10.0000
    465.00   2426.00   10.4775
    874.00   2118.00   10.1645
   1517.00   2257.00   11.4355
   1761.00   2305.00   10.1645
   1369.00   2159.00    9.2500
   1676.00   1398.00   10.8560
    739.00   1491.00   10.2440
   1103.00   1423.00   12.7060
   1342.00    812.00   15.5000
   1053.00   2386.00   14.5000
   1011.00   2004.00   14.5000
