#        y         x         r
    290.00     88.00   13.4765
    176.00    853.00   13.7435
    206.00   2093.00   15.3655
    153.00   2509.00   16.1720
    409.00   1975.00   13.4765
    473.00   2513.00   13.8750
    655.00   2451.00   11.5930
    469.00    930.00   13.3410
    508.00    954.00   13.8750
    526.00   1613.00   12.7850
    626.00   1670.00   13.3410
    777.00   1898.00   13.4765
    731.00    666.00   10.8560
    794.00    582.00   10.8560
    824.00    156.00   11.3645
    590.00    243.00   10.2440
    982.00    134.00   10.2440
   1204.00    219.00   10.2440
   1278.00    263.00    9.6765
   1142.00    501.00    9.6765
   1103.00    769.00   10.2440
   1172.00    948.00    9.2500
    825.00   1182.00   10.2440
   1101.00   1471.00   10.2440
    951.00   2116.00    8.8940
    920.00   2214.00    9.6765
    916.00   2357.00   10.1645
   1171.00   2383.00   10.2440
   1558.00   2511.00   10.4775
   1762.00   2051.00   10.2440
   1655.00   1056.00   10.7815
   1402.00   1460.00   11.5055
   1871.00   1891.00   10.8560
   1895.00   1699.00    9.2500
   1536.00    816.00    8.9845
   1065.00    433.00   15.7165
   1826.00    164.00    9.6765
   1783.00     29.00    9.2500
   1743.00    159.00   10.2440
   1773.00   1534.00   10.4775
   1532.00   1822.00    9.2500
    955.00    827.00   14.0000
   1068.00    937.00   17.5000
    860.00    368.00   15.0000
    648.00    147.00   14.5000
