#        y         x         r
     84.00    808.00   13.4765
     39.00   1468.00    8.3860
    114.00   1722.00   10.3690
    167.00   1424.00   12.2035
    180.00   1125.00   13.4765
    198.00    212.00   11.7140
    352.00   1260.00   11.7140
    423.00   2071.00   13.4765
    461.00   2106.00   11.7140
    562.00    535.00   12.5140
    614.00    826.00   11.7140
    616.00   1162.00   11.5055
    546.00   1504.00   12.5000
    832.00    835.00   11.7140
   1144.00    363.00   11.7140
   1216.00     46.00    9.2500
   1366.00    409.00   11.3645
   1261.00    926.00   11.7140
   1123.00   1415.00   11.7140
    530.00   1697.00   11.3645
    702.00   2501.00   18.0810
   1327.00   1704.00   15.3655
   1323.00   1895.00   13.7435
   1529.00   2410.00   11.4355
   1552.00    816.00   13.7435
   1712.00    625.00   11.5930
   1853.00    569.00   13.4765
   1612.00    531.00   12.7850
    150.00    735.00   15.5000
     35.00    228.00   12.0000
    214.00     77.00   12.5000
     71.00   2272.00   12.5000
   1259.00   2077.00   15.0000
