#        y         x         r
     56.00    980.00   11.4355
    415.00    668.00   12.0540
    336.00    434.00   13.3410
    457.00    122.00   11.5930
    561.00     75.00   13.8750
    584.00    286.00   11.9865
    640.00    221.00   13.0815
    621.00    556.00   11.7140
    156.00   1655.00   13.7435
    190.00   1891.00   13.8750
    324.00   2009.00   13.8750
    168.00   2081.00   15.2470
    310.00   1385.00    8.9845
    332.00   1371.00   10.9300
    408.00   1294.00   10.4775
    940.00    567.00   13.7665
    763.00   1648.00   15.7875
   1011.00   1251.00   11.7995
    920.00   1691.00   14.3170
   1058.00   1463.00   13.1925
   1197.00    791.00   11.2785
   1401.00    465.00   11.2020
   1208.00    199.00    9.9850
   1718.00    787.00    9.9850
   1776.00    817.00   10.5700
   1867.00   1977.00   12.0875
   1183.00   1907.00   10.5700
   1315.00   2201.00   10.4885
    926.00   2029.00   12.0000
    771.00   2243.00   16.0000
   1047.00   1813.00   14.0000
   1375.00   1826.00   15.5000
   1379.00   1622.00   13.5000
   1105.00   1221.00   11.0000
   1610.00    540.00   15.0000
   1375.00     10.00   13.5000
   1882.00    490.00   12.0000
   1103.00   1167.00   13.0000
    658.00    588.00   12.0000
    490.00    739.00   13.5000
    129.00   2430.00   14.0000
