#        y         x         r
    103.00    412.00   11.7140
    130.00   1087.00   10.8560
     43.00   2193.00   11.1000
    259.00   2415.00    9.6430
    445.00   1082.00   13.4765
    493.00    911.00   13.3410
    662.00   1017.00   11.3645
     39.00   2306.00   11.7140
    135.00   1553.00    9.4400
    579.00    142.00   13.9060
    669.00    421.00   14.3170
    751.00    681.00   12.4380
    897.00    590.00   13.9060
    911.00    246.00    9.1775
    777.00    165.00   12.0875
   1434.00    288.00    9.5450
   1230.00    835.00   10.2400
   1288.00    938.00    8.7950
   1383.00    981.00   10.5700
   1559.00   1109.00   10.2400
   1549.00    894.00   11.2020
   1808.00    693.00    9.5450
   1805.00    877.00    9.2705
   1736.00    974.00   10.4885
   1768.00   1002.00    9.5000
   1925.00   1341.00    9.4545
   1470.00   1415.00   12.4380
   1641.00   1904.00    9.9850
    898.00    348.00   10.5700
   1353.00   2310.00   11.2020
   1545.00   2548.00   10.8115
    395.00    131.00   13.0000
    469.00   1813.00   11.5000
    727.00   2314.00   13.5000
    723.00   2484.00   12.0000
    881.00   2559.00   13.0000
   1257.00   1452.00   13.0000
   1248.00   1383.00   11.5000
    893.00   1001.00   13.5000
   1437.00    571.00   15.0000
   1327.00    592.00   16.0000
    482.00   1038.00   11.0000
