#        y         x         r
     32.00   2390.00   10.4775
    253.00   2345.00   11.4355
    291.00   2486.00   10.8560
    401.00    961.00   10.7815
    473.00    986.00   13.4765
    561.00    181.00   13.5000
    737.00    434.00   13.4765
    873.00   1145.00   13.4765
    755.00   1646.00   11.5930
    812.00   2332.00   11.5930
   1136.00    538.00   11.4355
   1241.00   1741.00    8.9845
   1495.00     44.00    8.0360
   1596.00    568.00   10.2440
   1652.00    629.00   10.4775
   1632.00    384.00    9.2500
   1791.00    492.00   10.2440
   1807.00    144.00   10.4775
   1495.00   1097.00   10.7815
   1712.00   1451.00    9.2500
   1847.00   1627.00    9.2500
   1318.00   2209.00    8.9845
   1460.00   2528.00   10.2440
   1149.00   1412.00   10.2440
   1396.00     65.00   10.2440
   1836.00   2189.00   15.8855
   1919.00   2191.00   10.8420
    781.00   1591.00   14.0000
    118.00   2096.00   14.5000
    120.00   1470.00   14.5000
    748.00   1082.00   15.0000
    673.00    511.00   13.0000
    741.00    361.00   13.0000
   1763.00    187.00   13.5000
