#        y         x         r
    100.00    485.00   12.2035
     68.00    808.00   11.5145
     60.00   2354.00   13.3410
    126.00   2291.00   11.5055
    396.00    471.00   12.5780
    695.00    301.00   13.8750
    835.00    252.00   11.5930
    843.00     22.00   11.5930
    625.00   1071.00   11.4355
    733.00   1183.00   11.4355
    626.00   1269.00   11.5055
    587.00   1330.00   13.8750
    544.00   1640.00   12.7695
    607.00   1847.00   13.8750
    481.00   2356.00   12.7850
    706.00   2036.00   12.2035
    774.00   2314.00   12.7850
    726.00   1435.00   11.4355
    969.00   1238.00   13.3410
    982.00   1342.00   12.7850
   1130.00   1943.00   13.8750
   1169.00   2226.00   13.7435
   1178.00   1616.00   11.4355
   1251.00   1304.00   12.7850
   1388.00   2067.00   13.7435
   1426.00   2300.00   13.7435
   1605.00   1658.00   12.7850
   1667.00   2304.00   12.0540
   1865.00   2258.00   13.8750
   1919.00   1439.00   11.1130
   1693.00    975.00   12.2035
   1349.00   1392.00   13.8750
   1865.00    751.00   12.0540
    567.00   1560.00   13.5000
    885.00   2162.00   18.5000
     10.00   1745.00   15.0000
    162.00   1867.00   18.0000
    131.00   2075.00   15.5000
