#        y         x         r
     48.00     56.00    9.9400
    165.00    615.00   12.7850
     27.00   1950.00   10.7815
     21.00   2292.00    8.9170
    179.00   2253.00   15.3655
    363.00   1582.00   13.4765
    370.00   2184.00   15.3655
    474.00   2553.00   13.4765
    453.00   2171.00   11.7140
    616.00   2561.00   11.3645
    741.00    368.00   15.3655
    920.00    349.00   12.7850
    882.00    702.00   12.2035
    934.00   1013.00   13.3410
    958.00   1324.00   13.8750
    955.00   2180.00   16.2840
   1054.00   1569.00   15.3655
   1148.00   1305.00   14.5150
   1395.00   2288.00   15.2470
   1686.00   1840.00   15.2470
   1420.00    960.00   12.7850
   1601.00   1076.00   14.5150
   1613.00    778.00   12.2035
   1557.00    638.00   12.7850
   1776.00   1190.00   13.4765
   1789.00   1594.00   15.7165
   1880.00   1479.00   12.0540
    883.00    216.00   18.5000
    519.00   1146.00   14.0000
    494.00   1221.00   14.0000
    471.00   1111.00   16.5000
    856.00   1354.00   15.5000
    768.00    930.00   16.5000
