#        y         x         r
    103.00    186.00   13.4765
    398.00    497.00   13.3410
    133.00   1026.00   13.3410
     97.00   1115.00   15.3655
     56.00   2146.00   14.5150
    314.00   2404.00   13.4765
    287.00   1701.00   13.8750
    366.00   1033.00   15.2470
    351.00   1804.00   15.3655
    614.00   2018.00   13.8750
    531.00   1658.00   15.3655
    665.00    759.00   15.3655
    725.00     46.00   13.4765
    974.00    142.00   13.3410
   1223.00     17.00   12.7850
   1099.00    894.00   13.4765
   1014.00   1679.00   11.5930
   1026.00   1779.00   11.5930
   1178.00   2500.00   13.7435
   1429.00    850.00   11.5930
   1529.00   1112.00   14.8855
   1491.00   1316.00   13.7435
   1604.00   1213.00   13.7435
   1515.00   1565.00   12.0540
   1571.00   1532.00   13.4765
   1678.00   1661.00   13.4765
   1641.00   1991.00   13.7435
    526.00   1297.00   14.5150
   1597.00   2504.00   11.4355
   1844.00   1701.00    9.5295
   1896.00   1288.00    8.6290
   1925.00   1184.00    9.7180
