#        y         x         r
    209.00    214.00   11.5930
    458.00    233.00   13.4765
    429.00    329.00   14.5150
    146.00   1001.00   15.3655
     69.00   1104.00   11.4750
     15.00   1880.00   12.6110
    665.00    932.00   14.3170
    543.00   1499.00   14.9775
    543.00   2262.00   14.1815
    700.00   2517.00   13.7665
    716.00   2301.00   14.3170
    984.00   2490.00   13.7665
    956.00   1726.00   14.1815
    962.00   1414.00   13.1760
   1212.00   1915.00   14.1815
   1334.00   1903.00   11.7995
   1723.00   2360.00   11.7995
   1867.00   2236.00   13.6880
   1235.00   1631.00   16.5000
   1235.00   1546.00   13.9060
   1267.00   1286.00   14.0000
   1227.00   1085.00   12.5925
   1349.00    916.00   13.7665
   1459.00    735.00   13.9060
   1514.00    621.00   13.1925
   1605.00    715.00   14.3170
   1333.00    512.00   11.7265
   1567.00    454.00    9.4545
   1847.00    566.00   10.5700
   1902.00    669.00   10.5700
   1558.00   2293.00   16.5000
   1605.00   2299.00   12.5000
   1448.00   2297.00   15.5000
    289.00   2430.00   15.0000
    474.00    793.00   16.0000
   1246.00    488.00   14.0000
    854.00     31.00   17.5000
   1896.00   1306.00   14.5000
