#        y         x         r
     33.00   1811.00   10.9150
     95.00   1742.00   12.9575
    314.00    669.00   18.4895
    439.00    950.00   11.5930
    374.00   2029.00   14.5150
    443.00   2302.00   15.3655
    720.00   2482.00   13.4765
    678.00   1861.00   13.3410
    855.00   2020.00   13.3410
    903.00   2084.00   12.0000
   1064.00   1985.00   13.3410
   1213.00   2039.00   13.5000
   1402.00   2001.00   15.3655
   1509.00   1610.00   13.4765
    824.00   1603.00   13.4765
    904.00   1552.00   11.5930
   1124.00   1444.00   13.8750
   1140.00   1185.00   11.5055
   1204.00    915.00   12.5140
    724.00    914.00   13.4765
    503.00    120.00   13.4765
   1033.00    126.00   13.4765
   1146.00    204.00   13.4765
   1498.00     71.00   12.2035
    305.00    542.00   15.7150
    511.00    467.00   21.0000
    883.00    220.00   15.5000
    787.00    272.00   13.5000
   1124.00    509.00   13.0000
   1564.00   1375.00   21.0000
    665.00   1414.00   17.0000
    611.00   1780.00   19.0000
    617.00   1065.00   15.0000
