#        y         x         r
   1058.00     21.00   10.1645
    972.00     30.00    9.6765
   1249.00    211.00   10.2440
    650.00    249.00   10.1645
    725.00    263.00   10.2440
    797.00    322.00   11.4355
    842.00    408.00   11.0000
    466.00    408.00    8.8940
    282.00    675.00   13.7435
    350.00    978.00   13.4765
    496.00   1251.00   11.4355
    282.00   1583.00   11.5930
    167.00   1984.00   11.7140
    105.00   2086.00   12.9575
    260.00   2494.00   13.3410
    325.00   2563.00   13.8750
    737.00   2194.00   13.4765
    938.00   2383.00   11.4355
   1083.00   2370.00   13.8750
    775.00   1639.00   15.3655
    931.00   1537.00   13.8750
   1106.00   1201.00   11.5930
   1271.00   2032.00    8.9845
   1295.00   2040.00   10.2440
   1463.00   2169.00   11.7140
   1784.00   2161.00   13.8750
   1884.00   1888.00   12.2035
   1758.00   1596.00   13.4765
   1647.00   1445.00   11.4355
   1853.00   1448.00   12.0540
   1891.00    979.00   11.5930
   1415.00    519.00   13.4765
   1647.00    526.00   11.5930
   1827.00    435.00   11.5930
   1743.00    137.00   11.4355
   1433.00    679.00   17.0000
    409.00   1419.00   13.5000
    528.00   1342.00   20.0000
   1014.00   1861.00   14.0000
    189.00   1865.00   14.5000
    235.00    388.00   12.0000
    289.00    380.00   13.5000
    339.00   2463.00   17.5000
