#        y         x         r
    162.00    106.00   13.8750
    260.00   1179.00   13.4765
      2.00   1827.00   12.7060
     93.00   1993.00   12.7850
    387.00    535.00   13.4765
    569.00    234.00   13.4765
    811.00     69.00   12.0540
    838.00    104.00   13.4765
    724.00    374.00   11.4355
    705.00    563.00   13.8750
   1114.00     39.00   12.7850
   1831.00     42.00   12.0540
   1233.00    419.00   11.5930
   1004.00    831.00   13.4765
   1137.00   1032.00   11.5930
   1267.00   1049.00   13.3410
   1473.00   1178.00   13.3410
   1624.00    942.00   13.3410
   1591.00     79.00   12.7850
   1652.00   1086.00   12.7850
   1788.00   1224.00   12.0540
   1702.00   1639.00   12.7850
   1773.00   2123.00   12.0540
   1770.00   2238.00   13.4765
   1526.00   1693.00   13.4765
   1303.00   1488.00   12.0540
   1304.00   2269.00   13.4765
   1113.00   1525.00    8.9845
   1191.00   1577.00   10.8560
    941.00   1448.00   10.2440
    956.00   2093.00   13.9060
    744.00   2045.00   14.3170
    645.00   2222.00   13.5000
    811.00   2544.00   12.7850
   1049.00    486.00   15.5000
    808.00    297.00   18.5000
    507.00   1601.00   16.0000
    108.00   1512.00   13.5000
    181.00   2453.00   16.0000
    322.00   2283.00   16.0000
   1473.00   2293.00   18.5000
