#        y         x         r
    527.00    120.00   13.7435
    362.00    588.00   13.8750
     12.00    630.00   14.4870
    258.00    864.00   10.1645
    130.00   1311.00   14.5150
    157.00   1662.00   13.7435
    165.00   2200.00   12.0540
    268.00   2382.00   13.3410
    290.00   1790.00   13.3410
    431.00   1757.00   12.0540
    477.00   1367.00   13.8750
    683.00   1037.00   12.7850
    611.00    770.00   12.0540
    797.00    797.00   11.5930
    908.00    629.00   13.4765
   1194.00    827.00   11.1130
   1887.00    541.00   11.1130
   1758.00    777.00   12.0540
   1903.00   1720.00   12.2035
   1452.00   2238.00   11.5930
   1479.00   2447.00   12.0540
    945.00   2493.00   11.4355
    812.00   2306.00   13.4765
    726.00   1986.00   12.7850
    805.00   2105.00   11.5930
    907.00   2126.00   11.4355
    794.00   1593.00   13.3410
   1029.00   1941.00   13.4765
   1183.00   1888.00   12.7850
   1088.00   1452.00   11.1130
   1118.00   1105.00   13.7435
   1404.00   1083.00   11.4355
   1610.00   1140.00   11.5930
   1640.00   1250.00   12.0540
   1594.00   1396.00   12.0540
   1525.00   1598.00   12.7850
   1464.00   1685.00   12.7850
   1327.00   1689.00   13.8750
   1150.00   1752.00   12.7850
   1191.00   1726.00   11.1130
   1161.00   1460.00   16.0000
