#        y         x         r
    165.00    171.00   13.7435
    450.00     93.00   12.2035
    339.00    428.00   10.7815
    313.00    483.00   12.0540
    260.00    706.00   13.8750
    377.00    761.00   10.2440
    446.00    563.00   13.0000
    547.00    385.00   12.0540
    774.00    316.00   11.3645
    743.00    713.00   11.3645
   1217.00    231.00   14.5150
   1178.00    579.00   15.0000
    984.00    141.00   15.3655
    283.00   1102.00   13.7435
    431.00   1278.00   12.7850
     87.00   1400.00   12.7850
    459.00   1572.00   12.0540
    406.00   1631.00   13.3410
    298.00   2169.00   12.0540
    454.00   2024.00   13.8750
   1083.00   1804.00   13.3410
   1368.00   1353.00   13.4765
   1479.00   1368.00   13.8750
   1723.00   1053.00   13.4765
   1751.00   1403.00   11.1130
   1754.00   1857.00   11.5930
   1647.00   2401.00   13.8750
   1431.00   2520.00   11.5930
   1343.00   2352.00   13.3410
    255.00   2286.00   11.5930
    874.00   1839.00   13.4765
    563.00    810.00   12.5000
    825.00    147.00   13.5000
   1360.00    451.00   12.5000
   1701.00    125.00   13.5000
   1416.00    623.00   17.0000
    247.00    966.00   18.0000
