#        y         x         r
    188.00    153.00   11.5930
    218.00    240.00   13.4765
     96.00   1994.00   12.0540
    138.00   2330.00   10.1645
    424.00   2095.00   10.2440
    425.00   1849.00    8.8940
    467.00    750.00   10.2440
    615.00   1053.00   12.2035
    805.00   1046.00   11.5930
    603.00    759.00   12.0540
    773.00    773.00    9.9235
    841.00    509.00   10.2440
   1179.00    440.00   10.1645
   1480.00    812.00   11.4355
   1792.00    327.00    9.7180
   1911.00    448.00   12.2035
    806.00   1494.00    8.5235
    696.00   1869.00    8.9845
