#        y         x         r
     75.00   2552.00   11.5930
    343.00   2457.00   11.7140
    732.00   1960.00   11.4355
    351.00   1509.00   13.8750
    332.00   1338.00   13.4765
    848.00    526.00   13.4765
   1096.00    292.00   12.2035
   1799.00    412.00   13.7435
   1828.00   1363.00    9.2500
   1620.00   1384.00   10.1645
   1671.00   1359.00    8.8940
   1676.00   1419.00   10.8560
   1640.00   1570.00    9.2500
   1716.00   1559.00   10.2440
   1795.00   1700.00   10.4775
   1807.00   1955.00    9.6765
