#        y         x         r
    837.00    239.00   12.0540
   1148.00    535.00   13.8750
    872.00    380.00   13.8750
    416.00    797.00   12.2035
    505.00   1185.00   13.3410
    328.00   1418.00   12.0540
     65.00   1590.00   12.0540
    389.00   1613.00   11.7140
    866.00   1659.00   13.4765
     44.00   2113.00   10.6540
    138.00   2478.00   13.4765
    431.00   2466.00   11.1130
    450.00   2245.00   12.0540
    584.00   2103.00   12.0540
    908.00   2341.00   11.5930
   1059.00   2524.00    9.7180
