#        y         x         r
   1783.00   1772.00   13.4765
   1277.00   1052.00   17.0465
   1239.00    770.00   14.5150
   1213.00    451.00   13.4765
   1281.00    237.00   12.2035
    675.00   2246.00   13.8750
    507.00   1788.00   13.4765
    451.00   1106.00   12.0540
    188.00   1178.00   11.5930
    550.00    629.00   13.4765
    271.00    724.00   13.4765
    447.00    150.00   13.3410
    321.00    171.00   11.4355
     99.00    584.00   11.5930
     53.00    480.00   10.4775
      3.00    618.00   10.2095
   1149.00    399.00   16.0000
    158.00   2218.00   15.0000
     23.00   2467.00   14.5000
