#        y         x         r
      0.00    722.00    8.9230
    201.00    839.00   13.7435
    344.00    735.00   12.7850
    538.00    324.00   11.5930
    437.00    172.00   12.9575
    322.00    843.00   11.7140
    257.00   1014.00   11.5055
    595.00    781.00    9.2500
    656.00    262.00   10.4775
    992.00    208.00   11.7140
   1025.00    462.00   10.0000
   1152.00    179.00    9.2500
   1393.00    115.00    8.5235
   1375.00    372.00    8.9845
   1458.00    290.00    9.2500
   1592.00    163.00   10.2440
   1709.00    131.00    8.9845
   1864.00    392.00    8.8940
   1936.00    373.00    7.6235
    130.00   2123.00    9.1625
    147.00   2093.00   10.2440
    342.00   2066.00   10.0000
    445.00   2332.00    8.8940
    504.00   1626.00   10.2440
    644.00   1412.00    8.5235
   1107.00   1075.00    8.9845
   1284.00    992.00    8.8940
   1388.00   1002.00    9.2500
   1490.00   1189.00    9.1625
   1736.00   1146.00   10.0000
   1681.00   1474.00   10.4775
   1249.00   1362.00   10.4775
   1480.00   1754.00   10.4775
    946.00   1789.00    9.2500
    685.00   1861.00   10.4775
    991.00   2448.00    8.5235
   1535.00   2576.00   10.8560
   1836.00   2245.00    8.9845
   1913.00   2154.00    8.9845
   1885.00    986.00    9.1625
   1131.00   1419.00   10.2440
