#        y         x         r
    147.00    893.00    9.1625
    196.00   1346.00   11.5930
     75.00   1547.00   10.2635
    110.00   1633.00    9.1625
     34.00   1849.00    8.9845
    149.00   2383.00   10.1300
    150.00   2574.00   11.5930
    400.00   1713.00   11.4355
    314.00   2435.00   11.5930
    445.00   2310.00   13.9060
    452.00   1861.00   11.9625
    606.00   1949.00   13.7665
    594.00   1838.00   13.7665
    744.00   1882.00   12.4380
    578.00    793.00   12.4380
    459.00   1103.00   12.4380
    279.00   1041.00   11.1250
    903.00    211.00    9.2705
    830.00   1128.00   11.4670
    991.00    702.00   13.9060
   1074.00    538.00   13.9060
   1023.00   1828.00   11.9625
   1025.00   1671.00   10.8115
   1075.00   2331.00   11.9625
   1177.00   2489.00   13.9060
   1226.00   2323.00    9.1775
   1243.00   2293.00    6.9530
   1654.00   2473.00    9.2705
   1345.00   2060.00    9.2705
   1582.00   1844.00    9.5450
   1603.00   1589.00   10.8115
   1383.00   1498.00    9.2705
   1194.00   1472.00    9.9850
   1285.00   1139.00   10.5700
   1502.00   1076.00   10.4885
   1707.00   1080.00    8.7950
   1838.00   1071.00   11.2020
   1689.00    952.00   11.9625
   1474.00    789.00   11.9625
   1552.00    808.00   12.4380
   1647.00   1176.00   10.8115
   1330.00    597.00   14.3170
   1480.00    329.00   13.9060
   1387.00    114.00    9.5450
   1419.00    127.00    9.4545
   1791.00    145.00   10.5700
    820.00   2199.00   19.0000
   1379.00    978.00   16.9050
