#        y         x         r
     87.00    142.00   10.2440
    271.00   1070.00    9.2500
    345.00    789.00    8.9845
    441.00   1022.00    8.8940
    621.00    615.00   10.4775
    657.00    496.00   10.2440
    727.00     46.00    8.9845
    921.00    104.00    8.1355
    943.00    311.00    8.5235
    918.00    707.00    8.8940
   1122.00    121.00   10.4775
   1132.00      7.00    9.6765
   1183.00    332.00   10.1645
   1537.00    396.00    9.2500
   1747.00    324.00    8.9845
   1778.00    533.00    8.8940
   1772.00    441.00    9.2500
   1343.00    719.00   10.2440
   1221.00    805.00    8.5235
   1127.00    804.00   10.2440
   1051.00   1099.00   12.0540
    917.00   1032.00   11.1130
    706.00   1079.00   10.7815
    907.00   1506.00   10.7815
   1476.00   1725.00   12.0540
   1750.00   2321.00   11.1130
   1737.00   2467.00    9.6765
   1067.00   1802.00   11.4355
    955.00   1981.00   13.3410
    901.00   2044.00   10.2440
    677.00   1769.00   10.9300
    482.00   1821.00    8.9845
    482.00   1661.00    9.2500
    370.00   1725.00   10.1645
    138.00   1795.00   10.2440
     51.00   1631.00    7.8580
     74.00   1609.00    6.9375
    340.00   2574.00    8.9900
    658.00   2249.00    9.0405
    809.00   2222.00    8.7855
   1040.00   2360.00    9.2500
   1051.00    976.00   14.5000
   1063.00    885.00   14.5000
    845.00    777.00   14.5000
