#        y         x         r
    135.00    324.00   11.2785
    580.00    190.00   11.8725
    629.00    366.00   11.8725
    219.00   1432.00   11.7995
    541.00   1019.00    9.5450
    615.00   1203.00   10.5700
    654.00   1192.00    9.8330
    788.00   1066.00   10.5700
   1165.00    479.00    8.7950
   1394.00    761.00    9.2705
   1411.00    743.00    7.9275
   1562.00    526.00    9.6845
   1684.00    704.00    9.8820
   1760.00    890.00   10.8115
   1815.00    816.00   10.5700
   1703.00   1120.00   10.8115
   1761.00   1205.00   10.5700
   1907.00   1080.00    9.1775
   1156.00   1171.00   10.5700
    932.00   1223.00   10.8115
   1775.00   1809.00   10.2400
   1690.00   2141.00   10.5700
   1572.00   1852.00    9.5450
   1192.00   1814.00    8.7950
   1072.00   1532.00   11.7265
    945.00   1610.00    9.1775
    975.00   1577.00    9.9850
    543.00   1601.00   10.5700
    568.00   1938.00    9.5450
    438.00   2055.00    9.1775
    644.00   2112.00    9.2705
    489.00   2283.00    9.5450
    422.00   2454.00   10.0280
    754.00   2553.00    9.8820
    984.00   2344.00    9.2705
    416.00   1880.00    9.2765
    606.00   1670.00   14.5000
    482.00   1294.00   15.0000
    424.00   1479.00   18.5000
    546.00   1392.00   13.0000
    586.00    544.00   13.5000
    669.00    258.00   14.5000
    218.00    199.00   14.0000
    690.00   2318.00   14.0000
    862.00   2303.00   13.0000
    613.00   2164.00   14.5000
    467.00   2212.00   12.0000
   1446.00   1859.00   11.5000
   1593.00   2553.00   13.5000
   1502.00   2407.00   12.0000
   1242.00   1666.00   13.5000
    916.00     10.00   18.0000
