#        y         x         r
     43.00    365.00    9.9490
    158.00    425.00    9.7180
    204.00    304.00   10.4825
    305.00    638.00   10.2635
    340.00    641.00   10.4775
    355.00    762.00   10.4775
    491.00    868.00    9.2500
    575.00    850.00    9.2500
    307.00   1086.00    8.9845
    151.00   1640.00   10.4775
    725.00     56.00    9.2500
    820.00    667.00   11.4355
    922.00    824.00   10.5700
    955.00    697.00   10.5700
   1025.00    931.00   10.5700
   1095.00   1119.00    9.2705
   1132.00   1244.00   10.5700
   1213.00    737.00    9.5450
   1417.00    468.00    9.2705
   1435.00    893.00    9.2705
   1752.00    589.00   10.8115
   1528.00    332.00    9.4545
   1668.00    310.00   11.2020
   1756.00    330.00   10.5700
   1903.00    391.00    9.2705
   1306.00   1488.00    8.7950
    616.00    974.00   12.4380
    529.00    305.00   10.8165
    580.00    127.00   10.8165
    837.00    329.00   12.4380
   1272.00    825.00   11.2785
   1929.00   1498.00   11.2020
   1900.00   2364.00   10.4885
   1655.00   2345.00   11.2020
   1428.00   1897.00   10.5700
   1415.00   1932.00   10.8115
   1440.00   1777.00   11.8725
   1497.00   1872.00    9.5450
   1329.00   2068.00    9.1775
   1234.00    599.00   11.8725
    681.00   1719.00   12.4380
    786.00   2389.00   10.4885
    325.00   1945.00    9.2705
    318.00   2479.00   10.4885
    230.00   2076.00   10.5700
    253.00   2103.00    9.1775
     80.00   2355.00    9.5450
     98.00   2255.00   10.8115
    235.00   1786.00   10.0280
    455.00   1895.00   13.5000
   1575.00   2533.00    9.0095
   1685.00   2510.00   10.3175
