#        y         x         r
     25.00    540.00   10.4050
    144.00   1353.00   13.1775
    132.00   2076.00   10.9435
    274.00   2328.00   10.5250
    491.00   2513.00   12.2350
    375.00   2098.00    9.8560
    421.00   2109.00    9.3000
    540.00   1834.00   12.4380
    405.00   1168.00   10.8115
    483.00   1306.00   10.5700
    527.00   1143.00   10.8115
    648.00   1155.00   10.5700
    729.00   1541.00   14.1815
    619.00    489.00   12.5925
    717.00     67.00   11.7995
    862.00    377.00   12.4380
    917.00    197.00   11.9625
   1044.00    306.00    9.5450
   1111.00     79.00   13.1925
   1317.00     70.00   11.7265
   1289.00    394.00    9.1775
   1508.00    354.00   10.5700
   1728.00    123.00   10.8115
   1845.00    229.00    9.5450
   1450.00    573.00   10.5700
   1889.00    838.00   10.8115
   1206.00    691.00    9.1775
    773.00    899.00    9.2705
    830.00    898.00    9.4545
   1007.00   1186.00    9.4545
   1037.00   1268.00    9.1775
   1261.00   1191.00   11.2020
   1420.00   1103.00   10.5700
   1473.00   1016.00    9.9850
   1513.00   1537.00   10.5700
   1599.00   1628.00    9.9850
   1871.00   1863.00    9.9850
   1449.00   1952.00    9.2705
   1590.00   1845.00   10.5700
   1188.00   1876.00    8.7950
   1152.00   1962.00    9.5450
   1080.00   2045.00   10.2400
    986.00   2046.00    9.9850
    899.00   1976.00   10.0000
    980.00   2183.00    9.5450
   1201.00   2293.00   11.1250
   1124.00   2380.00    9.9850
   1212.00   2466.00   14.3170
   1618.00   2561.00   11.4670
   1159.00    424.00   12.4380
   1261.00   1436.00   13.7665
    902.00   1094.00   13.8750
    991.00   1020.00   15.0000
   1119.00    760.00   16.0000
   1292.00   1103.00   10.5000
   1460.00   1109.00    9.0000
   1626.00    937.00   12.5000
    964.00    490.00   15.0000
    621.00   1574.00   12.0000
