#        y         x         r
      7.00    306.00    9.3055
     52.00    302.00    8.8940
     70.00    535.00   11.5930
    307.00    371.00   13.3410
    152.00    783.00   12.0540
    184.00   1110.00   13.4765
    321.00    987.00   11.4355
    660.00     15.00    9.2500
    685.00      2.00   11.7140
    749.00    157.00    9.6765
    670.00    210.00   10.2440
    661.00    569.00   10.2440
    739.00    648.00   10.2440
    500.00   1254.00   13.8750
    500.00   1331.00   12.7850
    457.00   1482.00   13.8750
    366.00   1601.00   12.2035
    230.00   1718.00   13.3410
     47.00   2311.00   10.4775
    207.00   2455.00   10.2440
    413.00   2386.00    9.1625
    835.00   2535.00   10.2440
    694.00   1727.00    9.1625
    797.00   1699.00   10.4775
    781.00   1299.00   10.2440
    876.00   1155.00   10.1645
    891.00   1317.00   11.4355
   1025.00   1113.00   10.1645
   1219.00    946.00   10.2440
   1451.00   1013.00   12.7060
   1412.00    537.00   11.3645
   1353.00    838.00   12.5780
   1758.00    877.00    8.5235
   1922.00    702.00   10.4775
   1877.00   1324.00   11.3645
   1478.00   1474.00    8.8940
   1421.00   1567.00   10.2440
   1291.00   1583.00   10.2440
   1332.00   1795.00    9.2500
   1211.00   1790.00    9.6765
   1447.00   2180.00   11.3645
   1696.00   2512.00    9.1625
   1057.00   2036.00   11.4355
    162.00    224.00   11.9865
     71.00    127.00   12.5000
    110.00   1018.00   12.5000
    623.00    922.00   12.5000
    889.00   2287.00   13.5000
