#        y         x         r
     10.00   1273.00   10.5255
    117.00    847.00   15.3655
    184.00    742.00   13.4765
    228.00    511.00   15.3655
    197.00    348.00   13.4765
    263.00    342.00   13.8750
    459.00    163.00   13.3410
    833.00    152.00   13.4765
    888.00    166.00   13.4765
   1003.00      4.00   13.4765
     88.00   1855.00   13.4765
    138.00   2200.00   12.0540
    335.00   2282.00   13.3410
    387.00   2136.00   13.7435
    580.00   2206.00   13.4765
    493.00   2104.00   13.7435
    533.00   2039.00   13.7435
    378.00   1838.00   12.0540
    482.00   1429.00   13.7435
    638.00   1226.00   11.4355
    596.00    926.00   12.7850
    827.00   1251.00   12.0540
    823.00    953.00   13.8750
    935.00    809.00   11.4355
   1421.00   1114.00    8.0360
   1691.00    629.00   11.5055
   1909.00    718.00    9.1625
   1300.00   1889.00    8.8940
   1757.00    310.00    9.2500
   1913.00    391.00    7.7285
   1872.00    530.00    9.6765
   1699.00   1302.00    9.0000
   1767.00   1465.00    9.6765
   1828.00   1558.00    9.2500
   1741.00   1915.00    8.8940
   1858.00   1869.00   10.2440
   1767.00   2268.00   10.2440
   1809.00   2395.00   10.1645
   1795.00   2521.00   10.1645
   1557.00   2289.00   13.8750
   1373.00   2315.00   14.5150
   1082.00   1766.00   15.7165
    862.00   2175.00   12.0540
    888.00   1630.00   10.4775
    259.00   2522.00   14.2055
    297.00   1626.00   15.5000
    282.00   1722.00   13.5000
    719.00   1699.00   14.0000
    874.00   1757.00   13.5000
   1230.00   1485.00   15.0000
