#        y         x         r
    119.00    927.00   13.4765
    268.00    590.00   11.4355
    313.00    362.00   13.4765
    355.00    293.00   13.3410
    287.00    159.00   13.8750
    568.00     99.00   12.0540
    573.00    503.00   11.4355
    667.00    354.00   11.5055
    774.00    451.00   12.0540
    629.00    965.00   12.0540
    367.00   1489.00   13.4765
    265.00   1799.00   13.3410
    207.00   1874.00   12.2035
    253.00   1909.00   12.0540
    187.00   1997.00   13.4765
    360.00   2180.00   14.5150
    739.00   1823.00   12.0540
    756.00   1929.00   11.5930
    871.00   2382.00   13.4765
    911.00   2415.00   12.0540
    950.00   2077.00   13.4765
   1045.00   1965.00   13.3410
    878.00   1584.00   11.3645
   1162.00   1644.00    9.9235
   1153.00   1448.00   11.5055
    481.00   1188.00   13.4765
    995.00    989.00   14.5150
   1369.00    990.00   13.8750
   1162.00    753.00   13.8750
   1258.00    552.00   13.8750
   1278.00    473.00   10.2440
   1288.00    180.00   10.8560
   1490.00     44.00   10.4775
   1335.00    197.00    9.9235
   1560.00    122.00    9.6765
   1803.00    132.00   10.2440
   1610.00   1027.00   13.3410
   1796.00   1169.00   12.0540
   1658.00   1478.00   12.2035
   1811.00   1711.00   12.0540
   1742.00   2020.00   11.5930
   1317.00   2047.00   10.4775
   1443.00   2482.00    9.6765
   1186.00   1041.00   13.0000
   1799.00   1038.00   12.0000
   1880.00    640.00   15.0000
   1608.00   2017.00   10.5000
    746.00   1389.00   12.5000
    899.00   1263.00   16.0000
    744.00   1176.00   15.5000
    831.00   2528.00   13.5000
    795.00    129.00   14.0000
   1340.00     39.00   15.0000
