#        y         x         r
     23.00    148.00   12.0540
    224.00    401.00    9.6765
    382.00    322.00   11.5055
    492.00    394.00   13.3410
    565.00    265.00   13.8750
    886.00    361.00   11.5930
   1033.00    147.00   11.4355
   1405.00    444.00   11.7140
   1507.00    391.00   10.1645
   1573.00    453.00    8.8940
   1553.00    511.00    8.9845
   1886.00    154.00    8.8940
   1758.00    952.00   10.2440
   1826.00   1214.00   10.4775
   1634.00    845.00   11.5000
   1557.00   1024.00   10.2440
     90.00   1345.00   10.8560
    273.00    975.00   10.8560
    390.00    862.00   10.2440
    474.00    832.00   10.2440
    482.00   1055.00    9.1625
    711.00   1082.00   10.2440
    834.00    748.00   10.2440
    825.00    813.00   10.2440
    841.00    988.00   10.1645
    963.00    984.00    8.0360
    983.00    976.00    9.2500
   1141.00    727.00   10.2440
   1280.00    915.00    8.9845
   1641.00   1504.00   10.4775
    217.00   1641.00   12.0540
    446.00   1664.00   11.7140
    755.00   1346.00   10.4775
    775.00   1483.00   10.8560
   1129.00   1213.00   10.4775
   1263.00   1336.00   10.4775
   1244.00   1145.00   10.1645
   1301.00   1046.00   10.1645
   1323.00   1548.00   10.4775
    906.00    169.00   11.7140
   1484.00   1846.00   10.1645
   1769.00   2195.00    9.6765
    282.00   2559.00   10.9435
    361.00   2298.00   10.4455
    599.00   2109.00   10.3820
    619.00   1966.00   10.4455
    990.00   1970.00    9.3000
   1199.00   2041.00   10.3820
   1486.00   2284.00    9.5125
   1571.00   2180.00    8.1565
   1039.00   2456.00   10.4455
    688.00   1595.00    9.2285
    886.00   1943.00   10.8115
   1076.00    438.00   15.5000
   1630.00    631.00   16.0000
