#        y         x         r
     23.00    521.00    7.6500
     86.00    353.00   13.4765
    185.00    377.00   13.3410
    232.00    716.00   11.5930
    399.00    254.00   13.3410
    759.00    339.00   12.0540
    826.00    204.00   12.0540
    883.00     34.00   11.1130
    992.00     17.00   11.5930
    427.00    924.00   13.4765
    342.00   1287.00   11.5930
    189.00   1918.00   11.5930
     78.00   2113.00    9.7180
    132.00   2213.00   11.5055
    365.00   2334.00   11.7140
   1047.00    837.00   12.7060
   1211.00    912.00   10.2440
   1268.00    576.00    9.6765
    909.00     86.00   10.2440
   1279.00    474.00    9.9235
   1429.00    394.00   10.2440
   1838.00    105.00    9.2500
   1776.00    417.00    9.1625
   1766.00    532.00   10.1645
   1855.00    744.00   10.0000
   1501.00    667.00   10.2440
   1351.00    992.00   11.7140
   1287.00   1122.00   11.4355
   1747.00   1524.00   10.4775
   1801.00   1603.00   10.1645
   1506.00   1638.00   10.1645
   1489.00   1851.00   10.1645
   1402.00   1958.00   10.8560
   1319.00   1793.00   10.4775
   1500.00   2448.00   11.7140
   1353.00    686.00   13.8750
    492.00    249.00   18.0000
    665.00    166.00   13.5000
    679.00     60.00   11.5000
    480.00    496.00   14.0000
