#        y         x         r
    130.00   1297.00   12.7850
    297.00   1724.00   12.2035
    209.00   2131.00   12.7850
    384.00   2196.00   12.0540
    539.00   2327.00   13.4765
    603.00   2346.00   12.2035
    867.00   2567.00   11.5930
    780.00   2167.00   11.5930
    653.00   1540.00   12.7850
    890.00   1787.00   11.5930
    861.00   1451.00   13.4765
    769.00   1044.00   11.1130
    882.00    884.00   12.2035
   1097.00    811.00   14.5150
   1493.00    575.00   13.4765
   1762.00    117.00   12.2035
   1935.00    318.00   13.4765
   1873.00   1042.00   11.5930
   1499.00   1324.00   11.1130
   1531.00   1400.00   12.7850
   1643.00   1363.00   13.4765
   1915.00   1567.00   12.0540
   1771.00   1859.00   11.5930
   1607.00   2153.00   11.1130
   1365.00   1893.00   13.8750
   1540.00   1795.00   14.5150
   1815.00   2279.00   13.4765
   1503.00   2380.00   13.7435
   1617.00   2481.00   10.7815
   1795.00   2474.00   13.4765
    351.00   2042.00   16.5000
   1138.00   2584.00   20.5000
   1859.00    164.00   22.0000
   1921.00    548.00   20.0000
   1919.00    721.00   17.5000
   1319.00    174.00   19.0000
   1597.00    509.00   19.0000
    648.00   2154.00   19.5000
    897.00   2021.00   17.0000
    854.00   1234.00   17.0000
