#        y         x         r
     52.00    586.00   13.7435
    159.00    707.00   13.7665
    248.00    810.00   11.9625
    300.00    832.00   13.9060
    249.00    503.00   15.8555
    217.00     77.00   13.7665
    461.00    145.00   14.3170
    460.00    405.00   15.8555
    354.00   1113.00   13.9060
    216.00   1494.00   13.9060
    469.00   1396.00   13.9060
    500.00   1490.00   13.7665
    205.00   2417.00   13.1925
    407.00   2182.00   13.9060
    457.00   2578.00   15.8555
    710.00   1446.00   13.1925
    989.00    511.00   12.4380
   1046.00    484.00   14.1815
   1051.00    331.00   13.7665
   1255.00    503.00   13.7665
   1267.00    350.00   12.5925
   1181.00    161.00   13.1925
   1165.00     95.00   12.4380
   1471.00    267.00   13.9060
   1309.00    468.00   14.3170
   1511.00    605.00   11.4670
   1708.00    292.00   11.7265
   1867.00     30.00   10.5700
   1809.00    392.00   10.5700
   1657.00    880.00   14.1815
   1864.00    936.00   11.7995
   1133.00    865.00   13.9060
   1024.00   1023.00   14.9775
   1067.00   1184.00   12.5925
   1106.00   1270.00   12.4380
   1228.00   1376.00   13.9060
   1362.00   1451.00   15.8555
   1929.00   1562.00   11.9625
   1820.00   1676.00   11.8725
   1403.00   1796.00   12.4380
   1471.00   2264.00   14.9775
   1295.00   2288.00   11.9625
   1177.00   2248.00   13.9060
   1258.00   2096.00    9.2705
    958.00   2534.00   11.9625
    726.00   2023.00   11.1250
    793.00   2044.00   11.7995
    757.00   1960.00   10.5700
    833.00   1843.00   12.4380
    966.00   1717.00   11.8725
   1045.00   1675.00   12.0875
   1000.00   1563.00   12.0875
   1080.00   1556.00   11.7265
    978.00   1917.00   20.7950
    555.00    710.00   15.0000
    513.00    741.00   12.0000
    301.00    557.00   11.5000
    453.00     91.00   14.5000
    268.00   1333.00   17.0000
    100.00   2586.00   17.0000
