#        y         x         r
     51.00    221.00    9.5295
    338.00    741.00   11.5055
     45.00   1689.00   10.4775
     16.00   1860.00   10.2440
    185.00   1946.00   13.4765
    237.00   2221.00   13.7435
    473.00   2241.00   13.3410
    618.00   2002.00   13.4765
    449.00   1713.00   15.3655
    180.00    966.00   13.3410
    294.00   1770.00   13.3410
    379.00     99.00   13.8750
    517.00    656.00   13.8750
    704.00     59.00   12.7850
    598.00    539.00   15.2470
    669.00    639.00   12.7850
    615.00    765.00   13.8750
    717.00    873.00   13.4765
    668.00   1176.00   13.3410
    866.00   1190.00   13.4765
    875.00    118.00   13.7435
    886.00     76.00   13.7435
    741.00   1725.00   11.1130
    765.00   1487.00   13.4765
    831.00   1534.00   12.0540
    858.00   1348.00   13.4765
    877.00   2056.00   13.8750
    911.00   1966.00   11.5930
   1161.00   1797.00   12.2035
   1461.00   2149.00   13.3410
   1854.00   2005.00   12.2035
   1626.00   1946.00   13.8750
   1850.00   1798.00   13.8750
   1481.00   1677.00   13.4765
   1306.00   1618.00   13.3410
   1179.00   1163.00   15.3655
   1766.00   1123.00   13.8750
   1598.00   1120.00   10.4775
   1230.00   1369.00    9.2500
   1595.00    823.00   11.4355
   1605.00    613.00    9.6765
   1748.00     90.00   10.4775
   1816.00     79.00   10.2440
   1498.00    281.00   10.2440
   1499.00    174.00   11.5000
   1552.00    193.00   12.5000
   1325.00    280.00   10.8560
   1225.00     83.00   10.2440
   1320.00     49.00    9.6765
   1063.00    850.00   12.9575
   1122.00    755.00   10.8560
   1127.00    673.00   11.3645
