#        y         x         r
     34.00   2274.00   10.8650
    322.00   2164.00   12.0540
    368.00   2223.00   15.7165
    355.00   2024.00   13.4765
    590.00   2220.00   15.3655
    776.00   2413.00   12.7850
    995.00   2366.00   13.4765
    842.00   2150.00   13.5000
    369.00   1375.00   13.4765
    318.00   1238.00   17.2585
    466.00   1082.00   12.0540
    554.00   1048.00   13.4765
    611.00   1050.00    9.2500
    691.00   1394.00   13.8750
    842.00   1758.00   13.8750
    884.00   1724.00    9.6765
    994.00   1954.00   10.8560
   1011.00   1795.00   12.7060
   1003.00   1354.00   13.7435
    358.00    593.00   13.4765
    473.00    402.00   13.3410
    492.00    156.00   13.7435
    830.00    277.00   13.8750
    892.00    544.00   15.7165
    873.00    191.00   13.4765
    961.00    229.00   13.8750
   1100.00     44.00   12.7850
   1170.00    598.00   12.7850
   1380.00     91.00   13.4765
   1449.00    235.00   12.2035
   1544.00    327.00   13.7435
   1815.00    455.00   12.7850
   1500.00    699.00   11.7140
   1428.00    823.00   11.3645
   1578.00    903.00    9.6765
   1833.00   1161.00   10.1645
   1741.00   1421.00   11.4355
   1426.00   1766.00   13.3410
   1376.00   1917.00   12.7850
   1517.00   2120.00   11.1130
   1536.00   2395.00   13.7435
   1625.00   1917.00   12.0540
   1666.00   2115.00   13.7435
   1827.00   2028.00   13.4765
