#        y         x         r
    101.00   2251.00   13.4765
    168.00   2173.00   13.7435
    257.00   2184.00   11.5930
    141.00    759.00   13.7435
    416.00   1097.00   12.7850
    499.00   1044.00   11.1130
    535.00    760.00   13.8750
    513.00   1493.00    9.2500
    534.00   1522.00    9.0000
    529.00   1793.00   13.2655
    558.00   2485.00   12.7850
    683.00   2493.00   11.5930
    697.00   2425.00   11.4355
    735.00   2309.00   10.8560
    858.00   2452.00   13.8750
    851.00   2063.00   12.7850
    802.00   1520.00   12.7850
    686.00   1045.00   15.3655
    812.00   1171.00   11.5930
    983.00   1564.00   13.8750
   1007.00   1651.00   13.4765
   1003.00   1800.00   12.7850
    934.00    869.00   13.4765
    778.00    312.00   13.8750
    823.00    306.00   12.7850
    975.00     18.00   11.1250
   1408.00    102.00   10.4885
   1394.00    732.00    9.9850
   1300.00   1149.00    9.5450
   1162.00   1268.00   10.2400
   1304.00   1692.00   11.7995
   1566.00   1337.00   12.4380
   1719.00   1121.00   14.3170
   1550.00    326.00   14.1815
   1833.00    423.00   10.5700
   1839.00    363.00   10.8115
   1648.00    490.00   12.0875
   1846.00   1652.00   12.4380
   1591.00   1837.00   13.9060
   1398.00   2349.00   14.1815
   1578.00   2183.00   12.5925
   1766.00   2395.00   11.9625
   1897.00   2171.00   12.4380
   1900.00   2023.00   10.8115
