#        y         x         r
     63.00    184.00   10.1645
    171.00    371.00    9.6765
     18.00   1288.00   11.3645
    105.00   1222.00   12.7850
     77.00   1491.00   13.5000
     17.00   1953.00   11.5930
     24.00   2565.00   13.7435
    121.00   2189.00   11.5930
    256.00   2166.00   13.3410
    419.00   2360.00   11.5930
    821.00   2345.00   13.8750
    298.00   1197.00   12.2035
    641.00    857.00   13.5000
    583.00    665.00   12.0540
    690.00    690.00   13.4765
    569.00    362.00   12.7850
    908.00    227.00   13.7435
    922.00    149.00   11.5930
    878.00     55.00   11.1130
   1117.00    646.00   12.0540
   1191.00    899.00   11.5930
   1346.00    313.00   13.4765
   1689.00    294.00   12.0540
   1922.00    222.00   10.2635
    793.00    887.00   14.8855
    614.00   1627.00   14.5150
    720.00   1664.00   15.2470
    859.00   1408.00   12.0540
    906.00   1547.00   10.7815
   1226.00   1285.00   10.2440
   1220.00   1168.00   10.2440
   1771.00    558.00    8.8940
   1825.00    687.00   11.7140
   1854.00    667.00   10.2440
   1786.00   1377.00    8.8940
   1852.00   1681.00    8.8940
   1514.00   1354.00   10.2440
   1596.00   1844.00    9.6765
   1768.00   1965.00   10.2440
   1814.00   2183.00   11.4355
   1897.00   2337.00    9.2500
   1373.00   1971.00   10.4775
   1239.00   2250.00   11.3645
   1324.00   1483.00   11.7140
    972.00   1940.00   10.1645
   1772.00    501.00   12.6335
   1740.00    471.00   14.5755
   1797.00   2044.00   17.0000
    488.00   2457.00   16.7770
    341.00   2418.00   18.6925
