#        y         x         r
    270.00    216.00   12.7850
    466.00    366.00   11.5930
    345.00    714.00   13.4765
    399.00    665.00   11.4355
    471.00    581.00   11.5930
    481.00    537.00   13.4765
     77.00   2272.00   12.0540
    141.00   2537.00   13.8750
    191.00   2562.00   13.5000
    141.00   1835.00   12.0540
    179.00   1862.00   11.5930
    281.00   1965.00   11.4355
    454.00   2074.00   13.8750
    333.00   1857.00   15.3655
    475.00   1873.00   13.4765
    584.00   2180.00   11.5930
    597.00   2228.00   12.0540
    370.00   1544.00   11.5930
    350.00   1344.00   12.2035
    435.00   1307.00   12.7850
    396.00   1039.00   11.1130
    415.00   1008.00   12.0540
    656.00    897.00   12.2035
    904.00   2523.00   11.5930
    892.00   2195.00   12.7850
    887.00   1867.00    9.5295
    904.00   1849.00    9.1625
   1084.00   1954.00    8.8940
    945.00   1776.00   11.1130
    904.00   1444.00   12.2035
   1037.00   1709.00   13.7435
   1163.00   1679.00   13.4765
   1055.00   1626.00   13.3410
   1481.00   2350.00   11.4355
   1601.00   2568.00   13.8750
   1758.00   2382.00   13.4765
   1140.00   1296.00   13.3410
   1071.00   1068.00   13.7435
   1335.00    956.00   11.1130
   1525.00   1012.00   12.2035
   1470.00   1140.00   11.3645
   1727.00   1174.00   10.1645
    885.00    734.00   12.2035
    910.00    497.00   12.7850
    928.00    337.00   13.4765
    924.00    911.00   12.9575
   1445.00    943.00   10.2440
   1314.00    350.00   10.7815
   1548.00     66.00   13.8750
   1830.00    314.00   12.7850
   1938.00    126.00   12.7850
   1199.00    997.00   10.4775
