#        y         x         r
     59.00   1931.00   11.5930
    163.00   2473.00   15.7165
    199.00   1876.00   13.8750
    163.00   1479.00   13.8750
    305.00   1417.00   11.4355
    256.00   1201.00   11.5930
    114.00   1644.00   12.7850
    434.00   2482.00   15.3655
    462.00   2086.00   11.5930
    599.00   1780.00   13.4765
    646.00   2192.00   13.7435
    683.00   2290.00   13.8750
    231.00    251.00   11.1130
    347.00    209.00   13.8750
    412.00     91.00   13.4765
    646.00     61.00   13.8750
    797.00    377.00   13.3410
    881.00    251.00   12.2035
   1014.00    358.00   11.1130
   1056.00    149.00   12.0540
    583.00   1232.00   13.4765
    643.00    991.00   13.4765
    938.00    789.00   11.4355
    727.00   2086.00   13.8750
    821.00   2249.00   11.4355
    831.00   2565.00    9.7180
    833.00   2538.00   10.4775
   1147.00   2531.00   13.8750
   1050.00   1861.00   11.1130
    872.00    991.00   13.7435
   1262.00   2143.00   11.1130
   1247.00   1868.00   11.5930
   1454.00   1886.00   13.8750
   1557.00   2412.00   12.0540
   1582.00   2572.00   11.5930
   1889.00   2150.00   11.5930
   1569.00   2079.00   11.5055
   1695.00   1814.00   11.4355
   1609.00   1618.00   11.3645
   1567.00   1269.00   11.5930
   1525.00    856.00   11.1130
   1320.00    783.00   13.7435
   1173.00    551.00   11.4355
   1215.00    543.00    8.9845
   1654.00    704.00    8.9845
   1920.00   1147.00   10.1645
   1902.00    176.00   11.7140
   1870.00     58.00   11.5055
