#        y         x         r
     23.00    558.00   10.1860
     52.00    330.00   10.6495
     51.00     50.00   11.5930
    322.00    171.00   13.8750
    395.00    547.00   12.7850
    485.00    593.00   12.0540
    150.00    989.00   13.4765
    374.00   1066.00   12.2035
    172.00   2024.00   11.5930
    130.00   2165.00   13.8750
    155.00   2409.00   13.7435
    349.00    261.00   15.3655
    216.00   1108.00   15.3655
    457.00   1506.00   16.2840
    439.00   2036.00   14.5150
    446.00   1845.00   13.3410
    541.00   2028.00   13.8750
    726.00   2080.00   13.7435
    553.00   1665.00   13.7435
    581.00   1599.00   12.7850
    654.00   1275.00   13.4765
    702.00    945.00   12.7850
    778.00   1319.00   13.4765
    831.00   1376.00   12.0540
    944.00   1511.00   13.8750
   1007.00   1639.00   13.4765
    938.00   1030.00   13.4765
    996.00    145.00   12.0540
   1079.00    259.00   13.4765
   1193.00     88.00   13.4765
   1571.00    355.00   11.5930
   1747.00    176.00   13.7435
   1795.00    145.00   12.0540
   1575.00    445.00   13.3410
   1922.00    600.00   11.5930
   1885.00    781.00   13.4765
   1924.00   1089.00   11.5930
   1723.00   1177.00   13.4765
   1928.00   1887.00   11.0000
   1782.00   2209.00   13.4765
   1560.00   2080.00   13.8750
   1411.00   2172.00   13.3410
   1392.00   1811.00   13.8750
   1326.00   1337.00   11.5930
   1506.00   1602.00   13.8750
   1283.00   1530.00   13.8750
   1091.00   1453.00   12.0540
   1124.00   1270.00   13.4765
   1774.00   1910.00   13.8750
   1047.00   1076.00   12.0000
   1176.00    991.00   17.7755
   1142.00    906.00   12.6760
    991.00   1163.00   16.4195
   1001.00   1871.00   16.6480
   1630.00    640.00   22.7750
    243.00    233.00   13.8550
    170.00   1300.00   14.8685
     56.00   1543.00   14.8685
     60.00   1585.00   12.5000
     77.00   1616.00   11.0000
    530.00   1398.00   13.0000
   1618.00   1720.00   17.1895
