#        y         x         r
     79.00    234.00    8.7855
     54.00    511.00   10.8650
    283.00    452.00   13.4765
    237.00   1605.00   13.8750
    492.00   1503.00   12.0540
    565.00    934.00   11.5930
    705.00    198.00   12.0540
    823.00    783.00   13.8750
    705.00    576.00   13.7435
   1041.00    146.00   11.5930
   1342.00     77.00   11.1130
   1631.00    351.00   12.7850
   1771.00    290.00   12.2035
    664.00   2103.00   12.2035
    778.00   1517.00   12.2035
   1056.00   2536.00   12.0540
    982.00   2199.00   12.7850
   1030.00   2238.00   11.5930
    946.00   1813.00   13.7435
    908.00   1132.00   12.0540
   1065.00    923.00   11.5930
   1247.00   2089.00   11.5930
   1423.00   2252.00   11.5930
   1719.00   2089.00   12.7850
   1217.00   1330.00   12.0540
   1330.00   1693.00   11.1130
   1450.00   2177.00   13.4765
   1439.00   1931.00   13.4765
   1477.00   1768.00   15.3655
   1338.00    652.00   11.4355
   1701.00   1682.00   13.4765
   1865.00   1725.00   13.3410
   1639.00   1032.00   13.4765
   1719.00    858.00   11.5930
   1689.00    663.00   12.2035
   1819.00    567.00   13.4765
