#        y         x         r
    129.00    637.00   10.4775
    404.00    184.00   11.5930
    444.00    120.00   13.4765
   1071.00    156.00   12.0540
   1137.00    207.00   13.4765
   1224.00    154.00   13.3410
   1362.00    262.00   11.5930
   1779.00    295.00   13.5000
   1853.00    246.00   13.3410
   1853.00    385.00   13.3410
   1939.00    698.00   13.8750
     62.00   1817.00    8.6290
     93.00   1831.00   10.5255
     62.00   2120.00   11.5055
    344.00   2240.00   15.3655
    386.00   1601.00   12.7850
    596.00   2425.00   13.4765
    790.00   2439.00   11.5930
    917.00   2562.00   12.0540
   1056.00   2451.00   11.4355
   1058.00   2318.00   12.0540
    950.00   2133.00   13.4765
    959.00   2069.00   12.7060
    794.00   1874.00   11.7140
    910.00   1781.00   11.1130
    614.00   1466.00   11.5055
    603.00   1113.00   11.7140
    672.00   1242.00   11.5055
    794.00   1211.00   11.5930
    844.00   1501.00   11.0000
    927.00   1406.00   13.4765
   1034.00   1514.00   12.7850
    968.00    995.00   11.4355
   1153.00    799.00   11.7140
   1247.00    751.00   13.4765
   1626.00    602.00   11.1130
   1547.00    938.00   13.7435
   1896.00    817.00   12.0540
   1927.00   1071.00   11.5930
   1505.00   1287.00   12.0540
   1731.00   1403.00   11.5930
   1426.00   1628.00   15.0000
   1686.00   1781.00   13.7435
   1417.00   2132.00   12.0540
   1500.00   2325.00   13.8750
   1543.00   2282.00   11.5930
   1869.00   2298.00   10.4825
    317.00   1123.00   12.7060
    771.00    667.00   15.3655
