#        y         x         r
    182.00      7.00   13.4765
     39.00    292.00    9.5295
    178.00    479.00   14.5150
    351.00    168.00   13.8750
    212.00    656.00   13.7435
    295.00    688.00   13.8750
    223.00    874.00   13.3410
     96.00   1204.00   12.7850
    237.00   1110.00   13.7435
    108.00   1932.00   12.2035
    264.00   2051.00   11.4355
    291.00   1800.00   11.5930
    330.00   1358.00   12.0540
    387.00   1416.00   10.4775
    440.00   1890.00    9.0405
    456.00   1912.00    8.5765
    585.00   1869.00   10.2440
    587.00   1706.00   11.3645
    564.00    973.00   12.2035
    535.00    400.00   12.2035
    714.00    592.00   13.7435
    684.00    233.00   12.7060
    859.00    392.00   12.7850
    846.00    515.00   14.2055
    983.00    468.00   12.7695
   1394.00    170.00   13.8750
   1617.00    118.00   13.4765
   1891.00    100.00   10.8560
   1621.00    631.00   12.7850
   1785.00    789.00   12.0540
   1709.00   1111.00   13.4765
    770.00   1068.00    8.9900
    932.00   1098.00   10.9300
    980.00    859.00   12.0540
   1140.00    903.00   13.8750
   1294.00    833.00   12.0540
    774.00   1544.00   13.4765
    816.00   1860.00   11.5930
    831.00   2181.00   11.1130
    889.00   2302.00   13.3410
    947.00   2458.00   12.0540
   1101.00   1479.00   12.0540
   1265.00   1334.00   13.4765
   1446.00   1491.00   12.0540
   1450.00   1574.00   11.4355
   1558.00   2322.00   11.5930
   1563.00   2432.00   12.0540
   1816.00   1875.00   12.2035
   1900.00   2009.00   12.2035
   1915.00   1958.00   13.3410
   1140.00   1647.00   17.7755
   1516.00   2224.00   15.7150
   1745.00    208.00   14.1245
