#        y         x         r
      7.00     37.00    9.3875
    107.00     72.00   11.4355
     69.00   2364.00   12.0540
     96.00   2265.00   13.3410
     60.00   1689.00    8.8940
    144.00   1045.00   11.5930
    183.00   1078.00   11.5930
    138.00    652.00   12.0540
    317.00    668.00   12.0540
    278.00    436.00   10.8560
    343.00    405.00   12.7850
    336.00    252.00   13.4765
    381.00    179.00   13.3410
    527.00    154.00   11.5930
    450.00    481.00   11.5930
    523.00    232.00   13.7435
    381.00   1685.00   12.2035
    446.00   1422.00   11.5930
    618.00    911.00   11.5930
    675.00    612.00   12.7850
    660.00    511.00   12.0540
    686.00    382.00   13.4765
    850.00    392.00   12.2035
    915.00    633.00   13.8750
    930.00    721.00   13.4765
   1140.00    435.00   13.7435
   1441.00    489.00   10.7815
   1435.00    537.00    9.9235
   1596.00    746.00   11.7140
   1241.00    874.00   11.7640
   1427.00    884.00   10.9435
   1908.00   1145.00    9.2285
    603.00   2460.00   12.5970
    990.00   2534.00   14.2685
    909.00   1412.00   14.2685
   1058.00   1735.00   10.3820
   1043.00   1319.00    8.7850
   1182.00   1665.00   12.5970
   1291.00   1564.00   11.0795
   1361.00   1342.00   10.9435
   1396.00   1196.00   12.0435
   1703.00    765.00   12.5970
   1737.00   1346.00   12.2350
   1317.00   2378.00   12.2350
   1274.00   2477.00   12.2350
   1618.00   2548.00   12.2035
   1556.00   2379.00   10.7815
   1609.00   2226.00   11.5930
   1743.00   2180.00   13.4765
   1451.00   1872.00   10.2440
    757.00    724.00   10.2440
