#        y         x         r
     50.00    233.00    9.5415
    141.00    522.00   12.7850
    299.00    346.00   13.4765
    416.00    370.00   12.0540
    692.00     87.00   11.5930
    890.00    283.00    9.5295
   1107.00    275.00    9.5295
   1334.00    477.00   12.7850
   1321.00    521.00    9.5295
    115.00   1338.00   13.8750
    239.00   1767.00   12.0540
     51.00   2533.00   11.9865
    317.00   1174.00   14.5150
    472.00    787.00   12.0540
     59.00   1756.00   14.2055
    293.00   2489.00   13.4765
    354.00   2520.00   13.3410
    486.00   2448.00   13.4765
    575.00   2580.00   10.2440
    452.00   1667.00   12.2035
    852.00    974.00   13.4765
    946.00   1460.00   13.3410
    953.00   1240.00   12.7850
    998.00   1028.00   11.7140
   1122.00   1112.00   11.5055
   1228.00   1183.00    9.2500
   1502.00    751.00    9.2500
   1569.00    914.00    8.9845
   1737.00    733.00   11.5055
   1849.00    798.00   10.4775
   1857.00    346.00   12.5140
    967.00   2023.00   14.5150
   1190.00   2097.00   13.4765
   1267.00   1843.00   13.7435
   1315.00   1932.00   13.3410
   1483.00   2242.00   10.8560
   1544.00   1847.00   10.4775
   1537.00   1963.00    8.8940
   1554.00   1980.00    8.1420
   1723.00    964.00    8.5235
    604.00    293.00   14.1245
    544.00      8.00   11.8405
    596.00    839.00   13.5000
    685.00    804.00   14.1245
   1560.00   2085.00   16.2545
   1437.00   1896.00   21.0000
    997.00   1207.00   14.1245
   1153.00   2486.00   17.5000
    141.00   2243.00   16.6155
   1680.00    326.00   16.5000
