#        y         x         r
     18.00    157.00   11.0000
    278.00    253.00   11.4355
    463.00     54.00   12.0540
    575.00    114.00   12.7850
    507.00    240.00   12.7850
    607.00    354.00   11.5930
     27.00   2304.00   13.2730
    390.00   2444.00   10.8560
    554.00   2574.00   12.0540
    436.00   2313.00   10.1645
    275.00   1468.00   12.0540
    245.00   1251.00   12.2035
    504.00   1053.00   11.5930
    623.00   1044.00   12.2035
    808.00   1155.00   10.4775
    942.00   1403.00   11.4355
    746.00   1814.00   11.4355
    902.00   1933.00   12.7850
    877.00   2242.00   13.8750
    903.00   2343.00   11.4355
    966.00   2350.00   12.0540
   1030.00   2351.00   12.2035
   1147.00   2338.00   10.2440
   1339.00   1963.00   12.2035
   1790.00   1986.00   10.2440
   1884.00   1975.00    9.1625
   1485.00   1781.00    9.9235
   1114.00   1678.00    9.9235
   1289.00   1656.00   10.4775
   1189.00   1577.00    8.5235
   1273.00   1394.00   10.2440
   1286.00   1333.00   10.8560
   1516.00   1506.00   10.2440
   1453.00   1333.00   10.4775
   1868.00   1335.00    8.8940
    907.00   1021.00   11.9865
   1127.00   1005.00    9.6765
   1071.00    812.00   12.0540
   1129.00    830.00   12.7850
   1137.00    746.00   11.1130
   1102.00    635.00   12.2035
   1144.00    667.00   13.4765
   1216.00    465.00   13.4765
   1239.00    347.00   12.0540
   1480.00    637.00   13.4765
   1808.00    897.00   12.0540
   1575.00    214.00   15.7165
   1690.00    317.00   11.5930
   1606.00     92.00   11.1130
   1853.00    156.00   10.2440
   1931.00    431.00   12.0540
