#        y         x         r
     26.00    540.00   10.7000
    303.00    204.00   11.7140
    146.00    928.00   12.7850
    270.00   1550.00   11.4355
     18.00   2126.00   12.4250
     13.00   2418.00   10.2635
    240.00   1804.00   13.7435
    199.00   2126.00   12.0540
    307.00   2203.00   13.4765
    310.00   2394.00   12.7850
    432.00   2406.00   11.5930
    621.00    816.00   12.7850
    898.00    362.00   12.0540
    877.00   2113.00   12.0540
    826.00   2035.00   11.4355
    839.00   1923.00   12.2035
    828.00   1604.00   12.0540
    843.00   1455.00   10.4825
   1108.00    634.00   12.4380
   1345.00    669.00   13.9060
   1495.00    551.00   12.5925
   1373.00    405.00   13.9060
   1885.00     23.00   12.4380
   1156.00   1318.00   11.9625
   1809.00   1364.00   10.5700
   1074.00   1660.00   11.8725
    959.00   1974.00   12.4380
   1134.00   1826.00    9.9850
   1228.00   1676.00   13.3705
   1294.00   2317.00   13.9060
   1475.00   2498.00   14.3170
   1361.00   2171.00   13.9060
   1617.00   2163.00   13.7665
   1664.00   1931.00   13.9060
   1522.00   1770.00   12.4380
    814.00   2536.00   24.5000
    665.00   2262.00   16.5000
    573.00   1873.00   16.5000
    422.00   1275.00   13.5000
    856.00   1292.00   18.0000
    837.00   1797.00   14.5000
     77.00   2438.00   16.0000
      2.00    864.00   18.5000
