#        y         x         r
    115.00    401.00   10.4775
    150.00    886.00   11.9865
    189.00   1689.00   12.7850
    237.00   1768.00   13.8750
    176.00   2326.00   13.4765
    419.00    980.00   14.5150
    588.00    901.00   13.8750
    789.00    263.00   13.4765
    551.00   2116.00   11.5055
    694.00   2138.00   12.0540
    647.00   2342.00   11.5055
    879.00   2456.00    9.2500
    675.00   1913.00   11.3645
    858.00   2057.00    9.6765
    946.00   1941.00    9.9235
   1056.00   2058.00   12.0540
   1058.00   1932.00    9.6765
    753.00   1386.00    9.6765
    775.00   1343.00   10.9300
   1158.00   2370.00   10.9300
   1412.00   2519.00   11.4355
   1187.00   1233.00   13.7435
   1187.00    219.00   12.7850
   1243.00    392.00   12.2035
   1359.00     32.00    9.2500
   1470.00    276.00   10.2440
   1511.00    450.00   10.2440
   1745.00    196.00   10.9300
   1835.00    150.00   10.2440
   1729.00    441.00   10.4775
   1915.00    468.00    8.9845
   1593.00    736.00    9.6765
   1635.00    901.00   10.2400
   1719.00    970.00   10.5700
   1773.00    999.00   10.4885
   1334.00   1539.00   10.5700
   1579.00   1483.00   10.5700
   1741.00   1453.00   10.5700
   1517.00   1985.00   10.4885
   1574.00   2006.00    9.2705
   1740.00   2107.00   10.8115
   1925.00   2185.00   10.4885
