#        y         x         r
    188.00    473.00   12.0540
    269.00    229.00   10.2440
    529.00    432.00   11.7140
    589.00    297.00   12.5140
    753.00    510.00   11.9865
    743.00    229.00   10.2440
    764.00    121.00   12.9575
    798.00    174.00   10.2440
   1083.00     25.00   12.0540
   1071.00    617.00    9.2500
   1261.00    537.00   12.7695
   1537.00    161.00   10.5700
      8.00   1136.00   13.0000
     57.00    911.00    8.9690
    256.00    877.00   15.8555
    453.00    696.00   15.8555
    434.00   1471.00   16.2170
    418.00   1206.00   13.6880
    190.00   1986.00   13.9060
     26.00   1858.00    9.4725
     79.00   1887.00   10.3465
    393.00   1782.00   12.0875
    595.00   2034.00   11.7995
    668.00   1550.00    9.2705
    692.00   1527.00    9.0655
    664.00   1371.00   10.1240
    269.00   2494.00   13.9060
   1198.00    963.00    9.5450
   1270.00   1177.00   11.8725
   1348.00   1218.00   10.5700
   1638.00    991.00   10.8115
   1667.00    922.00    9.2705
   1047.00   1664.00    9.2705
   1484.00   1699.00    9.2705
   1512.00   1995.00    9.1775
   1589.00   2222.00   10.4885
    564.00   2438.00    9.5450
    349.00   2568.00   11.2020
    793.00   2443.00   10.5700
    887.00   2419.00   13.6880
    852.00   2163.00    9.5450
    940.00   2000.00   10.5700
   1255.00   2139.00    9.9850
   1066.00   1391.00   12.0875
   1517.00   1556.00   13.4985
   1731.00   1808.00   12.0875
   1857.00   1978.00   12.0875
   1814.00   2175.00   13.3705
   1734.00   1594.00    9.4545
   1536.00   1856.00   11.2020
   1623.00   1907.00   13.1760
    868.00   1956.00   20.0000
     19.00    775.00   20.7950
    106.00   2361.00   23.0000
    407.00   2199.00   19.3165
