#        y         x         r
     92.00   1710.00   11.7140
    168.00   2133.00   10.2440
    316.00    496.00   10.4775
    615.00    377.00    9.9235
    642.00    560.00   10.4775
    515.00    889.00   13.4765
    192.00   1728.00   12.5000
     34.00   2350.00   15.3000
    255.00   2448.00   11.4355
    417.00   2576.00    9.2500
    301.00   2401.00   11.0000
    325.00   2308.00   11.4355
    394.00   2085.00   11.3645
    408.00   1889.00   10.1645
    664.00   2093.00   13.4765
    759.00   2246.00   13.8750
   1010.00   2151.00   13.3410
   1361.00   2318.00   12.7850
   1509.00   2493.00   13.8750
   1563.00   2260.00   13.7435
    706.00   1048.00   13.8750
    724.00    930.00   13.4765
    888.00   1528.00   11.5930
   1103.00   1678.00   13.4765
    767.00   1221.00   13.4765
    864.00   1276.00    9.2500
    888.00    467.00    9.1625
   1016.00    702.00    8.9845
   1291.00    647.00   10.2440
   1269.00    433.00    8.5235
   1649.00    446.00    8.8940
   1785.00   1509.00    9.2500
   1783.00   1137.00    9.6765
   1494.00   1134.00    9.1625
   1351.00   1330.00   10.7815
   1165.00   1240.00   10.2440
   1009.00   1296.00    8.8940
   1050.00   1180.00    8.9845
    922.00    939.00   10.2440
   1134.00   1088.00   14.0340
   1779.00      0.00   10.4775
   1853.00     84.00   10.8115
   1148.00    766.00   11.7265
     54.00   1202.00   11.2020
   1034.00   1628.00   17.1895
   1167.00   1387.00   15.8175
   1024.00    349.00   17.6540
   1192.00    291.00   13.2990
   1761.00     96.00   17.6845
   1753.00    237.00   22.5000
    366.00    409.00   17.0000
    631.00   1082.00   15.5000
    849.00   1084.00   19.4000
