#        y         x         r
     28.00    566.00    7.7745
     53.00    983.00    9.9490
     51.00   1592.00   10.1645
    182.00   1525.00    9.6765
    371.00    815.00    9.6765
    331.00   1072.00    9.6765
    394.00    412.00    8.8940
    368.00     29.00   10.2440
    767.00    390.00    8.8940
    973.00    107.00    8.9845
   1827.00     32.00    8.9845
   1616.00    353.00   10.1645
   1704.00    736.00    9.2500
   1859.00    989.00    8.5235
   1837.00   1448.00    9.2705
   1863.00   1779.00    8.7950
   1590.00   1285.00   10.5700
   1460.00   1113.00   10.4885
    961.00    640.00    9.4545
   1029.00    666.00   10.5700
   1799.00   2303.00    9.4545
   1711.00   2073.00    9.4545
   1637.00   1960.00    9.2705
   1410.00   1744.00    8.2920
   1229.00   1483.00    7.9750
   1214.00   1241.00    9.2705
   1012.00   1522.00    9.2705
    977.00   1260.00    9.2705
    877.00   1438.00    8.7950
    838.00   1478.00    9.5450
    764.00    881.00    9.1775
    623.00    832.00    8.2920
    790.00    824.00    7.9750
    789.00    751.00    8.3950
   1723.00   1422.00    9.2705
    598.00   2045.00    9.1775
   1030.00   2574.00    8.7950
