#        y         x         r
    246.00    375.00   11.7995
    237.00    496.00   11.9625
    293.00    351.00    9.5450
    139.00    984.00   11.9625
     17.00   1012.00    9.9200
     51.00   1434.00    7.9275
    169.00   1180.00   14.3170
    264.00   1089.00   11.7995
    241.00   1568.00   13.1925
    335.00   1827.00   10.2400
    240.00   2383.00   14.3170
    501.00   1421.00   12.0540
    470.00    817.00   11.5055
    668.00    652.00   11.5930
    663.00   1416.00   12.7850
    623.00   1620.00   11.7140
    637.00   1952.00   10.1645
    799.00   2463.00   10.2440
    817.00   2543.00   10.2440
    905.00   2583.00   10.1645
    851.00   2114.00    9.6765
    789.00   2029.00   10.1645
    995.00    856.00   11.4355
   1005.00     96.00   10.2440
   1178.00    235.00    9.1625
   1483.00    199.00    8.8940
   1582.00    144.00   10.1645
   1615.00     74.00   10.4775
   1259.00    478.00    9.2500
   1216.00    781.00    9.9235
   1488.00    717.00    8.9845
   1389.00   1346.00    9.1625
   1556.00   1354.00    9.1775
   1772.00   1218.00    9.9850
   1819.00   1154.00    9.1775
   1122.00   2078.00   10.4885
   1274.00   2236.00   10.5700
   1299.00   1975.00   10.5700
   1308.00   1745.00    9.2705
   1624.00   1538.00    9.9850
   1759.00   1559.00    9.1775
   1818.00   1519.00   11.8725
   1902.00   1464.00    9.8820
   1148.00    485.00    7.4885
   1704.00   1428.00    8.9040
   1913.00   1917.00    8.9040
   1816.00   2385.00    7.8665
   1618.00   2421.00    7.6800
   1718.00   1736.00    9.4545
   1301.00   2155.00   10.5700
   1601.00    454.00   11.7995
    674.00    706.00    7.8665
    658.00    596.00    7.8665
    760.00    810.00   20.7690
    609.00    903.00   17.1265
   1446.00   1599.00   15.8175
    987.00   1871.00   13.9325
    187.00   2025.00   13.8550
   1614.00    610.00   17.6235
   1938.00    970.00   17.7450
   1303.00    918.00   16.6480
