#        y         x         r
    107.00   1020.00    9.2500
    333.00   1010.00   10.2440
    433.00   1221.00    8.9845
    383.00    189.00   10.2440
    503.00    157.00   10.5700
    480.00    688.00    9.4545
    480.00    735.00    9.2705
    473.00    312.00   10.5700
    285.00   1227.00   11.7995
     87.00   1685.00   10.5700
    743.00    960.00    9.5450
    725.00   1465.00    6.9530
    719.00   1484.00    7.0905
    175.00   2382.00    8.7950
    290.00   2165.00   10.5700
    376.00   2146.00    9.2705
    405.00   2553.00    9.9850
    509.00   2551.00    9.4545
    602.00   2064.00    9.5450
    681.00   2164.00    9.5450
    929.00   1155.00    9.9850
    930.00    675.00    7.9750
    962.00    747.00    7.9750
   1045.00    718.00    9.2705
   1068.00    312.00    9.5450
   1355.00    390.00    7.8665
   1435.00    486.00    9.2705
   1806.00    733.00    9.4545
   1507.00   1036.00    9.2705
   1773.00   1187.00    8.7950
   1849.00   1252.00    9.2705
   1548.00   1278.00    9.2705
   1583.00   1384.00    8.7950
   1749.00   1559.00    7.9750
   1528.00   1444.00    7.9750
   1685.00   1605.00    9.5000
   1657.00   1759.00    9.5450
   1585.00   2455.00    9.5450
   1341.00   2360.00    9.5450
   1325.00   2073.00    9.1775
   1374.00   1787.00    9.2705
   1231.00   1934.00    8.3950
   1092.00   1293.00   10.4885
