#        y         x         r
     67.00    322.00    6.9530
     91.00    335.00    6.5960
    480.00    256.00   12.4380
    276.00    673.00   12.4380
    193.00   1011.00   11.9625
    153.00   1286.00    9.2705
    237.00   1412.00   11.7995
    257.00   1518.00   11.4670
     90.00   2220.00    9.4545
    285.00   1732.00    8.2920
    323.00   1746.00    9.1775
    295.00   2033.00    9.5450
    443.00   2086.00    8.2920
    660.00   2393.00    9.2705
    407.00   1303.00    9.2705
    511.00   1667.00    9.2705
    637.00   1505.00    9.2705
    677.00   1514.00   10.5700
    741.00    481.00    9.5450
    697.00    759.00    9.2705
    774.00    544.00    9.2705
   1015.00    334.00    9.1775
   1507.00     44.00    9.2705
    686.00   2468.00    9.2705
    702.00   2530.00    9.1775
    872.00   2503.00    9.1775
    817.00   1988.00   10.4885
   1055.00   2492.00   12.0875
   1327.00   2433.00   11.8725
   1697.00   2569.00    7.6450
   1413.00   2257.00    9.4545
   1771.00   2278.00    7.6450
   1848.00   2161.00    9.5450
   1889.00   1923.00    9.2705
   1592.00   1812.00    9.1775
   1507.00   1718.00    7.6450
   1249.00   1969.00    7.9750
   1222.00   1781.00    9.2705
   1165.00   1703.00    9.2705
   1096.00   1559.00    9.2705
    804.00   1044.00    9.2705
   1019.00   1160.00    9.5450
   1118.00    999.00    9.2705
   1218.00    817.00   10.2400
   1272.00    644.00    9.2705
   1501.00    875.00    9.2705
   1620.00   1084.00    9.5450
   1605.00    945.00    9.1775
   1677.00    711.00    9.1775
   1729.00    768.00    8.2920
   1887.00    914.00    9.5450
   1701.00   1584.00    9.2705
    852.00    772.00    9.5450
   1284.00    827.00   10.6915
    856.00    164.00   15.4380
    768.00    168.00   13.1355
