#        y         x         r
     64.00    917.00    8.2920
    159.00   1393.00    9.5450
     44.00   2503.00    8.9040
    157.00   1426.00   11.0000
     58.00   2405.00    8.4585
    106.00   2372.00    9.0655
    173.00   2342.00    8.8500
    253.00   1486.00    8.7950
    269.00   1437.00   10.0000
    338.00   1031.00    7.4885
    405.00   1830.00    9.9850
    436.00   1667.00    9.2705
    463.00   1212.00    9.1775
    553.00   1179.00    8.2920
    486.00    657.00    8.9040
    639.00    954.00    7.4885
    747.00   1076.00    8.9040
    655.00   1426.00    7.9275
    653.00   2234.00    9.2705
    831.00   2189.00    7.9750
    859.00   2029.00    9.5450
    926.00   2064.00    9.2705
   1007.00   2431.00    8.3950
   1063.00   2343.00    9.5450
   1315.00   2185.00   10.4885
   1430.00   2093.00   10.5700
   1590.00   1862.00    9.9850
   1817.00   2148.00    8.2920
   1834.00   2333.00    7.8665
   1228.00   1459.00    9.2705
   1465.00   1321.00    8.7950
   1084.00    826.00    9.2705
   1240.00    980.00    8.7950
   1395.00    974.00    8.3950
   1629.00   1083.00    8.2920
   1674.00    725.00    9.1775
   1464.00    443.00    7.9750
   1312.00     19.00    7.9055
   1659.00   1394.00   14.9770
   1522.00   1138.00   15.8515
    822.00    287.00   15.8515
    692.00    289.00   14.9770
    849.00    490.00   14.7595
    413.00      8.00   18.5000
