#        y         x         r
     47.00   1162.00    8.7855
     90.00   1138.00    8.5235
    141.00   1377.00    8.9845
    269.00   1266.00    9.6765
    352.00   1119.00    8.8940
    288.00   1652.00   10.8560
    362.00   1517.00   10.4775
    670.00    800.00    8.9845
    189.00   2424.00   10.9300
    486.00   2400.00   10.4775
    618.00   2284.00    9.2500
    676.00   1751.00   10.2440
    731.00   1602.00    8.9845
    789.00   1649.00    9.6765
    867.00   1449.00    8.5235
    931.00   1240.00   10.1645
    881.00   1997.00   10.2440
    914.00   2186.00    7.2575
    925.00   2206.00    6.7385
   1179.00   2389.00    7.6235
   1086.00   1720.00    9.2500
   1049.00   1027.00    9.2500
   1147.00   1123.00    9.2500
   1087.00    880.00   10.8560
   1269.00    714.00    8.5235
   1409.00    561.00   12.0540
   1441.00    158.00    9.2500
   1540.00    472.00    8.9845
   1593.00    484.00    8.9845
   1664.00    277.00    9.1625
   1850.00    665.00    8.9845
   1438.00   1501.00    8.5235
   1585.00   1437.00    9.2500
   1749.00   1215.00    9.9235
   1756.00   1173.00    8.1355
   1856.00   1149.00    8.8940
   1892.00    743.00    9.1625
   1591.00   1986.00    8.9845
   1505.00   2245.00    8.9845
   1330.00   1194.00   10.1645
    627.00    976.00   15.4380
    197.00      4.00   13.5000
   1757.00   1863.00   18.5000
   1755.00   1983.00   16.7770
   1387.00   1848.00   14.4270
   1279.00    899.00   14.4640
   1207.00    958.00   10.3845
   1284.00    827.00   17.0000
