#        y         x         r
    148.00    121.00   10.2440
    358.00    412.00   10.1645
    756.00    161.00   10.2440
   1035.00    311.00   11.0000
    949.00    484.00   10.1645
   1052.00    576.00   11.7140
   1325.00    629.00    8.9845
   1676.00    789.00    9.9235
   1429.00    850.00   10.2440
   1033.00    773.00   10.2440
   1113.00    907.00   10.4775
    943.00   1060.00   10.2440
    698.00   1132.00   11.3645
    540.00   1116.00   10.4775
    475.00    947.00   10.4775
     70.00   1416.00    8.8940
    144.00   1530.00    8.9845
    206.00   1588.00   10.2440
    397.00   1431.00   10.2440
    476.00   1481.00   12.9575
    626.00   1356.00   11.7140
    763.00   1559.00    9.6765
    452.00   1783.00   12.0540
    817.00   1794.00    9.2500
   1173.00   1741.00   11.7140
   1391.00   1766.00   10.1645
   1460.00   1680.00    8.9845
   1451.00   1556.00   11.7140
   1549.00   1545.00    9.6765
   1673.00   1448.00   10.0000
   1678.00   1407.00    9.6765
   1723.00   2314.00    9.6765
   1497.00   1966.00   12.7695
    547.00   2309.00   10.2440
    282.00   2069.00   10.8560
    221.00   2185.00    9.6765
    309.00   2356.00   10.7815
    359.00   2526.00   11.7140
    129.00   2456.00   10.4775
    787.00   1707.00   13.0000
   1063.00   1664.00   19.5000
    438.00   1217.00   14.0000
