#        y         x         r
     99.00    208.00    9.5770
    131.00    318.00   10.1645
    260.00    229.00   10.2440
    195.00    918.00    9.9235
    113.00   1094.00   10.2440
     34.00   1369.00    6.8610
    109.00   1518.00    9.2500
     80.00   1919.00    9.1625
    222.00   2076.00   10.1645
    232.00   2004.00    8.9845
    348.00   1514.00   10.1645
    341.00   1371.00    9.6765
    412.00   1375.00    8.9845
    615.00   1374.00   10.2440
    701.00   1626.00    9.6765
    499.00   2274.00   10.1645
    759.00   2205.00    8.9845
    858.00   2195.00   10.2440
    977.00   2057.00   10.2440
    915.00   1226.00   10.2440
   1033.00   1161.00    8.9845
   1090.00   1547.00   10.2440
   1089.00   1370.00   10.7815
   1259.00   1231.00    9.1625
   1285.00   1047.00    8.5235
   1343.00    837.00    9.2500
   1283.00    510.00    8.1355
   1403.00   1229.00    9.1625
   1485.00   1255.00    8.9845
   1589.00    728.00    9.6765
   1607.00    207.00   10.2440
   1808.00    186.00    8.0360
   1832.00    196.00    6.9530
   1811.00    307.00    7.1585
   1888.00    376.00    9.3285
   1754.00    864.00    7.9275
   1849.00    991.00    6.5960
   1831.00   1225.00    7.9275
   1872.00   1440.00    7.9275
   1656.00   1797.00    6.9530
   1709.00   2238.00    7.1585
   1583.00   2150.00    8.1085
   1562.00   2336.00    9.2765
   1505.00   2405.00    7.8665
   1591.00   2460.00    7.8665
   1630.00   2532.00    7.4885
