#        y         x         r
     84.00    339.00   12.0540
     50.00   1298.00    8.5235
    133.00   1277.00   10.6185
     50.00   2144.00    8.9845
     98.00   2114.00   10.2440
    185.00   2459.00   10.7815
    273.00   2529.00    9.6765
    370.00   2534.00   10.2440
    553.00   2330.00   10.8560
    516.00   2248.00   11.3645
    547.00   1881.00   11.7140
    509.00   1600.00   10.4775
    449.00   1169.00    8.9845
    421.00   1063.00    8.9845
    331.00    976.00    8.9845
    592.00    650.00    9.2500
    774.00    619.00    8.5235
    794.00    420.00   11.4355
    953.00    711.00   10.2440
   1111.00    680.00   10.4775
    880.00   1610.00   10.2440
    812.00   1916.00    8.8940
    840.00   2098.00   10.2440
    808.00   2277.00    8.5235
    830.00   2462.00    8.9845
    899.00   1925.00   10.1645
   1094.00   1861.00   12.9575
   1362.00   2139.00   10.5700
   1381.00   2053.00    9.5450
   1486.00   2546.00    9.2705
   1580.00   2133.00    8.7950
   1902.00   2398.00    9.5450
   1911.00   2094.00   10.5700
   1764.00   2019.00    9.1775
   1744.00   1906.00    9.1775
   1937.00   2011.00   10.0280
   1558.00   1890.00   10.2660
   1429.00   1726.00   10.2400
   1657.00   1379.00    9.4545
   1598.00   1227.00    9.2705
   1913.00   1300.00    9.5450
    631.00    889.00   12.0540
   1744.00    835.00    9.2500
   1815.00    425.00   10.4775
   1509.00    661.00    8.9845
   1268.00    813.00   12.7060
   1433.00    288.00    9.2500
   1321.00    124.00   10.2440
    679.00   1051.00   10.0000
    571.00    802.00   14.0000
    403.00    924.00   12.0000
    185.00   1672.00   20.0000
   1036.00   1932.00   18.0000
   1346.00   1749.00   14.0000
   1381.00   1691.00   14.5000
   1446.00   1664.00   12.0000
   1385.00    764.00   11.0000
   1419.00    746.00    9.0000
   1047.00   2206.00   14.5000
