#        y         x         r
     74.00     99.00   11.5055
    100.00    469.00   13.4765
     62.00    952.00   10.2440
     47.00   2159.00   10.5255
    140.00   2057.00    8.5765
    145.00   1925.00    8.6290
    222.00   2278.00    8.6290
    292.00   2156.00    7.6830
    382.00   2425.00   10.5255
    500.00   2291.00    8.5765
    260.00   1641.00    8.6290
    251.00    633.00   10.4775
    565.00   1422.00    9.2500
    788.00   2035.00   11.3645
    708.00   1194.00    8.9845
    703.00    995.00    9.2500
    657.00    845.00    9.1625
    355.00      5.00   11.9865
    576.00    183.00   11.9865
    645.00     91.00    9.2500
    832.00    513.00    9.1625
   1048.00    194.00    8.8940
   1107.00    289.00    8.8940
    828.00   1476.00    8.8940
    949.00   1540.00   11.4355
   1106.00   1613.00   10.2440
   1094.00   1147.00    9.2705
    653.00   1353.00   13.7665
   1263.00   1058.00   11.7995
   1314.00    535.00   10.0280
   1335.00    566.00    9.1775
   1519.00    366.00   11.4670
   1915.00    679.00   10.5700
    842.00   2505.00   16.2170
   1212.00   2230.00   13.9060
   1149.00   2478.00   14.9775
   1334.00   2348.00   14.3170
   1436.00   2226.00   11.7995
   1747.00   1975.00   11.9625
   1522.00   1601.00   12.5925
   1436.00   1326.00   12.5925
   1786.00   1318.00   12.4380
   1940.00   1404.00   11.9625
    908.00   1425.00   13.0000
     77.00   1838.00   16.5000
    835.00     98.00   13.5000
    793.00    185.00   14.5000
    665.00    314.00   15.0000
    285.00    143.00   15.5000
