#        y         x         r
     14.00    193.00    7.5085
     52.00    295.00    8.9845
     86.00    347.00    8.8940
     41.00    423.00    8.5765
     55.00    500.00    8.0360
     27.00    567.00    6.5135
     61.00    639.00    7.4010
     90.00    606.00    7.4085
     85.00    806.00    6.5245
     13.00   1038.00    5.8185
     50.00    999.00   10.2440
     90.00    886.00    8.5235
    110.00    928.00    7.7285
     58.00   1142.00   10.9300
     83.00   1052.00    9.2500
    136.00   1032.00   11.0000
    131.00    161.00    8.1355
    183.00    129.00    7.6235
    171.00     67.00    9.2500
    204.00     96.00    7.7285
    275.00     70.00    7.7285
    281.00     93.00    6.3925
    442.00      0.00    8.8940
    320.00    192.00    9.1625
    278.00    261.00    7.4085
    307.00    265.00    7.4085
    290.00    349.00    8.0360
    187.00    422.00    9.1625
    182.00    479.00    8.8940
    249.00    476.00    8.0360
    211.00    551.00    8.5235
    135.00    654.00    8.0360
    187.00    632.00    9.2500
    160.00    799.00   10.1645
    204.00    834.00    8.8940
    184.00    925.00    9.5450
    214.00    949.00    9.2705
    206.00    994.00    8.3950
    138.00   1142.00    8.2920
    176.00   1164.00    9.2705
    227.00   1185.00    9.1775
     13.00   1462.00    9.2010
     61.00   1439.00   10.5700
    121.00   1415.00    9.1775
    170.00   1393.00    9.5450
     61.00   1513.00    8.3950
     51.00   1589.00    8.3950
    121.00   1545.00    9.5000
    154.00   1554.00    9.5450
    170.00   1585.00    7.9750
    103.00   1728.00    9.5450
    107.00   1814.00    8.2920
    134.00   1844.00    9.4545
    119.00   1890.00    9.4545
     40.00   1997.00   10.5700
     38.00   2081.00    9.8820
     59.00   2175.00    8.4015
     37.00   2230.00    7.9275
     66.00   2216.00    7.4885
     56.00   2255.00    8.1085
     73.00   2281.00    7.9275
    120.00   2301.00    6.9530
    153.00   2356.00    7.4885
     11.00   2353.00    6.4895
     27.00   2429.00    6.9530
    116.00   2464.00    7.8665
    112.00   2535.00    7.9275
    145.00   2498.00    7.0000
    193.00   2591.00    8.0000
    212.00   2553.00    9.0655
    136.00   2153.00    9.0655
    139.00   2125.00    7.1585
    216.00   2413.00    8.0000
    197.00   2088.00    7.9275
    214.00   2053.00    6.5960
    242.00   2045.00    7.5000
    279.00   2087.00    8.1085
    244.00   2144.00    6.9530
    384.00    222.00    9.1775
    387.00    261.00    7.9750
    378.00    314.00    7.6450
    389.00    360.00    9.1775
    379.00    433.00    8.7950
    312.00    523.00    8.7950
    370.00    594.00    7.6450
    318.00    667.00    8.7950
    297.00    762.00    7.9750
    281.00   1084.00    9.5000
    305.00   1037.00    9.4545
    326.00    952.00    7.9750
    339.00    980.00    9.1775
    363.00    893.00    7.8665
    385.00    974.00    9.5450
    308.00   1137.00    8.2920
    315.00   1163.00    8.2920
    346.00   1175.00    9.5450
    274.00   1243.00    9.5450
    232.00   1347.00    9.2705
    208.00   1472.00    9.5450
    306.00   1317.00    9.4545
    253.00   1532.00    8.3950
    253.00   1708.00    7.9750
    280.00   1652.00    7.8665
    294.00   1858.00    9.1775
    377.00   1413.00    6.8830
    354.00   1289.00    9.9850
    402.00   1147.00   10.5700
    418.00   1085.00    9.9850
    415.00    921.00    9.2705
    463.00    884.00    7.8665
    359.00   1556.00    8.2920
    338.00   1676.00    9.4545
    320.00   1852.00    8.2920
    336.00   2110.00    8.3950
    297.00   2205.00    7.8665
    264.00   2245.00    8.7950
    261.00   2324.00    9.5000
    260.00   2355.00    8.7950
    420.00   2390.00    7.9750
    433.00   2296.00    9.5450
    474.00   2421.00    7.8665
    474.00   2397.00    7.9275
    476.00   2373.00    8.1085
    319.00   2527.00    8.3435
    393.00   2468.00    6.9530
    374.00   2569.00    8.9040
    447.00   2579.00    6.8830
    546.00   2589.00    7.0000
    548.00   2555.00    8.0000
    524.00   2490.00    7.8665
    556.00   2488.00    7.8665
    407.00   2160.00    8.8500
    205.00   1888.00    9.6845
    413.00   2063.00    7.1585
    458.00   2026.00    6.5960
    464.00   1992.00    7.9275
    401.00   1858.00    9.0655
    447.00   1890.00    6.5960
    469.00   1893.00    6.2960
    497.00   1916.00    6.8830
    412.00   1716.00    8.1085
    423.00   1644.00    8.4015
    466.00   1595.00    7.9275
    447.00   1387.00    7.9055
    505.00     88.00    7.9750
    552.00    203.00    7.9750
    452.00    366.00    8.2920
    475.00    430.00    8.2920
    484.00   1514.00    7.8665
    513.00   1521.00    7.9275
    570.00   1526.00    7.1585
    531.00   1473.00    6.9530
    515.00   1410.00    6.8830
    533.00   1345.00    7.0905
    523.00    804.00    7.4885
    500.00    730.00    7.4885
    541.00    480.00    7.9275
    535.00    600.00    7.0905
    552.00    620.00    6.2190
    548.00    651.00    8.3435
    564.00    714.00    7.1585
    572.00    785.00    7.4885
    576.00    838.00    8.0000
    618.00    808.00    7.4885
    584.00    525.00    9.0655
    606.00    476.00    6.9530
    637.00    429.00    7.4885
    653.00    376.00    7.0905
    671.00    270.00    8.1085
    582.00    146.00    7.8665
    561.00    344.00    8.1085
    728.00    283.00    6.8830
    643.00     14.00    6.5960
    666.00     79.00    7.0905
    679.00    116.00    6.5960
    751.00    167.00    7.4885
    726.00    102.00    7.1585
    765.00     71.00    6.9530
    719.00     34.00    6.5960
    635.00    704.00    6.8830
    708.00    779.00    6.9530
    630.00    879.00    6.9530
    667.00    873.00    7.4885
    691.00    586.00    8.3435
    700.00    626.00    7.1585
    753.00    616.00    6.8830
    743.00    663.00    7.9275
    836.00    502.00    7.1585
    171.00    226.00    8.4015
    541.00   1223.00    7.9275
    551.00   1284.00    6.2190
    580.00   1396.00    7.4885
    559.00   1115.00    7.6800
    622.00   1290.00    8.9040
    639.00   1473.00    8.0000
    667.00   1534.00    6.5960
    591.00   1746.00    6.5960
    661.00   1686.00    7.8665
    539.00   1982.00    6.9530
    608.00   1075.00    7.4085
    578.00   1219.00    8.0360
    647.00   1093.00    8.0360
    686.00   1181.00    8.0360
    699.00    967.00    8.0360
    660.00    955.00    8.0360
    759.00    958.00    8.0360
    721.00    898.00    8.9845
    675.00    991.00    8.0360
    757.00    992.00    7.6235
    751.00   1053.00    7.7285
    765.00   1079.00    6.8425
    798.00   1104.00    7.6235
    529.00   1682.00    7.6830
    522.00   2037.00    6.6850
    543.00   2030.00    6.8830
    584.00   1986.00    8.4015
    614.00   2160.00    7.9275
    514.00   2234.00    7.9275
    543.00   2283.00    8.9040
    594.00   2281.00    8.9040
    632.00   2315.00    9.0655
    585.00   2449.00    8.1085
    630.00   2423.00    7.1585
    659.00   2411.00    7.1585
    654.00   2551.00    9.0000
    671.00   2458.00    7.9275
    696.00   2409.00    7.8665
    698.00   2476.00    7.8665
    704.00   2511.00    6.9530
    688.00   2551.00    7.9275
    721.00   2581.00    7.4885
    698.00   2318.00    8.0000
    775.00   2520.00    8.1085
    598.00   2031.00    9.0655
    850.00   2522.00    7.9275
    905.00   2532.00    7.8665
    940.00   2534.00    7.9275
    975.00   2512.00    7.1585
   1122.00   2581.00    8.9040
   1148.00   2520.00    6.5960
   1167.00   2521.00    7.9275
   1154.00   2474.00    7.4885
   1285.00   2547.00    7.9275
   1397.00   2578.00    8.7950
   1483.00   2525.00    9.0655
   1532.00   2435.00    7.8665
   1664.00   2529.00    7.4885
   1733.00   2575.00    7.1585
   1861.00   2505.00    7.9275
   1833.00   2429.00    6.8830
   1857.00   2438.00    7.4885
   1912.00   2462.00    6.9530
   1922.00   2501.00    6.9530
   1910.00   2374.00    7.4885
   1944.00   2351.00    7.5000
   1770.00   2301.00    9.3285
   1660.00   2387.00    8.1085
   1652.00   2348.00    7.9275
   1679.00   2342.00    6.9530
   1690.00   2273.00    7.0905
   1713.00   2234.00    7.4885
   1580.00   2176.00    7.9275
   1554.00   2148.00    5.9000
   1434.00   2330.00    6.5960
   1392.00   2398.00    7.9275
   1242.00   2346.00    6.5960
   1259.00   2393.00    6.9530
   1295.00   2437.00    7.9275
   1316.00   2396.00    7.1585
    751.00   2296.00    7.8665
    836.00   2399.00    7.4885
    854.00   2374.00    6.2190
    862.00   2419.00    8.1085
    840.00   2309.00    7.9275
    714.00   2149.00    7.0905
    685.00   2055.00    7.4885
    716.00   2106.00    7.0905
    742.00   2061.00    9.0655
    645.00   1941.00    7.9275
    690.00   1886.00    8.1085
    655.00   1793.00    8.8500
    683.00   1392.00    7.6800
    700.00   1330.00    8.1085
    732.00   1406.00    8.4015
    775.00   1697.00    7.4885
    817.00   2039.00    8.1085
    815.00   2155.00    8.0000
    836.00   2167.00    7.4885
    872.00   2258.00    9.0000
    889.00   2225.00    7.4885
    941.00   2279.00    7.1585
    952.00   2316.00    7.1585
    980.00   2328.00    7.0000
   1043.00   2376.00    7.9275
   1078.00   2385.00    7.4885
    875.00   2099.00    7.6800
    918.00   2191.00    7.0905
    950.00   2190.00    7.4885
    847.00   2024.00    7.1585
    821.00   1977.00    6.5960
    830.00   1936.00    6.9530
   1082.00   2272.00    7.8665
   1127.00   2285.00    6.8830
   1119.00   2226.00    7.8665
   1170.00   2146.00    8.4585
   1329.00   2234.00    7.9275
    893.00   1908.00    7.9275
    983.00   1978.00    7.9275
   1041.00   2031.00    7.1585
    995.00   1931.00    7.9275
    893.00   1833.00    8.1085
    866.00   1800.00    7.8665
   1132.00   1981.00    6.8830
   1202.00   1986.00    7.0905
   1211.00   2045.00    7.4885
   1221.00   2081.00    6.9530
   1257.00   2142.00    6.9530
   1279.00   2161.00    7.9275
   1410.00   2199.00    7.1585
   1393.00   2120.00    7.4885
   1457.00   2128.00    7.0905
   1448.00   2067.00    7.6800
    836.00   1603.00    7.8665
    789.00   1542.00    7.9275
    834.00   1469.00    6.9530
    805.00   1343.00    8.1085
    826.00   1302.00    7.1585
    887.00   1402.00    7.9275
    861.00   1221.00    7.9275
    913.00   1284.00    8.1085
    911.00   1544.00    8.0000
    926.00   1713.00    7.9275
    956.00   1699.00    8.0000
    999.00   1756.00    7.0000
   1040.00   1750.00    7.6800
   1113.00   1831.00    6.9530
   1220.00   1878.00    6.9530
   1257.00   1967.00    7.8665
   1243.00   1874.00    7.9275
   1275.00   1898.00    7.9275
   1322.00   1943.00    8.9040
   1442.00   1965.00    7.1585
    986.00   1520.00    6.8830
   1001.00   1497.00    6.5960
   1011.00   1523.00    5.5000
   1047.00   1538.00    5.7335
   1070.00   1569.00    7.1585
   1072.00   1532.00    6.8830
   1003.00   1359.00    7.6800
   1019.00   1168.00    5.7335
   1173.00   1673.00    7.9275
   1265.00   1742.00    7.4885
   1182.00   1643.00    8.1085
   1432.00   1912.00    6.5960
   1449.00   1902.00    7.0905
   1666.00   2045.00    6.8830
   1792.00   2026.00    7.9275
   1920.00   1970.00    7.0905
   1944.00   1932.00    7.5000
   1805.00   1906.00    7.0905
   1782.00   1975.00    7.9275
   1632.00   1917.00    8.1085
   1708.00   1876.00    6.8830
   1711.00   1896.00    7.8665
   1774.00   1821.00    7.4885
   1752.00   1774.00    7.6800
   1481.00   1796.00    6.5960
   1514.00   1785.00    9.2765
   1460.00   1707.00    7.9275
   1483.00   1670.00    8.1085
   1320.00   1650.00    7.9275
   1377.00   1577.00    7.4885
   1255.00   1583.00    7.1585
   1232.00   1540.00    6.9530
   1104.00   1469.00    6.9530
   1106.00   1438.00    7.1585
   1129.00   1438.00    6.8830
   1190.00   1473.00    6.8830
   1178.00   1442.00    7.4885
   1112.00   1612.00    6.5960
   1294.00   1455.00    6.2190
   1278.00   1505.00    7.9275
   1080.00   1367.00    7.1585
   1099.00   1347.00    7.9275
   1123.00   1369.00    6.9530
   1108.00   1290.00    6.9530
   1243.00   1373.00    7.9275
   1327.00   1375.00    7.0905
   1410.00   1449.00    7.6800
   1526.00   1579.00    7.4885
   1617.00   1642.00    7.9275
   1502.00   1741.00    8.9040
   1516.00   1489.00    6.9530
   1660.00   1556.00    7.0905
   1758.00   1638.00    7.9275
   1819.00   1680.00    7.1585
   1849.00   1723.00    6.9530
   1855.00   1696.00    7.6800
   1932.00   1526.00    6.9530
   1738.00   1556.00    7.9275
   1774.00   1543.00    7.9275
   1650.00   1485.00    6.9530
   1528.00   1402.00    7.1585
   1660.00   1434.00    7.9275
   1729.00   1446.00    8.1085
   1862.00   1457.00    8.3435
   1891.00   1383.00    8.1085
   1920.00   1383.00    6.9530
   1906.00   1312.00    7.6800
   1906.00   1267.00    7.0905
   1751.00   1335.00    6.9530
   1774.00   1333.00    7.1585
   1688.00   1329.00    7.1585
   1756.00   1462.00    8.1085
   1601.00   1280.00    6.9530
   1640.00   1247.00    8.4015
   1666.00   1231.00    7.9275
   1697.00   1265.00    7.9275
   1731.00   1231.00    8.3435
   1790.00   1235.00    6.5960
   1137.00   1241.00    6.9530
   1153.00   1190.00    8.1085
   1275.00   1286.00    7.9275
   1334.00   1239.00    7.4885
   1410.00   1221.00    7.0905
   1464.00   1259.00    5.5625
   1478.00   1258.00    6.6750
   1477.00   1224.00    5.7335
    882.00    901.00    7.6800
    907.00    891.00    7.9275
    903.00    810.00    7.6800
    938.00    763.00    7.9275
    954.00    793.00    6.5960
   1023.00    993.00    7.4885
   1048.00    909.00    8.3435
   1092.00   1035.00    6.2190
    880.00    633.00    6.3420
    951.00    673.00    8.2130
   1015.00    651.00    7.4210
    944.00     96.00    7.4630
    937.00    123.00    7.0360
    916.00    223.00    7.4630
    933.00    267.00    7.0360
    937.00    396.00    5.2770
    959.00    442.00    6.5000
    983.00    460.00    5.6725
    992.00    443.00    5.5625
   1028.00    479.00    5.5625
    979.00    383.00    5.5625
   1032.00    157.00    6.2930
   1053.00    145.00    6.3420
   1018.00     18.00    6.3420
   1057.00     68.00    6.3420
   1185.00    100.00    7.7475
   1283.00     10.00    6.7670
   1390.00     26.00    7.4210
   1549.00     71.00    6.3420
   1697.00    112.00    6.3420
   1755.00     29.00    7.2525
   1856.00     33.00    5.5625
   1903.00     72.00    5.5625
   1922.00     35.00    6.4870
   1930.00    197.00    6.1440
   1938.00    173.00    5.9910
   1911.00    338.00    5.6725
   1913.00    380.00    6.1440
   1936.00    437.00    6.4870
   1943.00    620.00    8.2920
   1876.00    847.00    9.2705
   1907.00    966.00    7.8665
   1936.00   1074.00    8.3435
   1829.00   1131.00    7.6800
   1807.00   1013.00    6.5960
   1786.00    980.00    7.0905
   1743.00    932.00    7.9275
   1853.00    625.00    5.7335
   1861.00    639.00    5.9810
   1825.00    478.00    6.5960
   1807.00    202.00    6.5960
   1754.00    146.00    6.9530
   1725.00    254.00    6.9530
   1630.00    183.00    6.9530
   1752.00    688.00    7.4885
   1703.00    761.00    6.9530
   1617.00   1174.00    6.5960
   1632.00   1170.00    6.5960
   1676.00   1070.00    7.1585
   1668.00   1027.00    6.5960
   1547.00   1109.00    8.9040
   1542.00   1219.00    9.2765
   1245.00   1144.00    6.2960
   1279.00   1192.00    8.1085
   1328.00   1149.00    6.8830
   1337.00   1162.00    7.1585
   1113.00    883.00    8.1085
   1131.00    919.00    7.6800
   1123.00    732.00    7.4885
   1066.00    468.00    7.9275
   1059.00    437.00    6.9530
   1082.00    427.00    6.5960
   1115.00    470.00    6.9530
   1129.00    600.00    8.1085
   1176.00    529.00    7.0905
   1162.00    490.00    6.5960
   1180.00    425.00    6.9530
   1160.00    340.00    6.5960
   1206.00    258.00    7.1585
   1318.00    264.00    6.8830
   1394.00    277.00    7.1585
   1298.00    195.00    5.9000
   1316.00    171.00    7.0905
   1353.00    167.00    6.2960
   1416.00    175.00    7.0905
   1410.00    234.00    6.8830
   1557.00    269.00    8.3435
   1605.00    265.00    7.0905
   1571.00    352.00    6.9530
   1593.00    370.00    7.1585
   1642.00    421.00    6.8830
   1672.00    441.00    7.4885
   1147.00    705.00    7.0905
   1174.00   1029.00    8.4585
   1200.00    867.00    8.3435
   1147.00    824.00    9.8820
   1223.00    808.00    7.0905
   1253.00    865.00    7.1585
   1267.00   1005.00    8.3435
   1190.00    673.00    7.9275
   1245.00    629.00    6.9530
   1259.00    594.00    6.5960
   1316.00    614.00    6.5960
   1322.00    568.00    7.0905
   1383.00    533.00    7.0905
   1400.00    468.00    6.5960
   1428.00    425.00    6.5960
   1457.00    425.00    7.4885
   1487.00    527.00    7.1585
   1540.00    535.00    7.1585
   1617.00    506.00    6.5960
   1705.00    502.00    6.8830
   1206.00    712.00    8.4015
   1326.00    932.00    7.1585
   1308.00    993.00    7.8665
   1302.00   1082.00    9.0655
   1353.00   1119.00    7.1585
   1391.00   1150.00    6.9530
   1400.00   1072.00    7.0905
   1471.00   1095.00    6.9530
   1465.00   1009.00    7.4885
   1365.00    789.00    6.5960
   1379.00    611.00    6.5960
   1383.00    627.00    6.5960
   1463.00    718.00    6.9530
   1489.00    655.00    7.1585
   1563.00    598.00    7.0905
   1477.00    863.00    6.8830
   1550.00    905.00    6.5960
   1585.00    875.00    7.6800
   1566.00    841.00    5.9000
   1560.00    682.00    7.6800
   1632.00    578.00    9.0000
   1708.00    548.00    7.1585
   1715.00    531.00    6.2190
   1621.00   1011.00    6.1440
   1728.00    840.00    7.8580
    336.00    112.00   11.5000
    442.00    532.00   14.5000
    268.00    563.00   11.0000
    808.00    783.00   10.5000
    746.00    557.00   12.5000
    822.00    123.00   11.5000
   1572.00    118.00   12.5000
   1190.00     31.00   11.0000
   1815.00    374.00   15.5000
   1848.00    417.00   11.0000
   1909.00   1797.00    9.5000
    939.00   1593.00   11.5000
