#        y         x         r
      1.00   1040.00    9.0000
      1.00   1448.00    7.5000
      1.00   1492.00    6.0000
      2.00   2168.00    7.3750
      9.00    124.00    5.7500
     10.00     64.00    5.3750
     14.00   1966.00    7.6250
     15.00   1424.00    8.1250
     22.00   1390.00    8.1250
     14.00   2448.00    6.1250
     14.00   2479.00    7.5000
     15.00    918.00   10.7500
     19.00   2217.00    7.6250
     21.00   2372.00    7.6250
     23.00   1100.00    7.3750
     22.00   1389.00    8.6250
     23.00     70.00    4.7500
     26.00   1749.00    9.7500
     27.00   1577.00    9.6250
     27.00   1223.00    6.8750
     34.00   2543.00    7.6250
     40.00    551.00    6.1250
     37.00   2193.00    7.8750
     42.00    762.00    8.2500
     40.00   1877.00    8.8750
     43.00    705.00    8.0000
     48.00    255.00    9.5000
     46.00    924.00    6.0000
     51.00   1054.00    7.0000
     61.00   2572.00    7.3750
     70.00   1620.00    8.1250
     70.00   1967.00    8.2500
     73.00   1510.00    6.8750
     75.00     34.00    8.6250
     80.00   2583.00    6.2500
     89.00    718.00    8.7500
     99.00     82.00    7.8750
    100.00   1483.00    9.8750
    102.00   1747.00    8.3750
    107.00   2338.00    4.5000
    113.00   2036.00    7.1250
    121.00    550.00    7.5000
    115.00   1017.00    7.2500
    120.00    612.00    8.5000
    122.00     40.00    5.8750
    127.00     57.00    5.8750
    126.00   1443.00    7.6250
    126.00    770.00    8.7500
    130.00   2385.00    7.2500
    130.00     60.00    5.6250
    135.00   1584.00    7.1250
    142.00   1048.00    7.3750
    145.00    820.00    6.5000
    146.00   2409.00    8.1250
    152.00    623.00    4.3750
    144.00   1242.00    5.2770
    149.00    669.00    6.2500
    157.00    136.00    5.5000
    156.00   1076.00    6.8750
    160.00   1233.00    5.3750
    160.00     77.00    8.7500
    167.00    854.00    5.6250
    169.00    596.00    7.1250
    169.00   2491.00    6.3750
    171.00   1150.00    8.1250
    173.00   2239.00    8.0000
    172.00    681.00    9.2500
    179.00   2412.00    5.7500
    180.00   1271.00    6.7500
    180.00   1896.00    5.7500
    184.00   1487.00    7.5000
    185.00   1316.00    7.6250
    185.00   2464.00    9.2500
    202.00   1114.00    9.2500
    205.00   1306.00    8.1250
    204.00   1691.00    6.6250
    214.00   1737.00    9.2010
    218.00   1828.00    7.1250
    225.00   2177.00    7.5000
    233.00    522.00    3.8750
    242.00   2060.00    8.5000
    244.00    451.00    4.5000
    245.00    500.00    6.7500
    246.00     10.00    5.2500
    251.00    193.00    3.8750
    251.00    980.00    9.6250
    261.00    554.00    6.1250
    259.00    631.00    9.8750
    267.00    219.00    7.3750
    273.00   1189.00    8.2500
    274.00   1050.00    6.7500
    273.00   1535.00   10.2500
    275.00   2348.00    6.1250
    276.00    747.00    7.3750
    283.00    882.00    4.0000
    287.00   1898.00    8.5000
    289.00   1938.00    9.0000
    291.00   1353.00   10.3750
    292.00   1214.00    6.5000
    296.00   2335.00    6.6250
    299.00    279.00    8.1250
    298.00   1116.00    7.1250
    303.00   1390.00    7.0360
    301.00   2247.00    8.2130
    301.00   1653.00    7.5000
    304.00   1798.00    4.5000
    306.00     85.00   12.1250
    310.00   1465.00    7.1250
    309.00    925.00    6.7500
    318.00   1563.00    8.5000
    317.00    587.00    7.7500
    321.00   1611.00    9.5000
    327.00   2072.00    5.6250
    343.00   1518.00   11.7500
    345.00   2208.00    6.6250
    346.00   1097.00    5.3750
    349.00    175.00    5.8750
    359.00    949.00    5.1250
    353.00    765.00    5.2500
    355.00    115.00   11.3750
    359.00    839.00    6.8750
    365.00   1585.00    6.0000
    367.00   1871.00    8.1250
    373.00    424.00    7.1235
    380.00     89.00   11.7500
    381.00    790.00    7.2500
    380.00   1043.00    5.8750
    384.00   1875.00    4.2500
    386.00   2113.00    7.3750
    389.00    117.00    6.7500
    387.00    192.00    5.1250
    395.00    414.00    7.0000
    394.00   1287.00    8.5000
    396.00   1412.00    7.5000
    402.00   1110.00    4.6250
    402.00   1626.00   11.1250
    407.00    954.00    5.8750
    408.00     44.00    9.1250
    409.00   2031.00    7.2500
    411.00    492.00    6.3750
    413.00   1563.00    8.1250
    414.00   1104.00    8.5000
    424.00   2327.00    7.0000
    424.00    763.00    7.8750
    436.00   1221.00    7.0000
    438.00   1270.00    7.3750
    443.00    356.00   10.2500
    449.00   2309.00    7.6250
    451.00    940.00    5.6250
    452.00   1393.00    4.3750
    454.00   2469.00    5.0000
    457.00   1994.00    4.2500
    460.00   1372.00    8.1250
    465.00   1688.00    4.8750
    474.00    521.00    7.8750
    480.00    969.00    8.7500
    483.00   2057.00    7.7500
    488.00   1959.00    7.3750
    490.00   2343.00    8.2500
    493.00   2440.00    7.2500
    500.00    573.00    6.0990
    506.00   1906.00    9.6250
    514.00   1358.00    8.7500
    517.00   1038.00    9.0000
    528.00    790.00   10.7500
    531.00   1313.00    6.7500
    541.00   1950.00    8.8750
    548.00   1114.00    6.2500
    546.00    902.00    8.7500
    549.00    561.00    4.6250
    554.00     59.00    5.3750
    552.00   1300.00    9.8750
    554.00   1577.00    7.1250
    556.00    971.00    6.8750
    561.00   2512.00    5.2500
    569.00   2017.00    9.5000
    577.00    584.00    7.7500
    579.00    733.00    9.3750
    578.00   2226.00    8.2500
    580.00   2576.00   10.2500
    582.00   1232.00    6.8750
    586.00     42.00    5.3750
    593.00    888.00    6.0000
    596.00   2409.00    7.8750
    596.00   1427.00    7.5000
    598.00    269.00    8.7500
    601.00   1846.00   10.1250
    601.00   1548.00    7.8750
    605.00    378.00    6.1250
    609.00   2072.00    7.3750
    609.00   1147.00    9.5000
    617.00   1937.00    4.6250
    615.00   2310.00    7.1235
    618.00    293.00    7.2325
    621.00   2017.00    6.1250
    621.00   2577.00    4.6250
    622.00    605.00    9.7500
    624.00   1825.00    8.5000
    628.00    177.00    7.8750
    630.00   1555.00    6.1250
    634.00   1457.00    7.5000
    638.00   1356.00   10.7500
    639.00   1061.00    9.0000
    641.00    302.00    6.9035
    647.00   1152.00    6.3750
    649.00    917.00    4.8750
    654.00   1071.00    6.8750
    658.00   1081.00    6.8750
    656.00     75.00    9.5000
    657.00   1534.00    6.3750
    663.00   2589.00    3.5000
    664.00    913.00    8.7500
    676.00    152.00    6.6250
    681.00    293.00    8.2500
    687.00   1658.00    7.1250
    686.00    237.00    6.3750
    691.00    109.00    6.5000
    701.00   2345.00    9.2500
    704.00    232.00    5.2500
    709.00    573.00    7.2500
    715.00     95.00    4.2500
    716.00    525.00    7.3750
    719.00    777.00    8.2500
    724.00   1333.00   10.8750
    728.00   1469.00    7.7500
    734.00    340.00    8.1250
    734.00   2242.00    5.2500
    745.00   1567.00    6.3750
    744.00   1908.00    5.9360
    749.00    421.00    5.0000
    752.00   1032.00    7.6250
    752.00   2134.00    7.5000
    756.00   1723.00    7.2500
    761.00    550.00    8.2500
    764.00   1754.00    8.3750
    767.00    179.00    8.8750
    776.00   1425.00    6.7500
    780.00    120.00    8.0000
    782.00    965.00    4.5000
    782.00   2448.00    7.8750
    782.00    247.00    8.5000
    785.00   1786.00    8.6250
    792.00   1454.00    7.8750
    789.00   1499.00    8.5000
    802.00    374.00    9.2500
    797.00   1208.00    9.5000
    800.00   1669.00    8.1250
    804.00    741.00    3.6250
    801.00   1964.00    6.5555
    806.00   2213.00    7.2500
    806.00    608.00    9.0000
    809.00   1084.00    4.6250
    810.00    965.00    6.1250
    816.00    732.00    8.3750
    819.00   1516.00    7.7500
    826.00   1806.00    8.3750
    825.00   1105.00    7.3750
    829.00   1892.00    5.1250
    831.00    868.00    5.1250
    834.00    437.00    7.1250
    836.00    153.00    7.6250
    843.00    332.00    9.1250
    851.00   2573.00    6.7500
    854.00   1967.00    6.7500
    858.00   1618.00    6.2500
    861.00    534.00    4.6250
    870.00    721.00    8.3750
    877.00    530.00    8.5000
    892.00    396.00    6.6250
    891.00   2087.00    6.1250
    891.00    498.00    7.6250
    894.00    882.00    7.8750
    897.00   2371.00    6.7500
    905.00   1296.00    7.1250
    904.00    366.00    9.3750
    904.00   1864.00    7.0000
    908.00   1678.00    7.2500
    914.00    579.00    9.7500
    920.00   1649.00    4.8750
    926.00    421.00    9.7500
    930.00    458.00    8.6250
    931.00   2504.00    8.3750
    931.00    762.00    7.8750
    934.00    967.00    9.3750
    936.00    792.00    7.1250
    941.00    641.00    8.2500
    944.00    911.00    6.6250
    948.00   2405.00    9.0000
    953.00   2558.00    9.0000
    955.00   1699.00    6.5000
    954.00   1981.00    7.2500
    961.00    101.00    8.0000
    962.00     18.00    7.1250
    965.00    589.00    7.0000
    966.00    315.00    8.7500
    968.00   1000.00    9.6250
    973.00   1594.00    6.8750
    976.00   1733.00    6.0000
    980.00    557.00    7.6250
    979.00   2303.00    7.7500
    988.00     74.00    6.6250
    986.00    109.00    6.5000
    986.00   1166.00    7.7500
    986.00   1467.00    6.7500
    987.00   1048.00    8.5000
    991.00    308.00    3.7500
    995.00   2120.00    7.2500
    997.00   2589.00    6.0000
    999.00   1376.00    9.6250
   1006.00   1695.00    6.8750
   1010.00   1403.00    4.7500
   1011.00   1483.00    6.2500
   1016.00   2509.00    5.8750
   1017.00   2574.00    7.5000
   1021.00    322.00    5.1250
   1022.00    116.00    6.7500
   1024.00    296.00    7.5000
   1024.00   1514.00    4.0000
   1025.00    403.00    7.3750
   1027.00   2082.00    9.8750
   1038.00   2245.00    7.6250
   1040.00   1449.00    7.5000
   1041.00   1520.00    7.6250
   1054.00   2591.00    4.0000
   1061.00   1649.00    5.3750
   1063.00   1578.00    4.0000
   1064.00    477.00    8.1250
   1064.00    908.00    9.6250
   1070.00   2105.00    8.1250
   1065.00   2366.00    5.7500
   1068.00   1482.00    8.1250
   1076.00    607.00    5.8750
   1077.00    979.00    7.8750
   1092.00   1257.00    8.1250
   1093.00    590.00    8.8750
   1103.00   2325.00    6.7500
   1103.00    113.00    6.5000
   1103.00    186.00   12.2500
   1111.00    883.00    7.7500
   1118.00   2119.00    6.3750
   1128.00    753.00   10.5000
   1127.00    236.00    8.0000
   1134.00    948.00    7.8750
   1129.00   1675.00    6.6250
   1131.00   1639.00    7.1250
   1132.00     80.00    8.5000
   1130.00    286.00    7.6250
   1135.00   1225.00    5.3750
   1144.00   1058.00    6.6250
   1148.00   2514.00    9.5000
   1151.00    139.00    9.1250
   1155.00    930.00    6.8750
   1158.00    979.00    7.5000
   1166.00   1601.00    7.1250
   1168.00   1234.00    7.7500
   1180.00   1585.00    8.8750
   1179.00   1074.00    7.6250
   1184.00    141.00    6.5000
   1187.00   1915.00    9.8750
   1187.00   1236.00    5.0000
   1193.00   1818.00    6.2500
   1192.00    327.00    7.3750
   1193.00   1202.00    7.2500
   1201.00   1442.00    9.0000
   1202.00   2570.00    7.7500
   1205.00   1509.00    8.8750
   1206.00   1752.00    6.0000
   1208.00    960.00    8.7500
   1215.00   1095.00    7.0000
   1221.00   2285.00    4.6250
   1228.00   2557.00    9.8750
   1241.00   1317.00    8.3750
   1258.00   1893.00    8.7500
   1272.00   1045.00   10.1250
   1280.00    192.00    6.2500
   1277.00   1725.00    7.5000
   1278.00   1797.00    8.3750
   1283.00    441.00    8.1250
   1291.00   1149.00    7.5000
   1295.00   2430.00    5.7500
   1300.00   2471.00    6.2500
   1301.00    549.00    8.1250
   1299.00    753.00    8.3750
   1300.00   1373.00    6.5000
   1306.00   1268.00    7.6250
   1307.00    895.00    5.1250
   1311.00   1156.00    6.2500
   1318.00    466.00    5.6250
   1320.00   1606.00    8.6250
   1319.00   1894.00    6.8750
   1325.00   1352.00    6.8750
   1326.00    656.00    8.3750
   1328.00   2548.00    6.3750
   1341.00   1275.00   10.6250
   1339.00   1940.00    8.3750
   1339.00    156.00    7.7500
   1344.00   1785.00    6.0000
   1356.00   1961.00    8.1250
   1358.00    380.00   10.6250
   1359.00   1560.00    7.1250
   1361.00    937.00    4.8750
   1360.00   1802.00    6.0000
   1366.00   1240.00    7.0000
   1376.00   1749.00    8.7500
   1376.00    711.00   10.0000
   1378.00   1927.00    7.5000
   1383.00    358.00   10.8750
   1386.00     79.00    6.2500
   1385.00   1426.00    7.5000
   1391.00    669.00    7.7500
   1404.00   1166.00    5.3750
   1403.00   1093.00    9.6250
   1405.00    578.00    8.1250
   1406.00   1929.00    7.8750
   1410.00    439.00    5.3905
   1416.00   1436.00    7.5000
   1420.00   1379.00    8.8750
   1420.00     77.00    8.2500
   1419.00    421.00    5.8060
   1425.00   1848.00    8.6250
   1433.00    788.00    7.3750
   1433.00    841.00    6.3750
   1434.00   1593.00    8.2500
   1435.00   2146.00    5.0000
   1437.00   2515.00    8.8750
   1439.00   2034.00    7.1250
   1443.00   1074.00    7.5000
   1444.00   1268.00    7.5000
   1446.00    890.00   10.0000
   1449.00     53.00   10.0000
   1448.00   1876.00    7.8750
   1457.00    160.00    8.8750
   1458.00   1949.00    7.0000
   1458.00    759.00    9.2500
   1461.00    550.00    5.7500
   1459.00   1202.00    6.1465
   1472.00    574.00    5.1250
   1472.00   1004.00    5.7500
   1472.00   1436.00    5.8750
   1476.00    451.00    9.1250
   1480.00   1165.00    8.2500
   1484.00     60.00    5.5000
   1486.00   1076.00    4.1250
   1500.00   1451.00    6.8750
   1501.00   1798.00    8.0000
   1502.00    393.00    7.0000
   1502.00   1120.00    7.0285
   1501.00   1587.00    3.6250
   1512.00     97.00    7.5000
   1508.00   2044.00    8.7500
   1511.00   1566.00    5.2500
   1511.00   2556.00    7.6250
   1513.00   1946.00   10.3750
   1516.00   1387.00    6.3750
   1529.00   1568.00    6.7500
   1539.00     50.00    8.2500
   1543.00   2123.00    8.3750
   1542.00    861.00    7.1250
   1542.00    925.00    5.6250
   1544.00    590.00    8.7500
   1545.00   1708.00    8.2500
   1551.00   1048.00    4.3750
   1555.00   2465.00    7.2500
   1556.00    110.00    4.3750
   1560.00    950.00    7.0000
   1562.00    912.00    5.1250
   1564.00    701.00    7.7500
   1565.00   1717.00    6.5000
   1569.00    418.00    6.5000
   1572.00    155.00    9.2500
   1579.00    884.00    8.2500
   1577.00   2133.00    7.6250
   1582.00   2372.00    3.6250
   1582.00   2349.00    6.0000
   1584.00    546.00    7.2500
   1585.00    200.00    7.7500
   1587.00    987.00    6.1465
   1592.00    731.00    8.5000
   1602.00    284.00    7.5000
   1601.00   1809.00    8.0000
   1602.00   2492.00    8.6250
   1603.00    995.00    4.4450
   1613.00    360.00    7.7500
   1613.00   1384.00    8.7500
   1624.00   1236.00    7.0000
   1625.00   1487.00    9.3750
   1627.00   2190.00    6.1250
   1627.00   1094.00    5.8750
   1627.00   1200.00    8.6250
   1633.00   1721.00    7.6250
   1633.00    481.00    5.3905
   1633.00   2022.00    8.7500
   1642.00    179.00    6.7385
   1647.00   2131.00    7.5000
   1646.00    743.00    7.1250
   1650.00    996.00    7.5000
   1649.00   1493.00    6.2500
   1650.00   1075.00    4.7500
   1651.00    935.00    7.2500
   1656.00    365.00    6.3750
   1657.00   1428.00    6.2500
   1658.00   1548.00    7.0000
   1664.00    821.00    6.5000
   1663.00    183.00    6.3925
   1669.00   1730.00    6.3750
   1668.00    367.00    3.7500
   1671.00     11.00    4.5000
   1683.00    958.00    9.3750
   1673.00   1828.00    7.4630
   1677.00    303.00    6.7500
   1678.00   1100.00    6.5000
   1691.00    229.00    8.7500
   1684.00    850.00    8.1250
   1687.00     39.00    9.1250
   1689.00   1004.00    7.7500
   1702.00    293.00    8.1250
   1704.00    779.00    7.2500
   1706.00   2466.00    5.0000
   1716.00    141.00   10.5000
   1721.00    928.00    9.8750
   1721.00   2119.00    7.8665
   1729.00   1191.00    7.5000
   1737.00    210.00    8.2500
   1739.00   1688.00    9.2500
   1743.00   2554.00    8.7500
   1743.00    341.00    7.7500
   1747.00    164.00    7.8750
   1753.00    832.00    5.5000
   1755.00    797.00    7.0000
   1755.00    532.00    9.1250
   1760.00    871.00    4.5000
   1763.00   1352.00    7.0000
   1763.00   1512.00    7.2500
   1768.00   1770.00    6.5000
   1767.00   1459.00    5.8750
   1770.00    658.00    9.5000
   1773.00   2591.00    4.1250
   1777.00    460.00    5.3750
   1776.00   2463.00    7.7500
   1778.00    569.00    5.6250
   1793.00   1491.00    6.7500
   1797.00   2588.00    6.1250
   1798.00     72.00    6.9375
   1804.00   1805.00    9.2500
   1802.00    615.00    6.6250
   1803.00   1275.00    7.6250
   1802.00   1417.00    8.8750
   1803.00   1545.00    6.2500
   1807.00    377.00    8.0000
   1808.00   2493.00    6.2500
   1813.00   1232.00    7.8750
   1811.00    200.00    8.1250
   1818.00    248.00    4.6250
   1819.00    493.00    6.8750
   1821.00   2033.00    9.8750
   1824.00     82.00    7.7745
   1823.00   1166.00    8.5000
   1825.00   2128.00    7.7500
   1828.00   1212.00    8.6250
   1839.00    322.00    8.6250
   1842.00    599.00    4.7500
   1849.00    558.00    7.0000
   1848.00   2081.00    7.8750
   1855.00   2342.00    9.2500
   1857.00    733.00    9.7500
   1861.00    337.00    7.0000
   1868.00   1324.00    7.3750
   1876.00   1015.00   10.5000
   1882.00   1516.00    5.1250
   1886.00    349.00    7.0000
   1884.00   1526.00    3.5000
   1897.00   2458.00   10.1250
   1896.00   1228.00    7.0000
   1908.00   1074.00    7.7500
   1905.00   2146.00    7.5000
   1913.00   1538.00    9.2500
   1912.00    856.00    8.3750
   1919.00    705.00    6.2500
   1921.00   1579.00    3.1250
   1920.00   2302.00    7.6250
   1921.00    233.00    9.6250
   1922.00   1312.00    7.3750
   1925.00     45.00    6.5000
   1929.00    765.00    6.6250
   1934.00   2154.00    8.5000
   1939.00    815.00    8.3750
   1934.00   1874.00    5.3750
   1939.00   1818.00    7.2500
   1943.00    514.00    7.2500
   1943.00   1386.00    7.2500
   1943.00   1525.00    7.5000
   1944.00    840.00    3.8750
   1007.00    648.00    8.3075
   1009.00    623.00    6.6495
   1670.00   1346.00    8.5000
   1869.00   1871.00    5.2770
   1867.00   1858.00    6.3420
    201.00    533.00    6.7385
      2.00   1196.00    8.1975
    577.00    370.00    8.5235
     52.00    378.00    4.8215
     63.00    363.00    5.8060
     46.00    347.00    5.3365
     50.00    331.00    5.4975
    135.00    302.00    5.5500
    137.00    288.00    6.8610
    169.00    313.00    7.0000
    189.00    334.00    6.2865
   1880.00    171.00    7.2325
   1878.00    812.00    4.6370
   1864.00    804.00    5.3905
   1654.00   1044.00    5.8060
   1353.00   1051.00    4.8215
   1369.00   1041.00    7.6615
   1465.00   1228.00    5.1140
   1404.00   1983.00    8.0000
   1119.00   1801.00    5.5065
   1134.00   1791.00    6.2930
   1379.00   2023.00    7.1235
   1162.00   2085.00    6.4870
   1166.00   2106.00    6.3420
    910.00   2216.00    7.4630
    948.00   2239.00    6.3420
    974.00   2247.00    6.6750
    394.00   1779.00    4.5870
    399.00   1764.00    6.3420
    167.00   1806.00    4.7725
    174.00   1794.00    6.0440
