#        y         x         r
      1.00    301.00    8.6250
      1.00    425.00    8.5000
      3.00    925.00    6.1250
      2.00   2113.00    5.7500
      6.00   2184.00    8.1250
     22.00   1851.00    8.6250
     23.00   1909.00    9.6250
     33.00   1618.00    6.7500
     39.00   1153.00    5.5000
     42.00   2081.00    7.8750
     48.00      6.00    6.7500
     50.00   1133.00    5.7500
     54.00   1855.00    6.7500
     59.00    117.00   10.2500
     74.00   2228.00    6.7500
     74.00   1802.00    5.6250
     76.00   2316.00    6.7500
     83.00   2254.00    6.6250
     91.00    921.00   10.7500
     88.00   1106.00    7.8665
     95.00   1963.00    7.8750
     96.00    533.00    6.5000
     97.00   2521.00    7.6250
    100.00   1850.00    7.3750
    109.00   2206.00    5.0000
    118.00   1496.00    7.0000
    131.00    286.00    5.2500
    131.00   1663.00    6.3750
    140.00     56.00   10.3750
    141.00   1738.00    9.7500
    142.00    909.00    6.0000
    142.00   1046.00    5.9000
    146.00   1586.00   11.0000
    152.00    396.00    5.3750
    152.00    875.00    7.7500
    156.00    964.00    8.3750
    158.00     99.00    8.6250
    174.00   2479.00    7.8750
    176.00   1834.00    7.0000
    177.00   1076.00    6.7500
    177.00   1946.00    9.5000
    185.00   1179.00    9.6250
    200.00    344.00    5.2500
    203.00   2023.00    7.2500
    207.00    253.00    8.1250
    206.00    767.00    7.6250
    209.00    915.00    9.6250
    230.00    380.00    8.0000
    233.00    191.00    5.6250
    235.00   1964.00    6.3750
    235.00    655.00    9.0000
    246.00     41.00    5.0000
    243.00   1540.00    5.3750
    244.00    202.00    5.0000
    247.00    902.00    8.3750
    250.00   2201.00    8.0225
    260.00   1872.00    8.2500
    262.00   1076.00    8.5000
    265.00   2365.00    7.2500
    266.00   1635.00   10.1250
    270.00    439.00    8.8750
    272.00   1562.00    7.7500
    273.00     87.00    9.5000
    274.00   2166.00   10.1250
    280.00     34.00    7.1250
    285.00   2393.00    7.7500
    296.00   1245.00    6.6250
    296.00    505.00    8.6250
    312.00   1229.00   10.5000
    307.00   1964.00    7.2500
    307.00   1898.00    8.0000
    398.00     28.00    5.8570
    311.00    846.00    9.5000
    321.00   1646.00    8.2500
    328.00   2260.00    5.8750
    328.00   2301.00    8.8750
    331.00   2227.00    7.7500
    338.00   1601.00   10.3750
    340.00    721.00    8.2500
    338.00   1340.00   10.0000
    343.00   1097.00    9.3750
    344.00   2520.00    6.5000
    348.00   1672.00    5.0000
    354.00   1283.00    7.8750
    355.00   1153.00    8.7500
    355.00    145.00   10.1250
    359.00   1395.00    7.3750
    360.00   1960.00    8.6250
    361.00    583.00    9.1250
    367.00   2400.00    4.1250
    364.00     66.00    9.7170
    369.00    803.00    9.8750
    377.00   2140.00    8.0000
    378.00   1566.00    8.0000
    380.00   2099.00    5.7500
    385.00   1153.00    4.2500
    390.00   2372.00    9.1250
    400.00   1798.00    8.4725
    390.00    494.00    5.1220
    401.00    483.00    4.4470
    404.00    322.00    7.7500
    406.00   2453.00    7.7500
    408.00   1460.00    8.3750
    412.00    126.00    8.6250
    419.00    355.00    6.5000
    420.00    206.00    8.0000
    424.00    244.00    7.1250
    422.00   2386.00    5.6250
    424.00    759.00   11.3750
    427.00   2077.00    5.8750
    427.00   1043.00    6.7500
    429.00    411.00    8.1250
    433.00    534.00    7.0000
    441.00   1668.00    8.5000
    443.00    510.00    7.6250
    450.00   2571.00    7.7500
    457.00   2083.00    6.8750
    460.00    394.00    6.6250
    466.00    360.00    8.1250
    467.00   2284.00    6.7500
    470.00    462.00    5.0000
    474.00    788.00    8.3750
    473.00   2250.00    8.5000
    476.00   2166.00    7.5000
    475.00    700.00    8.8750
    483.00    378.00    8.0000
    487.00     38.00    9.8750
    498.00    241.00    9.2500
    501.00    151.00    8.6250
    499.00   2222.00    8.5000
    504.00    731.00    8.1250
    507.00   1757.00    6.5000
    511.00   1835.00   10.8750
    518.00     25.00    9.3750
    535.00    619.00    6.6250
    534.00    386.00    9.6250
    536.00     42.00    6.7500
    536.00   2445.00    6.4870
    542.00    237.00    7.0000
    543.00   2142.00    6.0000
    545.00    164.00    6.8750
    556.00   1732.00    7.0000
    563.00   2277.00    8.6250
    566.00   1359.00    6.3750
    569.00   2468.00    8.5000
    570.00   1700.00    9.0000
    577.00   2011.00    8.2500
    584.00   1419.00    7.5000
    589.00    534.00    7.2500
    589.00    164.00    8.3750
    591.00   1491.00    6.1250
    594.00   1770.00    9.2500
    595.00     34.00    8.6250
    603.00    752.00    8.5000
    601.00   1522.00    7.1250
    602.00   1329.00    5.3750
    605.00    612.00    8.2500
    607.00   1799.00    8.5000
    616.00   1475.00    5.3750
    612.00    657.00    6.6250
    618.00   1313.00    4.7500
    614.00    133.00    8.6250
    614.00    686.00    6.5000
    616.00   2436.00    6.2500
    617.00   1543.00    4.5000
    615.00   2204.00   10.8750
    618.00   1001.00    5.7500
    622.00   1879.00    8.1250
    622.00   1204.00    7.7500
    624.00   2377.00    9.1250
    628.00   2036.00    8.5000
    627.00    162.00    6.6250
    633.00   2290.00    6.6250
    641.00   1537.00    8.0000
    641.00   1446.00    6.3750
    646.00   1104.00    6.2500
    651.00   1123.00    6.2500
    647.00   1313.00    8.3750
    653.00    957.00    6.6250
    657.00   1241.00    7.3750
    648.00   1782.00    8.3750
    655.00   1127.00    6.6250
    658.00    821.00    6.7500
    656.00   1080.00    8.2500
    658.00   1918.00    7.6250
    661.00   1645.00    7.8750
    663.00    990.00    5.6010
    664.00   1554.00    8.1250
    667.00    745.00    7.3750
    677.00     88.00    9.6250
    679.00    287.00    9.8550
    679.00   1856.00    8.5000
    649.00    998.00    7.8935
    685.00    199.00    7.4745
    687.00   1900.00    7.3750
    687.00    108.00    5.8750
    689.00   2350.00    5.7500
    691.00    944.00    8.0000
    691.00    418.00    9.3750
    696.00   2116.00    8.7500
    696.00   2546.00    6.7500
    706.00    860.00    7.7500
    706.00   2330.00   10.6250
    714.00   1072.00    5.7500
    718.00    474.00    6.8750
    718.00   1018.00    9.7500
    722.00    640.00    8.6225
    725.00   1980.00    9.1250
    725.00   1348.00    8.0000
    725.00   1102.00    5.8750
    726.00   2354.00    5.5000
    727.00    879.00    7.0000
    729.00   1828.00    6.8750
    729.00    127.00    7.3750
    729.00   1226.00    6.2500
    734.00   2417.00    8.0000
    733.00    404.00    9.7500
    736.00   2549.00    4.6250
    737.00    855.00    8.5000
    745.00    446.00    9.0000
    752.00   1734.00    5.3750
    757.00   1372.00    6.2500
    757.00    329.00    7.3750
    758.00   1112.00    7.0000
    760.00   2556.00    3.2500
    763.00   2398.00    8.8750
    765.00   1719.00    6.8750
    769.00    292.00    9.6250
    774.00    362.00    5.2500
    776.00    713.00   10.0000
    777.00    976.00    9.2500
    775.00    744.00    6.6250
    788.00   1359.00    6.0000
    788.00   1470.00   10.2565
    793.00   2101.00    6.5000
    796.00   2149.00    6.6250
    798.00   2567.00    7.6250
    800.00   1792.00    7.8750
    798.00   1839.00    6.5000
   1156.00    409.00   10.3650
    802.00   1242.00    5.2500
    811.00   1343.00    5.3750
    816.00    959.00    8.8750
    817.00    995.00    5.7500
    817.00   1677.00    8.1250
    818.00   2102.00    5.0000
    819.00    554.00    6.2190
    818.00    577.00    6.7490
    801.00    583.00    5.8635
    823.00   2455.00    9.6250
    832.00   1098.00   10.0000
    838.00   2248.00    7.3750
    840.00   2296.00    5.5000
    840.00   2333.00    6.7500
    844.00   1250.00    5.0000
    843.00    645.00    5.9360
    848.00   2222.00    9.2500
    857.00    957.00    6.2500
    857.00    328.00    5.9000
    862.00    610.00    6.0440
    865.00   2317.00    7.3750
    870.00    445.00    8.5000
    868.00   1602.00    6.3750
    880.00   2483.00    9.1250
    882.00   1488.00    8.0000
    881.00   1580.00    8.3750
    880.00    586.00    5.9360
    890.00   1108.00    9.2500
    892.00    247.00    7.4745
    900.00   2081.00    5.3750
    898.00   2204.00    7.0000
    900.00    650.00    9.1305
    902.00    430.00   10.1250
    905.00   1762.00    5.6250
    909.00   1243.00    4.2500
    909.00    265.00    6.1250
    918.00   1591.00    6.3750
    926.00   1198.00    7.3750
    927.00   1292.00    7.7500
    929.00   1901.00    5.5625
    927.00    788.00    7.9750
    931.00   1455.00    6.3750
    934.00   1318.00    5.6250
    937.00   1890.00    7.4630
    943.00   1398.00    3.5000
    945.00    935.00    7.3290
    950.00   1325.00    3.7500
    951.00   1295.00    5.8750
    957.00   1835.00    7.2525
    957.00     98.00    7.3290
    959.00   2334.00    7.6250
    963.00   1393.00    7.5000
    973.00   1013.00    9.0000
    981.00   1639.00    5.1250
    979.00   2209.00    7.1250
    984.00   2540.00   10.3750
    990.00   2562.00    6.7500
    991.00    595.00    6.0000
    991.00    683.00    8.5000
    993.00   1936.00    5.7500
   1003.00   2406.00    7.3750
   1004.00   2148.00    6.1250
   1013.00    734.00    9.6250
   1019.00    222.00    7.6500
   1023.00   2256.00    4.5000
   1026.00   1345.00   10.7500
   1033.00   2550.00    8.7500
   1037.00   1785.00    5.8750
   1038.00    323.00    7.6250
   1040.00   2068.00    7.8750
   1042.00   1028.00    9.0000
   1046.00   2101.00    6.8750
   1056.00      6.00    3.7500
   1056.00    909.00   10.8750
   1056.00   1496.00    8.0000
   1074.00    286.00    8.1250
   1080.00    641.00    7.5000
   1086.00   1104.00    7.3750
   1086.00    971.00    7.3750
   1093.00   2497.00   10.1250
   1092.00   1403.00    8.0000
   1093.00   1854.00    7.7500
   1096.00    115.00    7.1250
   1097.00   2356.00    7.7500
   1106.00   1095.00    6.6250
   1112.00     86.00    5.3750
   1110.00    961.00    4.5000
   1113.00   1861.00    5.7500
   1112.00    354.00    5.2500
   1113.00   2117.00    9.7500
   1117.00   2438.00    5.3750
   1118.00   1731.00    7.1250
   1120.00   1575.00    6.8750
   1124.00   2364.00    5.6250
   1127.00    813.00    8.3750
   1129.00   2393.00    6.7500
   1132.00   1322.00    8.6250
   1134.00   1036.00    7.0000
   1139.00   1372.00    4.6250
   1150.00    273.00    9.0000
   1147.00    838.00    9.6250
   1152.00   2285.00   10.6250
   1160.00   1461.00    6.6850
   1161.00   1306.00    7.8750
   1174.00    393.00   11.2500
   1178.00    163.00    8.0000
   1177.00   1278.00    5.8750
   1187.00    127.00    7.2500
   1185.00   1808.00    8.3750
   1189.00   2086.00    6.3750
   1190.00   1588.00    8.5000
   1203.00   2450.00    5.5625
   1193.00    595.00    6.0990
   1200.00    547.00    5.7375
   1194.00   1395.00    7.0000
   1193.00   2020.00    5.0000
   1198.00   1360.00    9.1250
   1197.00    468.00   10.3750
   1192.00    560.00    4.9745
   1203.00    744.00    9.5000
   1205.00   2163.00    8.0000
   1192.00   2468.00    5.5625
   1207.00   1310.00    5.6250
   1215.00   1522.00    7.2500
   1242.00   1124.00    6.5000
   1244.00   2026.00    6.2500
   1244.00   1539.00    7.3750
   1248.00    516.00    9.0000
   1247.00   1340.00    7.1250
   1250.00   1967.00    7.5000
   1262.00   1669.00    9.0000
   1261.00    362.00    8.5000
   1270.00    710.00    6.2500
   1270.00    622.00    5.6250
   1272.00   2302.00    6.0000
   1270.00   1077.00    9.2500
   1272.00   2167.00    6.8750
   1276.00    784.00    8.7500
   1289.00   1566.00    5.2850
   1294.00   1266.00    9.0000
   1297.00    369.00    8.1250
   1303.00    928.00    7.8750
   1309.00    798.00    8.7500
   1311.00   1772.00    4.7500
   1319.00   2055.00    3.6250
   1336.00     45.00    9.0000
   1339.00   1186.00    7.5000
   1346.00    768.00    5.7500
   1364.00    116.00    4.2500
   1363.00   1227.00    8.5000
   1367.00   1033.00    8.6250
   1369.00   2580.00    7.2500
   1374.00   2126.00    4.5000
   1380.00    479.00    7.2500
   1388.00   1551.00    6.3750
   1391.00   2464.00    8.6250
   1390.00   1431.00    7.1250
   1402.00   2175.00    7.3750
   1407.00   1182.00    9.2500
   1410.00   1736.00    8.7500
   1414.00    868.00    5.7530
   1420.00    720.00    7.3750
   1428.00    378.00    9.6250
   1430.00    654.00    8.2500
   1430.00    877.00    4.6250
   1435.00    525.00    5.7570
   1446.00    548.00    5.4325
   1435.00   1947.00    6.6250
   1435.00   1241.00    8.2500
   1440.00    424.00    5.7500
   1436.00   2456.00    7.0800
   1439.00   1540.00    6.2500
   1447.00   1927.00    7.2500
   1445.00     66.00    7.6250
   1457.00     18.00    7.6250
   1464.00   1260.00    6.3750
   1464.00    838.00    4.6250
   1467.00   1753.00    6.6250
   1471.00   2431.00    6.6250
   1473.00     97.00    5.3750
   1474.00   1300.00    6.3750
   1481.00   1573.00   11.3750
   1480.00    163.00    8.6250
   1485.00   1229.00    6.5000
   1492.00   2416.00    7.6250
   1494.00     72.00    8.8750
   1494.00   1909.00    5.1250
   1495.00   1458.00    9.7500
   1498.00    470.00    7.8750
   1497.00   1373.00    6.0000
   1512.00   1606.00    5.6250
   1511.00   1286.00    9.3750
   1516.00     24.00    7.0000
   1516.00    248.00    7.8750
   1516.00   2242.00    7.8750
   1519.00    337.00    9.7500
   1518.00    702.00    6.7500
   1521.00   1830.00    5.1250
   1524.00     66.00    7.2500
   1529.00     96.00    7.0000
   1536.00    880.00    6.1250
   1539.00    656.00    5.0000
   1538.00    821.00    6.1250
   1539.00    934.00    7.1250
   1550.00   1148.00    7.6250
   1554.00   2445.00    7.7500
   1558.00   1953.00    7.3750
   1558.00   2089.00    6.3750
   1559.00    641.00    5.5000
   1559.00   1098.00    8.1250
   1564.00   1713.00    5.8750
   1566.00    691.00    7.3750
   1568.00   1250.00    8.1250
   1570.00   2247.00    4.5000
   1571.00   1676.00    9.2500
   1573.00   2200.00    5.8750
   1574.00    653.00    4.7500
   1574.00   1758.00    4.1250
   1580.00    855.00    5.5000
   1585.00    133.00    8.0000
   1591.00     76.00    5.7500
   1593.00   1984.00    6.7500
   1593.00    359.00    5.8750
   1598.00   1389.00    7.7500
   1598.00   1927.00    6.8750
   1600.00    542.00    7.2500
   1606.00   1629.00    8.3750
   1609.00   1262.00    8.3750
   1615.00   1452.00    4.3750
   1613.00     63.00    5.1250
   1618.00   2113.00    7.3750
   1618.00   1584.00    8.3750
   1633.00   1956.00    6.3750
   1635.00    485.00    8.8750
   1635.00    699.00    6.7500
   1637.00    447.00    6.7500
   1638.00   1983.00    7.0000
   1646.00   1452.00    4.6250
   1647.00   1317.00    7.5000
   1646.00   1548.00    8.7500
   1652.00   1490.00    8.2500
   1654.00   1076.00    2.7500
   1659.00   1416.00    7.7500
   1658.00    204.00    7.2500
   1657.00    515.00    7.3750
   1659.00    691.00    7.2435
   1659.00   1676.00    5.2500
   1660.00    276.00    5.1250
   1660.00   2430.00    7.1250
   1667.00     43.00    5.7500
   1676.00   1083.00    7.7500
   1677.00    124.00    7.7500
   1679.00    926.00    7.6250
   1678.00   1471.00    8.3750
   1689.00   1490.00    6.2500
   1691.00   2003.00    7.6250
   1700.00    230.00    7.7500
   1695.00    349.00    7.0000
   1707.00    780.00    5.8750
   1713.00   1629.00    7.2500
   1721.00     58.00    5.0000
   1724.00   1133.00    7.7285
   1726.00   2282.00    7.5000
   1731.00    122.00    8.2500
   1733.00    917.00    7.3750
   1734.00   2000.00    5.2500
   1738.00   1344.00    4.5000
   1744.00   2370.00    7.5000
   1745.00   2154.00    9.2500
   1748.00   1827.00    9.1250
   1753.00    378.00    7.6250
   1752.00    923.00    6.5000
   1755.00   1533.00    8.5000
   1752.00   1639.00    6.2500
   1756.00     93.00    6.6250
   1756.00    312.00    8.7500
   1761.00   2065.00    7.5000
   1768.00   2320.00    7.2500
   1781.00    466.00    8.6250
   1788.00     95.00   11.0000
   1787.00   1646.00    6.7500
   1798.00   2315.00    9.7500
   1789.00    978.00    4.8385
   1795.00   2456.00    4.3750
   1801.00   2434.00    6.7500
   1794.00   1040.00    5.7175
   1802.00   1020.00    5.0825
   1804.00   1554.00    5.7500
   1809.00   1634.00    7.8750
   1808.00    491.00    6.6250
   1809.00   2402.00    9.5000
   1812.00    810.00    7.1250
   1813.00    269.00    8.7500
   1818.00   1700.00    5.5000
   1819.00    329.00    8.3750
   1820.00   1177.00    6.0000
   1826.00      8.00    4.3750
   1828.00    540.00    7.1250
   1833.00    449.00    7.6250
   1838.00    923.00    6.8425
   1839.00   1723.00    7.6250
   1842.00   1040.00    6.0270
   1846.00     71.00    9.3750
   1847.00   2132.00    7.2500
   1847.00   2292.00    6.3750
   1852.00   1281.00    9.6250
   1858.00   2071.00    4.8750
   1856.00   1967.00    6.2500
   1867.00   2487.00    8.0000
   1869.00    630.00    6.0000
   1881.00    312.00    7.1250
   1884.00   2039.00    7.0000
   1883.00   2417.00    8.8750
   1886.00   2142.00    7.1250
   1890.00    926.00    6.2570
   1899.00   1955.00    8.5000
   1900.00   2095.00    8.1250
   1902.00    502.00    8.2500
   1903.00    721.00   10.3750
   1917.00   1132.00    6.3845
   1905.00   1783.00    7.8750
   1909.00   1668.00    6.5000
   1908.00   2045.00    5.8750
   1915.00   1320.00    7.7500
   1930.00   2503.00    7.8750
   1931.00   2262.00    9.7305
   1933.00   1413.00    8.6250
   1943.00   1979.00    8.1250
   1943.00   1935.00    5.7500
   1944.00   1470.00    9.1250
   1944.00   1637.00    7.6250
    436.00    917.00   11.5000
   1073.00    405.00    6.0440
   1068.00    384.00    7.2405
    392.00     58.00    8.0000
    612.00    454.00    6.7490
    605.00    463.00    5.8570
   1549.00      1.00    6.5135
      0.00   1963.00    9.0000
