#        y         x         r
      1.00    193.00    8.8750
      5.00    301.00    7.3750
      1.00    954.00    4.5000
      1.00   1855.00    9.2500
      1.00   1863.00    5.1250
      1.00   2575.00    6.5000
      5.00   2140.00    8.1250
     11.00   2548.00    5.1250
      9.00   1201.00   10.1250
     22.00   1817.00    9.1250
     25.00    736.00    7.7500
     37.00   1404.00    9.8750
     45.00   1778.00   10.0000
     49.00    136.00   10.2500
     57.00   1251.00    5.5000
     61.00   1828.00    6.1250
     66.00    306.00    7.7500
     74.00    403.00    7.1250
     75.00   1227.00    8.5000
     85.00    827.00    7.6250
     79.00   1329.00    8.3750
     85.00   1030.00    7.7500
     91.00   2130.00    8.0000
     91.00   2538.00    6.7500
     91.00   1143.00    6.7500
     92.00    506.00    8.7500
     94.00    347.00   10.7500
     94.00    828.00    4.6250
     95.00    255.00    7.8750
     96.00   1672.00    7.7500
     97.00    887.00    6.7500
     97.00   1373.00    8.5000
    104.00    285.00    9.2500
    106.00   2381.00    7.8750
    115.00    956.00    8.8750
    112.00   1530.00    5.1250
    115.00     61.00    6.0000
    122.00   1675.00    4.0000
    122.00    773.00    7.2500
    121.00   2354.00    8.6250
    139.00   2560.00    6.6250
    143.00    219.00    6.5000
    144.00   1191.00    5.2500
    142.00   1312.00    9.3750
    153.00   1655.00    7.2500
    156.00     21.00    7.1250
    160.00    595.00    7.2110
    160.00    961.00    7.7500
    165.00     76.00    5.8750
    164.00   1025.00    6.0000
    168.00   1430.00    6.3750
    174.00   2534.00    7.3750
    179.00    501.00    7.6250
    179.00   1517.00    8.0000
    180.00    200.00    9.7500
    180.00   1302.00    5.5000
    191.00   2318.00    7.2500
    182.00    793.00    8.8750
    184.00   1402.00    7.1250
    186.00    115.00    7.6250
    192.00   1346.00    8.7500
    194.00    388.00    7.5000
    193.00    251.00    7.7500
    197.00    693.00    8.2500
    198.00   1092.00    8.6250
    199.00   2321.00    4.7500
    201.00   1289.00    9.1250
    203.00    143.00    7.5000
    206.00    722.00    8.1250
    208.00   1984.00    9.7500
    211.00   2138.00   11.2500
    212.00   2460.00    6.3750
    213.00    793.00    5.1250
    225.00   1920.00    9.5000
    233.00   1124.00    7.7500
    237.00      1.00    3.5000
    245.00   2256.00    6.1250
    242.00   1951.00   10.5000
    255.00    113.00    5.8750
    254.00   1041.00    9.7500
    258.00    578.00    4.6250
    262.00    441.00    6.0000
    260.00   1416.00    5.2500
    261.00   2173.00    7.8750
    262.00    537.00   11.1250
    263.00   2494.00    8.6250
    264.00    699.00    6.7500
    272.00   2001.00    8.3750
    276.00    901.00    6.0000
    284.00    304.00    7.7500
    284.00    996.00    8.8750
    284.00    433.00    8.2500
    292.00   1323.00    8.3750
    301.00   2212.00    9.7500
    294.00    488.00    7.0000
    295.00   1192.00    6.7500
    301.00    904.00    9.2500
    310.00    632.00    7.5000
    320.00   1165.00   10.1250
    318.00   1217.00   10.0000
    323.00   2235.00    4.6250
    327.00   2309.00    9.2500
    329.00   1101.00    9.1250
    330.00     17.00    7.7500
    337.00    489.00    7.7500
    344.00   2587.00    6.6250
    344.00   2129.00    5.2500
    352.00    177.00    5.8750
    354.00    553.00    8.1250
    354.00   2534.00    8.2500
    360.00   1192.00    7.0000
    362.00    480.00    8.6250
    363.00    858.00   10.7500
    364.00   1346.00   10.0000
    370.00    653.00    6.3750
    372.00   1698.00    6.5880
    374.00   1992.00    7.2405
    382.00   1161.00    7.0000
    385.00   2466.00    6.6250
    389.00   1131.00    5.1250
    390.00   1604.00    7.3290
    392.00   2424.00    4.5000
    397.00    309.00    4.3750
    396.00   2399.00    7.2500
    397.00   2280.00    5.5000
    405.00    799.00    8.3750
    414.00   1510.00    9.1250
    414.00    669.00    8.3750
    418.00   1187.00    9.7500
    420.00   2204.00    7.0000
    423.00   1559.00    7.3750
    428.00   2371.00    6.2500
    430.00    795.00    5.8750
    431.00    702.00    8.5000
    433.00    448.00   11.8750
    434.00    588.00    8.8750
    435.00   1660.00    7.7500
    444.00    373.00    5.7500
    441.00    887.00   10.7500
    442.00   2557.00    6.3750
    445.00   1598.00    8.3750
    447.00    266.00    7.2405
    449.00    654.00    8.3750
    453.00   1635.00    8.3750
    456.00    941.00    8.5000
    458.00   1234.00    9.7500
    459.00   1994.00    6.1250
    463.00   1856.00    8.6250
    465.00   1925.00    7.0000
    469.00    213.00    6.5880
    470.00    371.00    9.2500
    473.00   1752.00    7.3750
    476.00   2303.00    7.0000
    484.00   1838.00    8.3750
    485.00   1910.00    8.0000
    497.00   1180.00    8.6250
    499.00   2452.00    8.8750
    507.00    405.00    6.2500
    514.00   1791.00   11.1250
    519.00   2286.00    5.6250
    518.00   2522.00    8.7500
    521.00   1368.00    9.7500
    526.00    226.00    5.0000
    523.00   1417.00    7.6250
    526.00    949.00    6.0000
    524.00   1817.00    9.7500
    524.00   2463.00    7.6250
    526.00     11.00    5.5000
    529.00     48.00    6.0000
    532.00    906.00   10.5000
    541.00   2589.00    6.8750
    541.00    338.00    8.6250
    542.00    506.00   11.0000
    544.00   2362.00    8.2500
    548.00   1834.00    9.3750
    548.00   1319.00    9.2500
    556.00   1760.00    7.5000
    558.00   1496.00    7.3750
    558.00   2120.00    7.1250
    564.00   1001.00    8.3750
    570.00    161.00    6.6250
    574.00   2404.00    6.6250
    579.00   1887.00    8.6250
    582.00    504.00    8.6250
    582.00   1676.00   11.5000
    589.00   1735.00    6.2500
    591.00    160.00    9.0000
    594.00    421.00    8.2500
    597.00   2381.00    8.2500
    599.00    325.00    6.7500
    610.00   2233.00   10.1250
    617.00    398.00    9.5000
    620.00   2506.00    7.2500
    623.00    116.00    8.5000
    623.00   2111.00    8.1250
    627.00   1953.00    5.5000
    629.00    694.00    7.8750
    636.00   1797.00    8.5000
    642.00   2198.00    5.8750
    642.00    810.00    7.5000
    643.00   1138.00    7.7500
    645.00     32.00    8.2500
    650.00    919.00    6.5000
    648.00    640.00    8.1250
    654.00    465.00    9.3750
    650.00   1347.00    6.5000
    652.00   2359.00    5.8750
    654.00   2298.00    7.8750
    660.00   1144.00    4.3750
    662.00   2544.00    8.5000
    667.00   1992.00    7.7500
    668.00      1.00    3.1250
    676.00    523.00    8.5000
    673.00   1216.00    5.6250
    678.00    348.00   10.7500
    677.00   2307.00    7.1250
    678.00   2181.00    8.3750
    681.00    249.00    8.1250
    685.00   2112.00    5.9360
    696.00   1207.00    4.7500
    694.00   1722.00    6.8750
    699.00   1666.00    5.1250
    699.00    155.00    5.6250
    700.00    626.00    5.7500
    705.00   2530.00    7.1250
    715.00   1228.00    7.3750
    715.00    330.00    7.3750
    719.00    891.00    8.3750
    721.00   1891.00    9.8750
    725.00    800.00    6.8750
    725.00   2421.00    8.3750
    732.00   2296.00    5.0000
    735.00   2514.00    6.2500
    736.00    390.00   10.5000
    737.00    173.00    6.0000
    737.00   1522.00    9.3750
    743.00   1743.00    6.6250
    745.00   1610.00    5.3750
    750.00    979.00    5.7500
    749.00   1432.00    4.8750
    751.00    296.00    7.0000
    755.00    642.00   10.7500
    753.00    262.00    7.6250
    758.00   2250.00    4.2500
    759.00    540.00    9.3750
    760.00   1680.00    9.0000
    763.00   2130.00    7.5000
    765.00    895.00    6.7500
    765.00   2592.00    4.7500
    766.00   1223.00    8.1250
    767.00   2224.00    4.1250
    770.00   1433.00    7.2500
    769.00   1699.00    6.7500
    771.00   2093.00    6.7500
    774.00   2311.00    6.6250
    780.00    767.00    7.2500
    783.00   2040.00    8.2500
    785.00   1448.00    4.2500
    790.00   1043.00    8.6250
    798.00   1729.00    7.6250
    798.00   1289.00    7.0000
    797.00   2014.00    6.5000
    800.00   1865.00    9.3750
    827.00   1864.00    6.6250
    825.00   1115.00    7.7500
    827.00    304.00    5.9360
    825.00   1276.00    8.1250
    833.00   2213.00    8.0000
    834.00   2055.00    7.7500
    838.00     44.00    6.5555
    839.00   2292.00    8.2500
    840.00   1719.00    8.5000
    844.00   2451.00    7.2500
    848.00   2481.00    5.6250
    853.00    118.00    6.6250
    855.00    284.00    6.2190
    868.00    256.00    6.7490
    868.00   1815.00    8.2500
    870.00   2438.00    9.2500
    879.00   1600.00    8.3750
    884.00   1164.00    5.9000
    894.00   1038.00    7.2405
    898.00   2533.00    6.0000
    898.00    353.00    6.6250
    898.00   1082.00    6.5000
    898.00   2382.00    8.5220
    902.00   2008.00    8.7500
    905.00   1804.00    4.5000
    906.00   2175.00    7.8750
    913.00     98.00    7.3750
    918.00   1599.00    5.1250
    921.00    907.00    8.0000
    922.00   1952.00    7.1250
    932.00    808.00    7.8750
    936.00   2399.00    8.3750
    937.00     72.00    8.1250
    942.00    893.00    9.0000
    943.00   1551.00    4.6250
    945.00    678.00    5.9000
    953.00    758.00    6.0440
    955.00   2462.00    7.5000
    959.00    990.00    8.8750
    963.00   1159.00    7.2500
    966.00   1617.00    7.3750
    976.00   2404.00    8.8750
    983.00   2198.00    6.8750
    984.00    303.00    6.8750
    991.00   2267.00    9.7500
    988.00    871.00    7.1250
    985.00    914.00    8.2500
    994.00   2450.00    6.1250
    992.00   1453.00   11.1250
    994.00    451.00    6.1250
   1002.00   1678.00    7.7500
   1006.00   1129.00    6.4565
   1009.00   2066.00    7.6250
   1011.00   1807.00    6.3750
   1012.00   2275.00    6.0000
   1014.00   1701.00    8.0000
   1015.00   2208.00    5.3750
   1022.00   2185.00    5.2500
   1027.00   1593.00    8.0000
   1031.00    923.00    6.6250
   1031.00    822.00    7.6250
   1036.00   1266.00    8.3750
   1045.00    397.00    9.8750
   1046.00   1336.00    9.2500
   1051.00   2316.00    7.6250
   1055.00    727.00    3.3750
   1058.00   1240.00    7.5000
   1062.00    131.00    7.7500
   1066.00   1280.00    6.0000
   1071.00    630.00    6.5000
   1068.00    304.00    7.1250
   1068.00    727.00    5.1250
   1069.00    696.00    6.0000
   1070.00   2467.00    9.3750
   1077.00   1933.00    9.5000
   1081.00     61.00    9.2500
   1085.00   2301.00    6.5000
   1089.00   1834.00    4.5000
   1095.00   2404.00    6.1250
   1096.00   1610.00    7.5000
   1101.00    988.00    6.5880
   1108.00   2319.00    7.1250
   1117.00   1194.00    6.0000
   1120.00   2200.00    8.7500
   1128.00   1101.00    6.6850
   1126.00   1218.00    6.6250
   1144.00    780.00    7.2500
   1150.00    353.00   10.0000
   1160.00     10.00    5.7500
   1171.00   2089.00    9.5000
   1173.00   2281.00    5.5000
   1175.00   1641.00    7.7500
   1176.00   1589.00    6.8750
   1180.00   2027.00    6.7500
   1190.00    314.00    9.1250
   1191.00    839.00    7.5000
   1192.00    424.00    9.6250
   1200.00   1181.00    6.0000
   1199.00   2527.00    7.8750
   1204.00   1967.00    8.0000
   1209.00    767.00    8.6250
   1217.00    280.00    6.6250
   1215.00    159.00    9.7500
   1232.00   1530.00    7.7500
   1233.00    955.00    9.0000
   1231.00    616.00    9.1250
   1237.00     12.00    5.8750
   1241.00   2033.00    7.2500
   1239.00    687.00    9.0000
   1245.00   1912.00   11.0000
   1243.00    210.00    9.0000
   1244.00   1060.00    9.1250
   1251.00   1585.00    5.1200
   1256.00    536.00    9.3750
   1261.00   1460.00    4.8750
   1263.00   2461.00    5.6250
   1270.00    775.00    7.1250
   1272.00   1475.00    5.5000
   1272.00    934.00   10.3750
   1275.00   2268.00    7.0000
   1277.00   1790.00    9.1250
   1277.00   1177.00    8.6250
   1280.00   2519.00    6.0000
   1282.00    480.00    9.0000
   1285.00   1067.00    8.5000
   1290.00   2133.00    8.7500
   1289.00   2282.00    4.6250
   1295.00      2.00    6.6850
   1306.00   2583.00    9.0000
   1305.00   1837.00    7.7500
   1306.00    662.00    7.3750
   1309.00     72.00    9.0000
   1311.00   1666.00    7.8750
   1311.00   1736.00    7.6250
   1313.00   1156.00    7.1250
   1317.00   1114.00    9.0000
   1323.00   2504.00    5.3750
   1324.00    130.00    7.6250
   1323.00   1600.00    8.2500
   1330.00   2315.00    8.5000
   1334.00    973.00    8.0000
   1334.00    727.00    8.7500
   1347.00   2461.00    7.2500
   1352.00     29.00    7.8750
   1361.00   1915.00    8.7500
   1363.00   1953.00    7.6250
   1369.00   2366.00    8.7500
   1366.00    128.00    9.1250
   1374.00   2393.00    5.1250
   1376.00    561.00    6.5000
   1380.00    788.00    7.7500
   1386.00   2471.00    7.0000
   1390.00    655.00    9.5000
   1393.00   1906.00    8.3750
   1398.00   2130.00    8.2500
   1400.00    288.00   11.2500
   1403.00   1920.00    5.2500
   1403.00     45.00    8.8750
   1409.00   1111.00    8.6250
   1415.00    538.00    6.2500
   1424.00     58.00    5.6250
   1433.00    399.00   11.0000
   1435.00   1182.00    7.5000
   1439.00    512.00    6.3750
   1441.00    742.00    8.8750
   1440.00   1864.00    8.7500
   1441.00   2535.00    7.0000
   1443.00    850.00    8.3750
   1445.00    799.00    8.8750
   1443.00    878.00    6.1250
   1448.00    979.00   10.3750
   1450.00   1265.00    5.6250
   1456.00    575.00    9.2500
   1455.00   2148.00    9.2500
   1458.00    666.00    4.8750
   1460.00   1913.00    6.3750
   1460.00   1249.00    5.5000
   1462.00   2418.00    7.7500
   1462.00   1586.00    8.7500
   1464.00    463.00    8.5000
   1473.00    872.00    5.7500
   1471.00   1804.00    7.3750
   1475.00    269.00    8.6250
   1486.00   2224.00    9.3750
   1487.00    409.00    9.0000
   1494.00    685.00    5.8750
   1496.00   1660.00    4.3750
   1500.00   1800.00    7.6250
   1505.00   1583.00    6.2500
   1506.00   1634.00    7.2500
   1507.00   2123.00    7.5000
   1509.00   1839.00    6.2190
   1516.00   2459.00    8.2500
   1520.00   2320.00    6.0000
   1522.00   1191.00    6.3750
   1522.00   1567.00   12.2500
   1522.00    909.00    6.8440
   1523.00   2064.00    9.3750
   1531.00     91.00    8.1250
   1531.00   1476.00    8.3750
   1534.00   2085.00    5.3750
   1538.00   2590.00    4.8750
   1552.00   2390.00    6.1250
   1553.00   1048.00    9.5000
   1558.00    662.00    7.0000
   1556.00    707.00    8.8750
   1561.00   1792.00    6.5000
   1562.00    434.00    5.8750
   1563.00   2448.00    5.6250
   1573.00     40.00    8.7500
   1574.00   1902.00    7.2500
   1585.00   1320.00    6.1250
   1596.00   1558.00    7.5000
   1599.00   1610.00    6.6250
   1601.00   1250.00    4.3750
   1602.00    383.00   10.5000
   1602.00   1391.00    4.2500
   1603.00     66.00   10.0000
   1613.00    470.00    6.7500
   1611.00   2334.00    8.1250
   1617.00    181.00    9.3750
   1626.00    453.00    5.7500
   1627.00   1537.00    6.2500
   1631.00   1658.00    6.7500
   1627.00    453.00    4.0000
   1648.00   2537.00    9.6250
   1649.00    515.00    7.7500
   1654.00   1828.00    6.2500
   1655.00      8.00    4.1250
   1664.00    423.00    8.8750
   1661.00   1300.00    8.7500
   1672.00   1667.00    6.8750
   1673.00    227.00    7.6250
   1675.00   1009.00    7.5000
   1675.00   1330.00    9.6250
   1677.00   1916.00    6.3750
   1676.00   1703.00    5.6250
   1681.00    144.00    7.7500
   1680.00   2592.00    5.5000
   1680.00    254.00    7.1250
   1686.00   2437.00    7.7500
   1684.00   1641.00    8.2500
   1690.00   1865.00    8.0000
   1695.00   2209.00    5.5000
   1699.00   2542.00    9.2500
   1706.00    185.00    8.6250
   1701.00   1091.00    7.7500
   1704.00   1123.00    4.2500
   1703.00   1742.00   11.8750
   1705.00   1327.00    5.5000
   1709.00    559.00    8.0000
   1713.00    271.00    6.8750
   1715.00    221.00    8.1250
   1719.00    371.00    7.2500
   1731.00     67.00    8.6250
   1724.00     43.00    8.6250
   1726.00    826.00    9.7500
   1731.00   2244.00    6.2500
   1736.00   1700.00    9.5000
   1737.00     71.00    7.5000
   1746.00    753.00    5.6250
   1756.00    615.00    8.7500
   1761.00   2370.00    9.6250
   1765.00     98.00    6.2500
   1767.00   1061.00    4.5000
   1773.00    976.00    4.5000
   1777.00    823.00    6.1250
   1777.00   1839.00   10.0000
   1780.00     83.00    6.7500
   1781.00   2032.00    7.3750
   1783.00    208.00    9.0000
   1789.00    291.00    7.8750
   1793.00   1647.00    6.2500
   1798.00   1774.00    7.6250
   1808.00    641.00    8.1250
   1814.00   2590.00    7.7500
   1819.00   2409.00    6.3750
   1819.00   1339.00    8.7500
   1822.00   1062.00    8.8750
   1825.00    381.00    8.5000
   1828.00    559.00    8.7500
   1833.00   1970.00    8.1250
   1836.00      9.00    5.0000
   1838.00   1245.00    8.7500
   1839.00    624.00    8.7500
   1845.00   1921.00    8.7500
   1845.00     30.00    5.0000
   1852.00    485.00    9.0000
   1855.00   1853.00    7.6250
   1862.00    235.00    8.8750
   1862.00   2465.00    8.7500
   1865.00   1366.00    8.1250
   1868.00    769.00    7.8750
   1869.00    883.00    5.1250
   1872.00   1706.00    8.1250
   1901.00   2450.00    8.5000
   1898.00   1259.00    8.5220
   1905.00   2051.00    8.3750
   1913.00   1454.00   12.0000
   1916.00   1124.00    6.2190
   1934.00   2423.00    6.0000
   1934.00   2524.00    8.7500
   1936.00    875.00    7.7500
   1938.00   1861.00    5.7500
   1937.00   1297.00    8.3750
   1937.00   2188.00    9.2500
   1936.00      1.00    7.2500
   1943.00     24.00    7.2500
    364.00   1876.00    7.8935
    457.00     74.00    6.7490
    441.00    170.00    6.6850
    444.00    137.00    5.4055
    487.00    279.00    5.4055
    491.00    263.00    6.5880
    745.00     59.00    6.4895
    961.00    160.00    6.8440
   1887.00    644.00    7.0000
    905.00    421.00    6.2190
    160.00    633.00    5.4055
    182.00    632.00    5.4055
    205.00    626.00    5.8635
    210.00    644.00    6.4565
    805.00    336.00    6.0440
    991.00    779.00    5.9360
   1007.00    796.00    5.4055
   1012.00    777.00    5.1200
    818.00    789.00    8.9040
    353.00    945.00    5.5625
    331.00    945.00    6.4870
    697.00   1123.00    9.0000
     15.00    886.00    5.6010
     36.00    878.00    5.6390
    300.00   1826.00    5.4055
    311.00   1814.00    6.0440
    325.00   1685.00    7.0605
    417.00   1949.00    9.0000
    614.00   2139.00    5.5000
    720.00   2053.00    7.4745
    924.00   1203.00    6.1845
   1173.00   1083.00    6.5555
   1172.00   1105.00    6.5000
   1682.00    903.00    4.9925
   1690.00    886.00    5.6010
   1716.00    877.00    5.1200
   1724.00    862.00    5.8635
   1277.00   1451.00    5.2850
   1371.00   1442.00    6.5880
   1367.00   1488.00    6.0440
   1398.00   1513.00    6.4565
   1917.00   1922.00    4.7725
   1912.00   1907.00    4.6355
   1873.00   2271.00    5.2850
   1893.00   2266.00    5.2850
   1859.00   2420.00    7.4745
   1617.00   2202.00    6.5555
   1635.00   2216.00    4.7270
   1646.00   2205.00    5.2850
   1586.00   2010.00    6.8440
   1612.00   2018.00    7.2405
   1632.00   1960.00    5.8635
   1399.00   2028.00    5.2850
   1373.00   2029.00    8.0020
   1219.00   2085.00    5.9360
   1337.00   2571.00    7.3290
    742.00   1699.00    6.7490
    985.00   2291.00    6.1845
