#        y         x         r
      1.00   1314.00   10.6250
      1.00   1992.00    6.3750
      8.00   1870.00    6.5000
     28.00   1520.00    7.0000
     29.00   2151.00    6.3750
     47.00    260.00    9.1250
     47.00     11.00    5.7500
     52.00   1991.00    8.6250
     55.00     67.00    7.5000
     53.00   2340.00    8.1250
     59.00    753.00    8.0000
     64.00   1895.00    9.3750
     67.00   2466.00    7.7500
     69.00   2109.00    8.0225
     71.00    509.00    8.7500
     73.00    395.00    9.3750
     79.00   1951.00    9.7500
    100.00   1465.00    7.8750
    102.00   2448.00    9.0000
    103.00   1976.00    7.7500
    107.00   1398.00    8.6250
    113.00   2100.00    6.6250
    119.00    914.00   11.6250
    119.00   2343.00    8.0000
    121.00   2289.00    8.3750
    123.00   2073.00    9.5000
    130.00    970.00    9.3750
    135.00   1050.00    8.1250
    136.00    514.00    6.9035
    140.00    470.00    7.2500
    144.00    738.00    6.6250
    146.00   2245.00    7.3750
    149.00    865.00    7.0000
    153.00   1542.00    7.1250
    160.00    138.00    8.6920
    158.00    893.00    7.2500
    165.00   1609.00    8.0000
    172.00   1914.00    6.3750
    173.00    691.00    9.7500
    173.00    565.00    6.7500
    176.00    919.00    6.7500
    181.00    324.00    8.7500
    183.00   2514.00   10.5000
    181.00    984.00    8.5000
    184.00   1935.00    5.8750
    185.00   1788.00    8.7500
    187.00    623.00    8.2500
    191.00    360.00    7.2500
    195.00    252.00    8.5000
    199.00    386.00    5.7500
    201.00    639.00    5.3750
    201.00    880.00    5.7500
    202.00   1690.00    9.8750
    205.00   1853.00   10.1250
    201.00      1.00    2.7500
    205.00    415.00    5.7500
    206.00   1924.00    6.7500
    214.00   1201.00   10.7500
    217.00    769.00    9.7500
    220.00   2185.00    8.6250
    226.00    392.00    5.6250
    230.00   1278.00    9.0000
    235.00    698.00    8.3750
    247.00   2410.00    6.1250
    251.00    148.00    5.8750
    254.00   1002.00    6.2500
    257.00     73.00    6.0000
    259.00   2389.00    7.5000
    275.00    533.00    9.3750
    275.00   1105.00    9.3750
    278.00    937.00    9.2500
    281.00   1763.00    8.8750
    289.00   1047.00    9.1250
    293.00   1263.00    6.6250
    294.00   1941.00    7.3750
    297.00   1901.00    5.0000
    302.00   2426.00    7.2500
    305.00    242.00    4.7500
    303.00    972.00   11.5000
    304.00    832.00    9.6250
    306.00     87.00    9.2500
    313.00   1814.00    5.7500
    312.00   2380.00    5.0000
    318.00    595.00    4.6250
    316.00   2483.00    7.3750
    316.00    624.00    5.0000
    317.00   2220.00    9.6250
    319.00    736.00    8.7500
    320.00   1727.00    9.5000
    326.00    297.00    8.1250
    332.00    887.00    8.5000
    334.00    413.00    6.6250
    335.00   1393.00   10.3750
    350.00   1771.00   10.5000
    350.00    643.00    8.8750
    356.00     92.00    7.7500
    353.00    149.00    7.0285
    355.00    401.00    8.3750
    357.00   1940.00    8.3750
    365.00    735.00   10.5000
    368.00    856.00    8.3750
    369.00   1642.00    8.1040
    398.00   1745.00    9.0000
    398.00   1922.00    7.7500
    408.00   1464.00   10.0000
    406.00   2023.00    7.7500
    408.00    168.00    6.2500
    417.00   1376.00    6.7500
    419.00   1046.00    5.6250
    422.00    280.00    4.7500
    423.00    219.00    6.1250
    427.00    708.00    5.1250
    429.00   1446.00    7.8750
    428.00    847.00    9.7500
    438.00   2260.00    8.6250
    438.00   1821.00    9.1250
    440.00    575.00   11.5000
    448.00    364.00    7.0000
    452.00    613.00    6.5000
    453.00   1856.00    7.0000
    456.00   2198.00    8.8750
    457.00   2021.00    8.0000
    493.00   1425.00    9.3750
    511.00   2256.00    8.6250
    516.00   1304.00    7.2500
    518.00    551.00    9.3750
    520.00   1164.00    7.5000
    522.00    214.00    8.5235
    530.00   1518.00    7.5000
    544.00   1190.00    7.8750
    554.00   1767.00    7.2500
    553.00   1362.00    8.5000
    560.00    537.00    9.0000
    558.00   2290.00    8.3620
    565.00   1254.00   10.6250
    569.00   1439.00    8.7500
    579.00    284.00    9.1250
    581.00    135.00    7.7500
    587.00    699.00    8.7500
    604.00   1455.00    6.7500
    608.00   1575.00    9.6250
    611.00   1405.00    7.8750
    615.00    376.00    9.1250
    617.00   2339.00    8.6250
    627.00    168.00    7.6250
    627.00   1474.00    5.3750
    627.00    126.00    7.0000
    635.00   1081.00    9.0000
    647.00   1802.00    7.1250
    650.00   1596.00   10.0000
    654.00   1289.00    7.8750
    659.00   2377.00    7.5000
    662.00    957.00   10.6250
    669.00   1894.00    8.2500
    674.00   1384.00    9.8750
    674.00    240.00    8.2500
    675.00   1795.00    7.1250
    686.00    150.00    7.6830
    687.00   2526.00    9.3750
    692.00    713.00    6.5000
    698.00    306.00    7.2500
    713.00   2252.00    8.1250
    714.00    988.00    7.1250
    713.00   2577.00    4.0000
    722.00   2177.00    7.7500
    725.00    289.00    4.7500
    728.00    387.00    6.1250
    729.00   1141.00    7.5000
    732.00   1780.00    7.8750
    734.00    948.00    5.6250
    740.00    921.00    4.2500
    742.00    983.00    5.5000
    748.00    133.00    9.8750
    754.00    422.00    7.1250
    760.00   1590.00    5.7500
    760.00    757.00    9.3750
    762.00    664.00    9.6250
    762.00   1550.00    6.5000
    765.00    396.00    7.1250
    766.00   1846.00    7.7500
    768.00    367.00    6.2500
    779.00   1099.00    6.7500
    781.00    993.00    8.5000
    781.00   2445.00    8.1250
    782.00   1813.00   10.1250
    788.00   2259.00    5.8750
    785.00   2401.00    8.0000
    792.00    915.00    5.7500
    792.00   2330.00    8.7500
    792.00    580.00    7.7500
    792.00   1583.00    9.8750
    793.00    628.00    6.2500
    796.00   1382.00    9.7500
    798.00    265.00    6.8750
    802.00   2558.00    6.3750
    827.00   2303.00    8.2500
    831.00    648.00    6.7500
    839.00   1216.00    6.8750
    840.00    427.00    7.6250
    838.00   2545.00    7.8750
    841.00    552.00    5.3750
    843.00   2128.00    7.1250
    851.00   2357.00    7.5000
    853.00    798.00    7.6250
    865.00    732.00    8.0000
    877.00    466.00    4.5000
    882.00   1328.00    9.0000
    886.00   1046.00    6.3750
    889.00   1886.00    7.6250
    893.00   1554.00   10.0000
    895.00    100.00    9.5000
    895.00   1182.00    7.3750
    896.00   2252.00    8.2500
    898.00    786.00    9.5000
    901.00    898.00    5.0000
    898.00   2000.00    5.0000
    897.00   2339.00    8.0000
    910.00   1159.00    6.2500
    908.00   2419.00    6.7500
    911.00   1594.00   10.1250
    915.00    285.00    9.6250
    918.00   2514.00    8.0000
    918.00    571.00   10.0000
    924.00    300.00    4.5000
    927.00    405.00    5.8750
    927.00    439.00    7.7500
    935.00    768.00    9.8750
    935.00   1685.00    9.8750
    938.00   2343.00    7.7500
    946.00   2297.00    7.2500
    947.00   2528.00    7.0000
    951.00   1073.00    9.0000
    953.00   1268.00    8.6250
    958.00   1110.00    5.3750
    965.00    712.00   11.1250
    963.00   1942.00    6.6250
    964.00    893.00   10.1250
    971.00    614.00    6.7500
    976.00   2559.00    9.1250
    975.00    539.00    3.8750
    978.00   2070.00    6.7500
    985.00    281.00    8.6250
    986.00   2116.00    8.2500
    991.00   1602.00    9.8750
    995.00    404.00    5.3750
    993.00   1667.00    8.7500
    997.00    672.00    5.8750
    997.00    632.00    8.8750
   1003.00   1064.00    7.8750
   1011.00   1480.00    6.0000
   1021.00   1905.00    8.2500
   1025.00    259.00    9.2500
   1024.00   1863.00    7.8750
   1026.00   1489.00    5.7500
   1030.00     27.00    6.5000
   1026.00    879.00    9.8750
   1032.00   1975.00    4.3750
   1034.00   1188.00    9.6250
   1034.00   2207.00    8.5000
   1040.00   1315.00    8.1250
   1039.00   2478.00    9.2500
   1041.00    592.00   10.3750
   1045.00   2152.00    7.3750
   1050.00    985.00    8.5000
   1056.00    691.00    8.1250
   1058.00    229.00    6.6250
   1060.00    608.00    7.8750
   1061.00   1536.00    6.0000
   1062.00   1869.00    7.2500
   1067.00   1434.00   11.2500
   1068.00     90.00    9.1250
   1070.00   1746.00    7.5000
   1075.00    849.00    7.8750
   1074.00   1202.00    5.2500
   1075.00   1706.00    5.5000
   1081.00    369.00    7.3750
   1086.00    258.00    5.6250
   1085.00   2132.00    7.8750
   1093.00   1199.00    6.1250
   1097.00    592.00    7.8750
   1098.00   1800.00    6.6250
   1102.00   1022.00    7.5000
   1105.00    499.00    9.0000
   1109.00   1223.00    6.0000
   1113.00   2020.00    6.6250
   1115.00    440.00    4.7500
   1111.00     10.00    5.6250
   1117.00   1906.00    9.5000
   1117.00   2330.00    7.1250
   1122.00   1389.00   10.6250
   1126.00   1589.00    8.6250
   1134.00    921.00    7.8750
   1135.00   1640.00    7.6250
   1141.00   1750.00    8.7500
   1140.00   1434.00    7.1250
   1147.00   1594.00    5.1250
   1147.00   1877.00    5.8750
   1168.00   1513.00    7.8750
   1173.00   1357.00    9.5000
   1182.00   1003.00    6.3420
   1186.00    575.00    7.5000
   1187.00    382.00    8.8750
   1187.00   2060.00    6.2500
   1194.00    547.00   10.7500
   1192.00   2592.00    6.6250
   1195.00    430.00    8.5000
   1195.00    860.00    9.7500
   1199.00   2272.00    6.8750
   1195.00   1609.00    7.0000
   1197.00    612.00   12.2500
   1198.00   2213.00    7.2500
   1205.00   2321.00    7.2500
   1212.00   1385.00   10.0270
   1217.00   1621.00    8.0000
   1225.00   1327.00    7.1250
   1225.00   1715.00    7.2500
   1233.00   2233.00    6.6250
   1245.00   1585.00    6.1250
   1246.00   1990.00    5.0000
   1246.00   1786.00    6.6250
   1249.00   1944.00    8.8750
   1261.00    612.00    5.1250
   1268.00   1772.00    6.1250
   1262.00   2140.00    7.3750
   1263.00   1317.00    8.6250
   1264.00    570.00    7.1250
   1271.00    474.00    8.6250
   1275.00    191.00    9.5525
   1275.00   1458.00    7.0000
   1280.00   1418.00    5.8750
   1289.00   1549.00    6.7500
   1287.00   1495.00    8.8750
   1289.00   2552.00    8.0000
   1294.00   2447.00    6.8750
   1295.00   1631.00    7.2500
   1299.00   2053.00    9.5000
   1299.00   1137.00    6.8750
   1302.00   1316.00    8.1250
   1310.00    963.00    8.7500
   1311.00    533.00    6.5000
   1314.00   1116.00    8.6250
   1318.00   1165.00    6.3750
   1324.00   1009.00    7.5000
   1332.00   1603.00    9.1250
   1334.00    376.00   10.3750
   1335.00   2228.00    6.8750
   1340.00   2538.00    7.7500
   1341.00    802.00    8.0000
   1341.00   2437.00    6.0000
   1343.00     58.00    7.3750
   1348.00   1159.00    8.7500
   1348.00   1424.00    9.3750
   1359.00    113.00    8.1250
   1360.00   2449.00    5.7500
   1360.00   2390.00    8.7500
   1361.00   1874.00    7.0000
   1363.00   1332.00    8.6250
   1370.00   1228.00   12.0000
   1370.00   1435.00    7.8750
   1371.00   2308.00    8.5000
   1381.00   1376.00    6.8750
   1388.00    405.00    9.1250
   1389.00   2232.00    7.5000
   1394.00   2431.00    5.5000
   1392.00    909.00    7.0000
   1401.00   1286.00   10.0000
   1403.00   2375.00    8.3750
   1406.00    523.00    7.7500
   1408.00    449.00    8.1250
   1415.00    141.00   10.7500
   1411.00   1138.00    7.7500
   1413.00   1745.00    7.7500
   1414.00   1331.00    6.6250
   1416.00   1657.00    6.8750
   1421.00    639.00    5.0000
   1421.00   1894.00    9.2500
   1425.00   2271.00    7.3750
   1431.00    847.00    7.1250
   1430.00   2344.00    9.1250
   1434.00   1425.00    7.2500
   1434.00   1821.00    6.6250
   1438.00     98.00    7.3750
   1440.00    991.00    7.0000
   1439.00   2111.00    8.8750
   1441.00    325.00    8.0000
   1447.00   2553.00    7.5000
   1454.00   1700.00   10.0000
   1460.00   1278.00    6.1250
   1462.00   2018.00    8.1250
   1468.00    288.00   10.2500
   1465.00    899.00    6.3750
   1473.00   1515.00    8.5000
   1478.00   1229.00    5.6250
   1477.00    747.00    3.7500
   1478.00   1465.00    6.2500
   1487.00   1673.00    7.8750
   1488.00    724.00    8.5000
   1493.00    498.00    9.7500
   1493.00   2425.00    7.2500
   1495.00   1714.00    6.6250
   1504.00    259.00    5.2500
   1510.00   1990.00    6.1250
   1515.00   1129.00    7.1250
   1519.00   1702.00    8.8750
   1519.00   1790.00    7.6250
   1521.00   2211.00   10.2500
   1528.00    220.00    6.3750
   1530.00   1200.00    9.2500
   1541.00     83.00   10.2500
   1550.00   1639.00    7.0000
   1551.00   2582.00    6.3750
   1552.00    202.00    6.1250
   1556.00    100.00    6.6250
   1561.00   2516.00    7.6250
   1562.00    217.00    5.0000
   1565.00    166.00    8.1250
   1567.00    951.00    8.8750
   1568.00   2159.00   10.6250
   1574.00   2314.00    6.2500
   1575.00    133.00    9.1250
   1579.00    559.00    9.5000
   1580.00     15.00    6.2500
   1582.00   2015.00    8.1250
   1583.00   2394.00    6.6250
   1586.00    929.00    9.6250
   1587.00   1882.00    8.8750
   1588.00    517.00    9.0000
   1590.00   2439.00    8.1250
   1590.00   1035.00    8.1250
   1595.00   1752.00    7.1250
   1598.00   1777.00    6.3750
   1601.00     59.00    6.3750
   1600.00   2350.00    6.5000
   1614.00   1158.00    8.7500
   1615.00   2592.00    3.6250
   1618.00     25.00    9.6250
   1618.00    225.00    9.6250
   1631.00    273.00    7.8750
   1632.00   1676.00    7.0000
   1646.00   1842.00    7.6250
   1646.00   1185.00    9.7500
   1646.00    530.00    7.2500
   1656.00    842.00    9.1250
   1658.00   1067.00   10.2500
   1666.00   2082.00    9.7500
   1667.00   1790.00    7.7500
   1666.00   2502.00    5.1250
   1667.00   2584.00    9.8750
   1666.00    550.00    7.2500
   1677.00   1995.00    9.5000
   1677.00    238.00    6.4690
   1681.00   1371.00    6.6250
   1686.00     91.00    8.5000
   1697.00   1778.00    7.1250
   1699.00    126.00    6.3750
   1701.00     34.00    7.6250
   1712.00     65.00    7.8750
   1713.00    824.00    8.5000
   1715.00    684.00    7.6250
   1713.00   2511.00    9.1250
   1716.00    710.00    6.1250
   1719.00   1090.00    9.2500
   1719.00   1028.00    8.5000
   1720.00   1227.00    7.7500
   1723.00    985.00    9.3750
   1725.00   2237.00   10.6250
   1728.00   1514.00    8.2130
   1731.00    619.00    8.7500
   1734.00   2551.00    5.6250
   1739.00   1303.00    8.6250
   1738.00    199.00    6.6250
   1734.00   1170.00    8.3750
   1739.00   1718.00    6.7500
   1741.00    633.00    4.8750
   1749.00   2536.00    8.2500
   1746.00   1448.00    7.3750
   1751.00    267.00    8.0000
   1755.00   1571.00    6.0000
   1753.00   2375.00    7.7500
   1790.00   2282.00    6.1250
   1792.00   1127.00    7.8750
   1793.00   1181.00    8.1250
   1798.00   1492.00    9.1250
   1800.00   1835.00    6.1250
   1811.00   2008.00    9.2500
   1825.00   1613.00    6.2500
   1829.00    521.00    9.1250
   1829.00   1642.00    7.0000
   1835.00    687.00    6.0000
   1831.00   1874.00    7.7500
   1836.00   1234.00    7.7500
   1839.00    186.00    9.2500
   1840.00      9.00    4.5000
   1843.00   2216.00    8.5000
   1846.00   2579.00   10.0000
   1846.00   1979.00    6.7500
   1850.00   1430.00    6.8750
   1857.00    406.00    7.8750
   1859.00   1071.00    9.5000
   1862.00    671.00   11.0000
   1862.00   1911.00    7.0360
   1861.00   1770.00    6.8750
   1868.00    984.00    6.5000
   1868.00   1196.00    6.2500
   1870.00   2300.00    7.0000
   1883.00   2591.00    4.0000
   1879.00   1593.00    7.3750
   1882.00   2552.00    7.2500
   1884.00   1392.00    8.0000
   1889.00   1324.00    8.8750
   1904.00    695.00    9.0000
   1906.00   1027.00    8.5000
   1904.00    269.00    8.8750
   1911.00    389.00    8.7500
   1914.00   2506.00    7.8750
   1918.00    737.00    9.0000
   1918.00   2182.00    7.8750
   1918.00    892.00    9.3750
   1920.00   1774.00    7.5000
   1941.00    767.00   10.8750
   1941.00    417.00    7.2500
   1942.00    452.00    8.7500
     25.00    425.00   11.5000
     10.00    228.00    8.0000
   1622.00    391.00    7.6235
    782.00    206.00    6.9375
    822.00    145.00    6.8720
    846.00    154.00    7.8580
    233.00      2.00    8.6920
    614.00     65.00    6.4690
    631.00     50.00    7.6235
    977.00    169.00    5.8060
    979.00    150.00    5.4975
    990.00    135.00    6.2865
   1776.00     34.00    7.7745
   1915.00      3.00    6.5580
   1688.00    278.00    6.8185
   1687.00    300.00    6.5000
   1778.00    574.00    7.0285
    814.00    832.00    4.3125
    809.00    818.00    6.5135
    457.00    431.00    7.2325
    534.00    679.00    5.4975
    540.00    701.00    6.1465
    557.00    929.00    5.1140
    571.00    923.00    5.9540
    558.00    892.00    7.2325
    509.00    837.00    5.3365
    518.00    853.00    5.5500
    515.00   1109.00    7.6235
     30.00    978.00    8.1040
     48.00   1292.00    7.6615
    335.00   1260.00    7.1920
   1039.00    733.00    7.1920
   1167.00   1310.00    5.8060
   1194.00   1316.00    6.1465
   1201.00   1297.00    6.1465
   1418.00   1465.00    8.2110
   1719.00   1790.00    6.1465
   1729.00   1771.00    5.3365
    725.00   1348.00    6.8185
    746.00   1347.00    6.2865
   1944.00   2153.00    5.5500
   1943.00   2129.00    5.9540
   1710.00   2113.00    6.8185
   1381.00   1710.00    5.8060
   1366.00   1721.00    5.9540
   1090.00   1696.00    7.2325
    826.00   1972.00    5.3905
    827.00   1952.00    5.3365
    263.00   1421.00    7.1920
    240.00   1458.00    8.6920
    306.00   1544.00    7.9590
    318.00   1474.00    8.0000
    311.00   1667.00    8.2110
    374.00   2135.00    4.4450
    378.00   2120.00    6.1465
    399.00   2099.00    7.2325
     32.00   2564.00    9.7630
    570.00   2135.00    5.9540
    589.00   2122.00    6.5580
    497.00    864.00    8.2110
    432.00   2507.00    7.9590
    408.00   2499.00    6.9035
    444.00   2446.00    8.6920
    483.00   2401.00    6.8185
    550.00   2406.00    6.5000
    605.00   2222.00    9.4725
    565.00   2482.00    6.6750
    552.00   2499.00    7.4210
    563.00   2571.00    7.2525
    543.00   2587.00    6.3420
   1521.00   1746.00    7.5000
   1155.00   2530.00    5.2770
   1153.00   2512.00    7.2525
   1943.00   2234.00    6.7670
    976.00   1787.00    7.0360
     23.00    591.00    9.1480
    440.00   1174.00    7.6615
   1091.00   1295.00    6.0990
   1107.00   1291.00    7.0800
   1828.00   1032.00    5.9910
   1845.00   1033.00    5.5625
   1846.00    619.00    4.7850
   1854.00    607.00    6.1440
   1854.00    339.00    6.3420
   1865.00    351.00    7.2525
   1853.00   1141.00    8.6890
    484.00   1244.00    7.4630
    144.00   2510.00    6.7210
     87.00   2213.00    8.0990
    324.00   2136.00    8.5090
    177.00   2215.00    9.4400
    518.00   2545.00    8.0225
   1446.00   1805.00    7.4210
    416.00   1611.00    8.5000
   1858.00   2191.00    8.7950
