#        y         x         r
      2.00   1433.00    4.5000
      1.00   2031.00    6.8750
      2.00   2138.00    7.8750
      2.00   2328.00    8.5000
      7.00   1035.00    9.3750
      5.00    767.00    8.6250
     13.00    303.00    8.5000
     16.00   2276.00    5.6250
     19.00    953.00    4.7500
     32.00   2202.00    7.3750
     31.00   2305.00    7.1250
     47.00    636.00    7.3750
     51.00   1159.00    6.0000
     57.00   2070.00    5.0000
     64.00   2276.00    4.5000
     73.00    711.00    5.0000
     78.00    688.00    7.2500
     79.00   1103.00    7.2500
     85.00   2457.00    8.2500
     88.00   1508.00    6.6250
    101.00   1354.00    8.1250
    105.00   2160.00    6.2500
    109.00   2127.00    9.5000
    112.00    839.00    7.2500
    113.00    990.00   10.2500
    124.00   1215.00    5.3750
    126.00   2391.00    4.5000
    129.00    787.00    8.2500
    134.00     86.00    6.5000
    144.00   2372.00    7.7500
    144.00    582.00    9.7500
    152.00   2191.00    7.1250
    151.00    293.00    6.6250
    161.00   1998.00    5.5625
    163.00   1815.00    7.5000
    166.00    411.00    5.8750
    165.00    632.00    7.5000
    173.00   1780.00    5.1250
    179.00   1929.00    7.2500
    183.00   2514.00    8.3620
    182.00    158.00    8.1250
    182.00   2183.00    6.2500
    185.00    604.00    6.2500
    184.00    409.00    6.8185
    187.00   2136.00    5.6250
    193.00    809.00    7.3750
    193.00   2204.00    4.1250
    192.00   2588.00    7.8750
    199.00   1121.00    5.5000
    198.00   1780.00    7.0000
    202.00   2440.00    6.0000
    215.00   1964.00    6.1250
    217.00    172.00    7.8750
    218.00   1703.00    7.8750
    226.00   1297.00    5.8750
    223.00   1494.00    6.7500
    229.00   1423.00    6.5000
    229.00   2219.00    6.8750
    230.00     52.00    5.5500
    231.00   1372.00    9.6250
    233.00   1943.00    8.3750
    238.00    480.00    6.6250
    244.00     92.00    7.0000
    249.00   2514.00    6.6250
    249.00   2108.00    7.5000
    257.00    975.00    6.0000
    260.00   2353.00    7.6250
    265.00   1198.00    6.5000
    267.00   1406.00    4.1250
    273.00   1088.00    7.3750
    288.00   2394.00    6.6250
    289.00   2259.00    7.3750
    294.00   2138.00   10.2500
    298.00    341.00    7.6250
    299.00    839.00    8.5000
    300.00    434.00   10.2500
    304.00   2438.00    6.2500
    305.00    554.00    8.1250
    305.00   2548.00    6.6250
    315.00   2116.00    7.8750
    316.00   1789.00    9.2500
    323.00   1639.00    6.1440
    328.00    962.00    5.7500
    328.00   1436.00    8.2500
    332.00   1225.00    4.3750
    335.00     67.00    7.8750
    339.00   1553.00    7.5000
    339.00    510.00    6.6250
    338.00    888.00    7.7500
    345.00    150.00    6.2500
    350.00    475.00    7.6250
    355.00    978.00    6.6250
    362.00    195.00    8.0000
    364.00   1474.00    6.8750
    373.00   2492.00    5.3750
    382.00    785.00    8.8750
    382.00   1761.00    8.3750
    386.00    447.00    6.2500
    388.00   1577.00    6.0000
    391.00    508.00    6.2500
    392.00    869.00    4.5000
    403.00    570.00    5.1250
    407.00    116.00    7.0000
    410.00     89.00    4.8750
    419.00   1414.00    8.1250
    421.00   2182.00    6.2500
    424.00   2280.00    7.6250
    425.00    205.00    4.3750
    430.00   1115.00    5.6250
    439.00    145.00    8.8750
    440.00   2321.00    5.2500
    441.00   1833.00    9.2500
    444.00   2526.00   10.6250
    447.00    970.00    6.7500
    449.00   1711.00    7.6250
    456.00   2391.00    9.8750
    462.00    880.00    9.0000
    464.00    338.00    6.6250
    461.00   1882.00    7.6250
    472.00   2213.00    7.3750
    473.00   2497.00    7.2500
    473.00   2577.00    6.6250
    481.00    222.00    8.0000
    490.00   2039.00    6.3750
    496.00   2273.00    6.3750
    497.00   2508.00    6.1250
    499.00   1689.00    5.6250
    502.00   1023.00    6.5000
    503.00    543.00    8.1250
    505.00   2003.00    4.5000
    508.00    381.00    7.3750
    509.00   1275.00    7.2500
    514.00   2566.00    7.1250
    519.00    654.00    7.7500
    520.00   1615.00    3.1250
    522.00   1247.00    8.3750
    526.00    618.00    7.0000
    532.00   1105.00    7.0000
    537.00    260.00    7.2500
    542.00    206.00    5.0000
    544.00    850.00    6.2500
    548.00    959.00    7.8750
    553.00   2335.00    7.6250
    555.00    639.00    7.8750
    560.00    766.00    6.0000
    565.00   1522.00    8.0000
    568.00   2487.00   10.5000
    566.00    366.00    7.0000
    572.00   1388.00    7.6250
    574.00    518.00    5.2500
    581.00   1556.00    7.6250
    587.00   2345.00    5.0000
    587.00   1179.00    7.2500
    594.00   1791.00    5.6250
    596.00    351.00    9.5000
    599.00   1100.00    8.0000
    606.00    885.00    3.8750
    605.00    510.00    8.0000
    607.00   2092.00    7.2500
    612.00   2567.00    5.6250
    618.00    951.00    8.6250
    620.00    783.00    7.1250
    622.00    179.00    9.0000
    621.00   1781.00    6.6250
    630.00   2068.00    5.2500
    634.00   2413.00    8.8750
    640.00   2048.00    9.2500
    641.00   1676.00    7.3750
    649.00    836.00    9.2500
    650.00   1966.00    7.3750
    658.00   1542.00    7.6250
    661.00   1579.00    6.2500
    664.00   1655.00    8.1250
    662.00    874.00   10.2500
    665.00   2282.00    5.2500
    667.00   1318.00    7.7500
    676.00    379.00   11.3750
    683.00   1980.00    4.3750
    685.00     82.00    7.8750
    683.00   1870.00    5.8750
    684.00   2441.00    9.2500
    683.00   1980.00    8.2500
    686.00   1965.00    8.2500
    686.00   2449.00    4.7500
    703.00   1025.00    6.7500
    710.00    794.00    8.1250
    709.00   1795.00    7.1250
    711.00   1067.00    8.2500
    718.00   1331.00    8.7500
    722.00   2085.00    8.2500
    720.00   2592.00    3.2500
    723.00   2400.00    7.2500
    723.00   2563.00    7.8750
    727.00   2038.00    6.7500
    738.00   1906.00    7.3750
    736.00   2440.00    8.2500
    740.00   2308.00    6.7500
    742.00    426.00    6.5000
    751.00    666.00    5.6250
    747.00   2346.00    6.1250
    747.00   1809.00    6.1250
    754.00   2461.00    6.8750
    759.00   1963.00    5.6250
    759.00   2537.00    3.7500
    761.00    168.00    6.7500
    762.00   1517.00    7.8750
    769.00   2062.00    7.1250
    769.00   2497.00    5.3750
    771.00   2120.00    7.1250
    778.00   1766.00    3.6250
    784.00   2445.00    8.1250
    789.00    928.00    6.6250
    795.00   2495.00    7.1250
    796.00   2555.00    5.7500
    804.00    313.00    4.8750
    801.00   1048.00    7.3750
    809.00   2296.00    3.8750
    810.00     65.00    7.1250
    811.00    632.00    9.0000
    814.00   1898.00    7.1250
    816.00   2198.00    6.5000
    818.00   1151.00    7.7500
    818.00   1194.00    6.2500
    817.00    820.00    7.4630
    822.00   1698.00    6.7500
    824.00    845.00    6.2500
    833.00   2422.00    7.7500
    835.00   2287.00    6.2500
    842.00   2566.00    5.1250
    843.00    988.00    7.2525
    842.00   2049.00    4.2500
    846.00   1947.00    8.6250
    850.00   1270.00    7.6250
    852.00   2338.00    4.6250
    852.00    319.00    8.1250
    852.00    217.00    8.2500
    855.00    856.00    4.3750
    855.00   2252.00    4.3750
    857.00    177.00    5.6250
    862.00   1192.00    6.3750
    862.00   1560.00    5.1250
    864.00   2479.00    6.0000
    871.00    603.00    6.8750
    870.00    528.00    8.3750
    875.00    711.00    7.1250
    871.00    752.00    7.1250
    872.00   1213.00    5.8750
    873.00   2251.00    6.3750
    891.00   1424.00    6.0000
    898.00    399.00    9.0000
    895.00   2389.00    8.7500
    897.00    311.00    4.7500
    898.00    689.00    8.2500
    907.00   1984.00    9.1250
    909.00   1050.00    4.0000
    914.00    867.00   10.1250
    920.00   1310.00    5.1250
    917.00   1878.00    8.6250
    920.00   1564.00    5.5000
    923.00   1487.00    6.5000
    930.00   2362.00    6.2500
    932.00   2278.00    4.7500
    936.00   2193.00    5.7500
    936.00    663.00    7.8750
    940.00   1133.00    5.5000
    941.00   1735.00    9.6250
    943.00    978.00    4.5000
    946.00   1331.00    6.5000
    944.00   2030.00    7.3750
    949.00    950.00    6.7210
    948.00    462.00    8.2500
    955.00   2563.00    6.7500
    958.00    778.00   11.2500
    961.00    875.00    5.6250
    961.00   2054.00    6.3750
    964.00   1362.00    7.7500
    967.00   1309.00    7.0000
    976.00    511.00    7.6250
    981.00   1797.00    7.8750
    979.00    659.00    3.7500
    986.00   1696.00    7.0000
    988.00   1347.00    8.8750
    989.00   2062.00    6.7500
    991.00   1523.00    9.8750
    999.00    800.00    8.0000
   1006.00    192.00    7.2500
   1002.00   1371.00    8.7500
   1004.00    101.00    6.5000
   1006.00   1951.00    5.8750
   1005.00   1057.00    6.2500
   1007.00   2438.00    6.8750
   1007.00   1784.00    6.2500
   1028.00    402.00    6.6250
   1042.00   1794.00    6.2500
   1044.00   2244.00    9.1250
   1051.00   1885.00    8.1250
   1054.00   1612.00    4.0000
   1054.00    547.00    9.7500
   1056.00    172.00    7.5000
   1059.00   1267.00    7.7500
   1061.00   1393.00    8.3750
   1068.00   2421.00    6.0000
   1067.00   2550.00    8.0000
   1067.00   1940.00    9.3750
   1073.00    938.00    9.0000
   1074.00   1051.00    5.7500
   1075.00   1236.00    7.6250
   1076.00   1458.00    7.3750
   1079.00   1001.00    6.7500
   1081.00   1332.00    9.0000
   1082.00   1543.00    6.5000
   1087.00   2331.00    6.5000
   1087.00   1105.00    7.1250
   1089.00    968.00    9.0000
   1093.00   2592.00    7.1250
   1099.00    234.00   10.0000
   1102.00   2386.00    9.5000
   1116.00   2287.00    7.1250
   1115.00   1740.00    8.3750
   1123.00     43.00    7.8750
   1126.00    242.00    5.7500
   1125.00   1666.00    7.3750
   1126.00   1766.00    5.5000
   1127.00   2140.00    7.2500
   1126.00   2558.00    7.0000
   1129.00    478.00    6.6250
   1127.00   1099.00    9.2500
   1133.00   2024.00    7.7500
   1135.00    809.00    3.7500
   1137.00   1632.00    8.7500
   1140.00   1203.00    7.3750
   1142.00   1490.00    5.0000
   1152.00    144.00    8.3750
   1153.00   1479.00    7.1250
   1160.00   2306.00    7.0000
   1166.00    768.00    6.0000
   1167.00   2077.00    6.8750
   1191.00   1684.00    5.5000
   1194.00   1796.00    3.8750
   1191.00    710.00    6.0000
   1196.00    801.00    7.3750
   1206.00   2300.00    7.6250
   1214.00    694.00    5.3750
   1217.00   1901.00    6.6250
   1224.00    167.00    8.6250
   1231.00    634.00    8.3750
   1235.00    874.00    7.2500
   1240.00   1758.00    6.0000
   1251.00   1609.00    7.7500
   1258.00   1125.00    6.2500
   1258.00   2059.00    7.2500
   1263.00     54.00    9.5000
   1265.00    593.00    7.8750
   1278.00   2097.00    8.2500
   1284.00   2186.00    8.2500
   1280.00   2585.00    7.7500
   1283.00   1670.00    8.2500
   1286.00    243.00    7.1250
   1284.00   1409.00    6.3750
   1288.00   1707.00    4.2500
   1285.00   1263.00    8.1250
   1288.00    821.00    4.6250
   1294.00      5.00    6.3420
   1297.00   1141.00    6.7500
   1298.00    797.00    8.8750
   1299.00   2018.00    8.3750
   1307.00    209.00    5.6725
   1303.00   1755.00    6.2500
   1307.00    991.00    5.8750
   1312.00   1626.00    7.1250
   1318.00   1901.00    6.0000
   1320.00   1577.00    5.7500
   1320.00   1172.00    9.1250
   1326.00   1454.00    9.0000
   1336.00   1812.00    7.1250
   1341.00    939.00    9.2500
   1338.00    161.00    8.0000
   1345.00    449.00    8.1250
   1353.00   2572.00    6.3750
   1354.00   1643.00    7.8750
   1358.00    215.00    8.0000
   1358.00   2335.00    9.8750
   1363.00   1831.00    4.7500
   1367.00   2546.00    6.7500
   1374.00    737.00    7.0000
   1373.00   1448.00    9.3750
   1377.00   1998.00    5.6250
   1380.00    759.00    7.3750
   1381.00    232.00    6.8750
   1381.00    418.00    6.3750
   1381.00    441.00    4.5000
   1398.00   1181.00    6.6250
   1401.00     97.00    7.8750
   1401.00   1952.00    3.7500
   1405.00    365.00    5.3750
   1403.00   1338.00    7.0000
   1402.00   1695.00    8.3750
   1411.00    298.00    7.8750
   1414.00   1862.00    8.0000
   1417.00    776.00    7.2500
   1414.00   1291.00    9.0000
   1419.00   1599.00    4.5000
   1421.00   2124.00    6.0000
   1422.00    434.00    8.0000
   1424.00   1960.00    7.2500
   1429.00   1057.00    9.2500
   1431.00   2584.00    9.0000
   1432.00    282.00    8.2500
   1438.00   1448.00    6.6250
   1439.00   2134.00    5.8750
   1453.00    482.00    5.5625
   1458.00   1727.00    4.6250
   1474.00   1250.00    8.0000
   1478.00   2277.00    6.0000
   1475.00   2087.00    7.7475
   1479.00    730.00    6.5000
   1481.00   1594.00    6.1250
   1482.00   1687.00    3.5000
   1490.00   1023.00    9.7500
   1490.00   1559.00    4.8750
   1494.00   2329.00    6.5000
   1499.00   1676.00    6.7500
   1501.00    924.00    8.8750
   1512.00   2448.00    8.0000
   1513.00   2529.00    6.2500
   1521.00   2006.00    7.0000
   1527.00    605.00    8.0000
   1527.00   2260.00    7.5000
   1528.00    635.00    3.6250
   1537.00   2219.00    7.3750
   1537.00   1058.00    7.3750
   1543.00     34.00    6.6250
   1541.00   1861.00    8.0225
   1548.00    744.00    6.8750
   1547.00    846.00    7.3750
   1549.00   2370.00    7.3750
   1550.00    951.00    5.6725
   1556.00   2503.00    9.0000
   1558.00     13.00    5.8750
   1558.00   1674.00   10.7500
   1566.00   1473.00    8.0000
   1570.00    414.00    8.0000
   1570.00   2190.00    8.5000
   1574.00   1713.00    7.5000
   1574.00    728.00    8.6250
   1577.00   1370.00    9.0000
   1585.00    535.00    7.3750
   1588.00   1862.00    9.3750
   1585.00   2109.00    7.8750
   1591.00    433.00    5.1250
   1601.00    482.00    7.3750
   1612.00   1462.00    7.5000
   1614.00   1735.00    7.0000
   1617.00   1886.00    5.2500
   1623.00   2467.00    6.1250
   1641.00   1441.00    8.3750
   1651.00   2033.00    6.7500
   1666.00   1786.00    6.1250
   1666.00   1227.00    8.2500
   1670.00   1273.00    4.6250
   1676.00   1376.00    8.5000
   1683.00   1821.00    6.8750
   1687.00    760.00    8.0000
   1692.00   1069.00    7.7500
   1699.00   2430.00    7.8750
   1709.00   1214.00    6.3750
   1711.00   1798.00    5.7500
   1716.00   1251.00    4.3750
   1713.00   2289.00    6.8750
   1714.00    169.00    5.9910
   1717.00   2070.00    8.5000
   1717.00   2139.00    7.1250
   1726.00   2201.00    5.8750
   1726.00    957.00    6.6250
   1727.00    183.00    5.5065
   1734.00   1456.00    5.8750
   1739.00    846.00    7.2525
   1734.00   1631.00    8.3750
   1739.00   1875.00    8.0000
   1742.00   1314.00    8.5000
   1744.00    339.00    9.3750
   1746.00    422.00    8.3750
   1748.00   2242.00    6.2500
   1754.00    902.00    7.7500
   1754.00   1737.00    8.6250
   1769.00   2042.00    5.3750
   1775.00   1305.00    7.7500
   1773.00   1373.00    9.6250
   1775.00   2178.00    6.6250
   1777.00    512.00    7.1250
   1780.00   1671.00   10.2500
   1785.00    224.00    7.7500
   1787.00   2482.00    6.6250
   1796.00     64.00    7.8750
   1792.00   1440.00    7.2500
   1792.00   1828.00    8.0000
   1797.00    642.00    5.5000
   1799.00   1521.00    6.1250
   1800.00    402.00    9.6250
   1804.00   1007.00    6.8750
   1801.00   1307.00    5.1250
   1801.00   2036.00    9.5000
   1804.00   1405.00    7.8750
   1810.00    580.00    8.2500
   1819.00   1237.00    5.1250
   1822.00   2499.00    6.8750
   1824.00   2421.00    6.0000
   1821.00   1148.00    8.6890
   1825.00   2179.00    6.1250
   1831.00   2240.00    6.5000
   1830.00    778.00    8.6250
   1831.00   1615.00    7.0000
   1832.00   2569.00    9.3750
   1835.00   1938.00    7.3750
   1836.00    654.00    5.0000
   1837.00   1408.00    6.2500
   1841.00   1688.00    7.2500
   1853.00   1608.00    5.9910
   1844.00    599.00    7.2500
   1843.00   2264.00    3.7500
   1848.00   2403.00    6.7500
   1855.00   1079.00    7.7500
   1855.00   1744.00    8.7500
   1860.00   2582.00    6.0000
   1867.00    685.00    4.7500
   1869.00   2545.00    8.8750
   1873.00    142.00    8.6250
   1889.00   1448.00    6.7500
   1892.00   1406.00    8.3750
   1900.00   1563.00    8.0000
   1899.00   1734.00    5.2500
   1900.00   2120.00    8.7500
   1900.00    284.00    8.3750
   1905.00    896.00   10.8750
   1905.00   1638.00    9.2500
   1912.00   2592.00    3.6250
   1917.00    345.00    8.7500
   1921.00    989.00    8.7500
   1940.00   1265.00    6.7500
   1943.00   2019.00    7.0000
     19.00      8.00    7.1920
     11.00    131.00    5.5500
     10.00    152.00    7.0000
    257.00    162.00    5.9540
    281.00    167.00    6.8185
    304.00    290.00    8.8905
    117.00    122.00    7.8665
    254.00    526.00    7.2525
     98.00    913.00    6.3420
     96.00    888.00    6.7210
   1224.00    332.00    8.6890
   1245.00    139.00    5.2770
   1275.00    136.00    6.4870
   1651.00     62.00    8.0990
   1880.00    456.00    7.9055
   1844.00    214.00    9.2075
   1793.00    534.00    5.5625
   1806.00    544.00    5.7270
   1632.00    499.00    7.9055
   1609.00    576.00    4.7850
   1627.00    577.00    5.6725
   1755.00    795.00    7.4210
   1545.00    976.00    6.4870
   1445.00    928.00    8.2130
   1427.00    587.00    6.4870
   1421.00    567.00    5.0370
   1373.00    388.00    7.2525
   1482.00    485.00    7.2525
   1269.00    491.00    5.7270
   1264.00    508.00    6.4870
   1069.00    633.00    6.2930
   1079.00    666.00    6.6750
   1091.00    645.00    6.4870
   1109.00    652.00    5.5065
   1132.00    660.00    6.4870
   1103.00   1033.00    6.7210
    660.00    546.00    6.0000
    660.00    509.00    6.4870
    528.00    419.00    7.5000
    171.00    694.00    6.3420
    192.00    683.00    6.6750
   1212.00   1115.00    4.7850
   1225.00   1109.00    5.6725
    555.00   1105.00    5.7270
    529.00   1180.00    6.3420
    530.00   1202.00    6.3420
   1607.00   1571.00    7.8665
   1426.00   1530.00    5.6725
   1425.00   1552.00    6.3420
   1523.00   1931.00    8.7950
   1505.00   2060.00    6.7210
   1311.00   2124.00    4.4500
   1323.00   2115.00    5.5625
   1328.00   2135.00    6.6750
    714.00   1443.00    6.6750
    734.00   1448.00    5.5625
    557.00   1619.00    6.6750
    562.00   1602.00    7.1235
   1051.00   2493.00    7.0000
   1066.00   2512.00    6.7210
    834.00   2137.00    5.6725
    854.00   2137.00    5.9910
   1226.00   1482.00    4.4500
   1232.00   1474.00    7.2525
    314.00   1666.00    7.0360
    144.00   1446.00    7.0000
     61.00   1494.00    5.7270
     48.00   1501.00    5.6725
    118.00   1970.00    7.1235
    122.00   1993.00    6.3420
      7.00   2375.00    6.0000
     25.00   2384.00    7.2525
    230.00   2588.00    5.5065
    232.00   2572.00    7.0000
    363.00   2573.00    6.4870
   1688.00   1153.00    7.1235
