#        y         x         r
      4.00    501.00    6.3750
      9.00    837.00    8.6250
      4.00    928.00   10.0000
     13.00   2073.00    6.8750
     19.00    242.00    7.7500
     17.00   1109.00    5.7500
     18.00    279.00    6.3750
     23.00   1237.00    7.8750
     35.00    136.00    7.6250
     40.00   2254.00    6.5000
     47.00    807.00    7.4630
     49.00   1450.00    6.8750
     49.00   2201.00    6.7500
     51.00    395.00    7.3750
     62.00    964.00    6.8750
     65.00   1490.00    8.1250
     65.00    340.00    8.5000
     65.00   2589.00    6.6250
     71.00   1735.00    6.3750
     75.00   2133.00    5.6250
     77.00    294.00    6.8750
     78.00   1315.00    6.1250
     86.00    903.00    5.7500
     84.00   1607.00    8.5000
     86.00   1466.00    8.5000
     87.00   1767.00    7.6250
     93.00   1105.00    8.8750
     96.00    493.00    7.8750
     97.00   1905.00    7.1250
     97.00   1493.00    8.3750
    104.00   2058.00    7.0000
    105.00   1781.00    4.5000
    105.00   1039.00    6.8750
    109.00   2398.00    8.0000
    119.00   2220.00    7.2500
    120.00    339.00    9.6250
    129.00     56.00    8.2500
    140.00   2521.00    7.1250
    150.00   1862.00    5.8750
    150.00    838.00    8.2500
    151.00   1333.00    8.6250
    150.00   1270.00    8.1250
    162.00   1686.00    7.0000
    162.00   1628.00    7.0000
    164.00    919.00    9.1250
    164.00   2542.00    8.2500
    170.00   1274.00    4.7500
    173.00   2132.00    8.7500
    176.00   1344.00    6.1250
    181.00   1450.00    6.8750
    184.00   1732.00    7.7500
    189.00   2382.00    9.1250
    190.00   1773.00    8.5000
    195.00    383.00   10.7500
    202.00   1946.00    6.7670
    214.00   1234.00    6.0000
    221.00    505.00    7.7500
    221.00   1489.00    8.6250
    228.00   1049.00    6.5000
    229.00    442.00    5.8750
    236.00   2232.00    4.0000
    236.00   2203.00    4.2500
    244.00   1436.00    9.7500
    245.00   1565.00    8.3750
    246.00   1806.00    8.7500
    246.00    704.00    8.5090
    247.00   1071.00    4.0000
    256.00    486.00    7.6250
    257.00   1325.00   11.5000
    259.00    212.00    6.3750
    258.00    434.00    8.7500
    262.00   1129.00    6.3750
    260.00    837.00    6.2930
    271.00   2201.00    3.6250
    268.00   2235.00    8.1250
    269.00   2564.00    7.2500
    291.00   1773.00    8.8750
    297.00   1295.00    7.5000
    297.00   1719.00    9.5000
    302.00   1842.00    7.7500
    306.00   2466.00    6.8750
    308.00    285.00    8.5000
    312.00   2216.00    5.3750
    312.00   1901.00    6.3750
    314.00   2516.00    7.0000
    316.00    497.00    6.8750
    319.00    156.00   10.1250
    316.00    435.00    9.8750
    326.00    196.00    6.1250
    328.00   2267.00    7.2500
    335.00   2210.00    8.0000
    333.00   2426.00    7.2500
    335.00   1947.00    5.5000
    340.00   1846.00    9.3750
    345.00    219.00    7.2500
    346.00   2053.00    8.1250
    348.00   1151.00    7.3750
    350.00   2110.00    6.0000
    357.00    332.00    7.6250
    352.00    752.00    7.0000
    358.00   1589.00    6.1250
    357.00   2295.00    7.7500
    362.00   2560.00    7.1250
    366.00    821.00    9.0000
    372.00    194.00   10.2500
    379.00   2588.00    6.1250
    382.00   2478.00    5.8750
    385.00   1396.00    9.0000
    385.00   1858.00    6.2500
    386.00    224.00    7.5000
    388.00   1473.00    6.6250
    401.00   1696.00    8.2500
    401.00    856.00    8.3750
    402.00   2178.00    5.3750
    402.00   2325.00   11.2500
    404.00    375.00    6.7500
    408.00    562.00    7.1250
    410.00    673.00    7.1250
    410.00    527.00    4.7500
    419.00   2565.00    3.7500
    419.00   2421.00    7.6250
    420.00   1360.00    5.1250
    432.00   1273.00    6.3750
    445.00    270.00    8.7500
    454.00    879.00    8.1250
    447.00   1674.00    8.0000
    441.00   1938.00    8.0000
    442.00   2283.00    5.6250
    445.00    269.00    8.8750
    455.00    636.00   10.6250
    464.00     27.00    8.6250
    463.00   2279.00    7.1250
    465.00   1855.00    7.1250
    469.00   1629.00    6.2500
    466.00    241.00    5.3750
    470.00    421.00    8.0000
    473.00   2493.00    7.8750
    473.00    543.00    9.1250
    483.00    377.00    8.8750
    485.00   2202.00    7.0000
    501.00    935.00    7.5000
    501.00    240.00    9.1250
    505.00   2147.00    7.6250
    506.00    853.00    6.2500
    506.00    430.00    9.7500
    505.00   2060.00    5.8750
    511.00   2420.00    7.0000
    520.00    831.00    7.6250
    523.00     57.00   10.2500
    524.00    688.00   10.1250
    528.00    889.00    5.0000
    535.00   2010.00    6.1250
    534.00    560.00    7.1250
    535.00    617.00    7.6250
    543.00   2139.00    8.7500
    545.00   1458.00    6.2500
    551.00   1532.00    9.6250
    549.00   1123.00    8.0000
    555.00    409.00    5.6250
    562.00    991.00    8.6250
    574.00   1089.00    6.3420
    575.00   1650.00    8.0000
    577.00   2092.00    7.7500
    577.00   2274.00    8.6250
    584.00   1544.00    8.3750
    581.00     22.00    8.2500
    582.00    647.00    7.5000
    581.00   2578.00    6.1250
    581.00   1306.00    7.6250
    595.00   2534.00    4.5000
    595.00    113.00    7.3750
    604.00   2055.00    7.2500
    605.00   1632.00    9.0000
    605.00   1711.00    7.1250
    607.00   2392.00    7.6250
    608.00      3.00    3.1250
    611.00    651.00    7.2525
    610.00   1766.00    6.7500
    612.00    586.00    6.6250
    610.00   2514.00    6.8750
    615.00    295.00    8.0000
    618.00   2340.00    6.0000
    627.00   1873.00    8.0000
    633.00   2325.00    6.6850
    634.00   2140.00    5.8750
    642.00   1290.00    9.2500
    646.00    807.00    9.6250
    644.00   1580.00    6.0000
    650.00   1037.00    6.7500
    650.00   2441.00    4.0000
    653.00   2033.00    8.5000
    655.00   1532.00    8.0000
    672.00   1719.00    7.3750
    679.00   1573.00    7.3750
    684.00   1327.00    8.1250
    687.00   2302.00    6.5880
    692.00   1143.00    7.8750
    698.00    401.00    7.7875
    698.00     47.00    8.6250
    700.00   2242.00    7.4165
    701.00   1735.00    8.7500
    715.00    104.00    7.2500
    721.00   2339.00    7.7500
    737.00   1851.00    6.7500
    737.00   2369.00    7.8750
    738.00     72.00    5.5000
    740.00    256.00    6.2500
    745.00   1459.00    6.3750
    747.00    836.00    7.0000
    747.00     16.00    3.6250
    749.00   1562.00    7.7500
    753.00    145.00    7.7500
    760.00    933.00    5.6250
    761.00   1383.00    6.6250
    760.00   2147.00    9.2500
    760.00   2589.00    6.8750
    762.00   1349.00    7.2525
    763.00    307.00    9.2500
    767.00   2039.00    6.8750
    767.00      3.00    3.1250
    782.00   1492.00    9.3750
    781.00   1738.00    8.8750
    787.00   1296.00    7.0000
    788.00    298.00    7.0000
    796.00    139.00    6.8750
    801.00   2506.00    8.0000
    800.00   2533.00    5.0000
    805.00     61.00    9.7500
    810.00   2177.00    8.1250
    814.00   1892.00    8.1250
    819.00    376.00    7.6250
    819.00    965.00    7.3750
    824.00   2547.00    6.3750
    830.00   1442.00    9.1250
    841.00   1048.00    7.6250
    846.00    900.00    6.5000
    849.00   1587.00    8.2500
    860.00    298.00   10.6250
    866.00   1937.00    8.5000
    863.00   2069.00    7.8750
    862.00   2315.00    9.3750
    868.00    809.00    8.0000
    870.00    388.00    8.7500
    872.00   1192.00    7.7500
    881.00    469.00    9.2500
    884.00   1741.00    6.6250
    889.00    886.00    6.5000
    889.00   1611.00   10.3750
    890.00   1969.00    7.8750
    891.00    631.00    5.1250
    902.00   2131.00    6.8750
    903.00   2573.00    7.8750
    903.00   1294.00    6.5000
    906.00   2396.00    8.5000
    909.00    525.00    6.7500
    908.00   2071.00    5.8750
    909.00   1715.00    7.8750
    914.00    803.00    7.8750
    920.00   1338.00    8.3750
    923.00   1192.00    9.0000
    928.00   1233.00    5.3750
    930.00     90.00    6.2500
    947.00    511.00    6.7500
    953.00   1630.00    8.2500
    953.00    834.00    7.3750
    956.00   2573.00    8.2500
    962.00   1152.00    5.1250
    962.00   1790.00   10.7500
    963.00   1443.00    8.2500
    968.00   2284.00    7.6250
    973.00   1590.00    6.8750
    974.00   1290.00    8.7500
    977.00   2022.00    6.3750
    976.00    254.00    7.8750
    978.00   1525.00    8.0000
   1001.00    653.00    6.3750
   1004.00   1189.00    4.7500
   1004.00   2278.00    8.0000
   1009.00   1266.00    8.1250
   1013.00    360.00    5.0000
   1025.00    444.00    5.6250
   1030.00   2538.00    3.8750
   1034.00   1527.00    6.5000
   1040.00   1991.00    6.0000
   1042.00     48.00    8.2500
   1042.00    157.00    7.5000
   1040.00   1083.00    8.7500
   1045.00   2103.00    8.2500
   1043.00   1602.00    5.8750
   1048.00    275.00    7.7500
   1050.00   1713.00    9.3750
   1062.00    140.00    5.3750
   1063.00    541.00    7.1250
   1065.00   2347.00    6.5000
   1066.00   2533.00    5.7500
   1073.00   1029.00    5.8750
   1080.00   2222.00    7.8750
   1082.00   1966.00    7.3750
   1083.00   2024.00    9.0000
   1090.00   2273.00    8.7500
   1094.00   2483.00    4.7500
   1102.00    155.00    6.1250
   1098.00   1884.00    9.1250
   1101.00    368.00    9.1250
   1105.00    498.00    5.6250
   1112.00   1422.00    9.5000
   1113.00   2035.00    7.3750
   1122.00   1967.00    7.3750
   1125.00    169.00    6.8750
   1131.00    520.00    5.1250
   1136.00    104.00    6.0000
   1136.00    379.00    8.3750
   1137.00   2137.00    7.2500
   1140.00    913.00    9.5000
   1147.00   1818.00    5.6250
   1149.00   1503.00    6.7210
   1154.00   2564.00    6.2500
   1162.00   2490.00    6.7500
   1166.00   1389.00    8.1250
   1174.00    357.00    7.3750
   1176.00   2148.00    6.6250
   1185.00    111.00    8.2500
   1188.00    878.00    6.5000
   1189.00    202.00    6.7500
   1195.00    424.00    8.1250
   1195.00    728.00    6.7500
   1207.00   2588.00    5.8750
   1208.00   1591.00    6.6250
   1207.00    643.00    8.1250
   1212.00   2356.00    8.5000
   1215.00    925.00    7.1250
   1219.00    725.00    8.0000
   1220.00    896.00    5.5625
   1226.00    106.00    7.1250
   1230.00   1063.00    8.1250
   1233.00   1515.00    8.2500
   1241.00   1660.00    8.6250
   1242.00     52.00    8.7500
   1243.00   1367.00    5.5000
   1246.00   1404.00    6.8750
   1249.00    288.00    5.1250
   1248.00   2573.00    6.1250
   1254.00   1295.00    9.0000
   1256.00     80.00    7.2525
   1255.00    981.00    6.3750
   1259.00   1064.00    5.0000
   1259.00   2074.00    7.5000
   1262.00   1597.00    8.0000
   1287.00   1245.00    8.3750
   1288.00    882.00    5.1250
   1288.00   1545.00    9.3750
   1289.00   1881.00    5.2500
   1290.00    532.00    8.7500
   1296.00    706.00    4.5000
   1296.00    130.00    8.8750
   1301.00    455.00    6.0000
   1302.00    985.00    9.2500
   1311.00     14.00    5.6250
   1317.00   1556.00    7.1250
   1322.00    736.00    8.2500
   1327.00   1271.00    9.1250
   1330.00    842.00    6.7210
   1338.00   2455.00    6.6250
   1339.00    379.00    7.2500
   1343.00   1324.00    5.8750
   1347.00    985.00    7.2500
   1348.00   2190.00    9.0000
   1350.00    739.00    5.7500
   1360.00   1146.00    5.8750
   1358.00    895.00    6.3750
   1364.00    250.00    7.7500
   1369.00   1389.00    8.8750
   1368.00   1071.00    7.1250
   1369.00    950.00    7.8750
   1370.00   1899.00    7.8750
   1369.00   1527.00    9.6250
   1371.00   1741.00    7.5000
   1373.00   2270.00    4.8750
   1374.00   2576.00    8.5000
   1389.00    672.00    5.3750
   1386.00   1358.00    4.0000
   1392.00   1192.00    6.5000
   1391.00   1013.00    6.2500
   1392.00    711.00    7.7500
   1399.00    419.00    6.1250
   1394.00   1293.00    6.8750
   1402.00   1098.00    9.2500
   1403.00   2425.00    5.5000
   1404.00   2371.00    4.2500
   1415.00    475.00    5.5000
   1419.00   1623.00   10.7500
   1418.00   2013.00    5.8750
   1423.00   2399.00    8.2500
   1431.00   1080.00    7.8750
   1433.00   1926.00    8.2500
   1446.00   1367.00    9.3750
   1449.00    377.00    5.2500
   1450.00    787.00    8.5000
   1452.00   1088.00    6.1250
   1453.00   1892.00    8.1250
   1461.00    483.00    7.5000
   1462.00    241.00    9.3750
   1465.00   1570.00    5.1250
   1473.00   2464.00    7.2500
   1476.00   1628.00    9.3750
   1479.00   1225.00    6.0000
   1478.00   2250.00    7.2500
   1486.00    920.00    7.0000
   1486.00   1458.00    7.6250
   1495.00    807.00    8.8750
   1486.00   1800.00    7.7500
   1486.00   2180.00    9.3750
   1487.00   1704.00    7.7500
   1492.00     21.00    6.8750
   1493.00   1406.00    7.0000
   1499.00     88.00   11.2500
   1503.00    143.00    5.2500
   1502.00    784.00    6.5000
   1507.00    837.00    7.8750
   1508.00    476.00    8.6250
   1510.00   1041.00    7.2500
   1510.00   2198.00    8.2500
   1512.00    919.00    7.1250
   1515.00   1145.00    8.2500
   1528.00    218.00    7.8750
   1529.00   1781.00    8.0000
   1532.00   1203.00    6.6250
   1534.00    257.00    7.5000
   1534.00   1445.00    8.8750
   1536.00   1595.00    9.2500
   1541.00   1504.00    6.6250
   1542.00   2251.00    6.8750
   1545.00    124.00    9.0000
   1550.00   1042.00    9.3750
   1553.00   1196.00    8.1250
   1556.00   2139.00    8.8750
   1563.00   2538.00    7.1250
   1565.00    875.00    7.7500
   1571.00    795.00    5.0000
   1571.00   1867.00    4.3750
   1580.00   1816.00    8.7500
   1583.00    667.00    5.6250
   1586.00    930.00    7.6250
   1588.00    956.00    5.3750
   1593.00   1397.00    9.1250
   1592.00   2032.00    8.2500
   1592.00   1461.00    8.0000
   1600.00    946.00    6.0000
   1602.00    540.00    5.1250
   1605.00   1830.00    7.8750
   1607.00    658.00    6.0000
   1608.00     39.00    8.0000
   1621.00   1411.00    7.7500
   1621.00   1216.00    8.2500
   1624.00   1013.00    8.5000
   1622.00     81.00    3.8750
   1626.00    647.00    8.0000
   1627.00   1252.00    6.6250
   1625.00   2440.00    4.8750
   1629.00    209.00    5.1250
   1639.00   1834.00   10.1250
   1641.00   2256.00    7.8750
   1644.00   1576.00    4.6250
   1646.00    967.00    7.2500
   1645.00    200.00    8.5000
   1651.00    294.00    9.5000
   1651.00   1888.00    7.5000
   1655.00   2274.00    7.2500
   1655.00     89.00    9.1250
   1660.00   1612.00    6.1250
   1659.00   1453.00    9.5000
   1672.00    889.00    6.0000
   1670.00   2205.00    8.2500
   1679.00   2560.00    8.7500
   1681.00   1669.00    9.0000
   1681.00   1763.00    7.3750
   1682.00   2079.00    7.0000
   1685.00    953.00    8.2500
   1693.00   1178.00    6.8750
   1694.00   1545.00    6.5000
   1696.00    561.00    7.8750
   1695.00    633.00    5.7500
   1697.00     43.00    7.3750
   1698.00   2386.00    4.8750
   1703.00    239.00    8.8750
   1704.00    712.00    7.7500
   1715.00    854.00    6.5000
   1718.00     17.00    6.5000
   1715.00     52.00    5.2500
   1717.00   1916.00    6.8750
   1720.00   1070.00    4.7500
   1726.00    983.00   11.3750
   1724.00   2256.00    6.2500
   1729.00   2006.00    7.7500
   1745.00   1225.00    7.0360
   1757.00    837.00    5.2500
   1761.00    538.00    6.8750
   1761.00   1333.00    7.2525
   1767.00   1081.00    7.6250
   1769.00    369.00   10.0000
   1773.00    871.00    7.2500
   1773.00    710.00    8.8750
   1776.00    297.00    8.2500
   1778.00   2591.00    3.3750
   1790.00   1200.00    3.8750
   1795.00   1143.00    7.1250
   1792.00    884.00    6.1250
   1796.00   1285.00    6.3420
   1803.00   1308.00    6.5000
   1804.00   1657.00    6.6250
   1812.00   2202.00   10.2500
   1833.00   1624.00    7.6250
   1840.00   2218.00    8.0000
   1842.00   2584.00    8.3750
   1847.00    903.00    5.5625
   1868.00   1585.00    6.1440
   1870.00   2422.00    7.7500
   1874.00   1848.00    8.1250
   1875.00   2550.00   10.3750
   1878.00   2219.00    6.0000
   1879.00    579.00   10.2500
   1879.00   1545.00    8.2500
   1883.00   1230.00    5.6250
   1896.00    765.00    8.6250
   1917.00    551.00    7.6250
   1919.00   2313.00    8.1250
   1920.00   1278.00    6.5000
   1927.00   1089.00    6.6250
   1933.00   1500.00    7.8750
   1926.00   1772.00    8.1250
   1934.00    614.00    8.3750
   1930.00   1357.00    8.1250
   1934.00   1003.00    9.7500
   1943.00   2456.00    6.0440
   1939.00   1256.00    9.2500
   1939.00   1809.00    5.7500
   1941.00     13.00    5.3750
   1943.00    270.00    6.0000
   1943.00    750.00    7.0000
   1943.00    912.00    6.3750
    690.00    710.00   12.0000
    615.00   1995.00    7.5000
    619.00   1970.00    6.7490
    403.00      4.00   12.5000
     26.00     44.00    6.1440
     47.00     59.00    7.7475
     78.00     59.00    7.2525
     84.00     36.00    6.7670
   1370.00     94.00    6.7670
   1388.00     67.00    7.4630
   1801.00    111.00    5.5625
   1875.00    302.00    6.1440
   1813.00    825.00    5.7270
   1481.00    617.00    6.4870
   1860.00    639.00    8.5090
   1303.00    839.00    5.5625
   1146.00    575.00    7.2525
   1065.00    707.00    7.4630
   1045.00    937.00    7.9055
   1066.00    889.00    7.4630
   1058.00    840.00    5.9910
    950.00    756.00    5.6725
    946.00    772.00    5.2770
    919.00    957.00    5.7270
    909.00    940.00    5.2770
    931.00    939.00    6.2930
    668.00    752.00    6.7210
    247.00    624.00    6.3420
    241.00    595.00    5.5065
      0.00   1048.00    6.6750
    101.00    893.00    6.3420
    184.00    962.00    6.6750
    207.00    965.00    5.9910
    292.00   1025.00    6.5000
    315.00   1021.00    6.7210
    315.00    988.00    6.7670
    341.00    991.00    6.3420
    647.00   1176.00    8.2130
   1072.00   1053.00    6.3420
   1014.00   1111.00    7.8665
    954.00   1058.00    6.4870
    996.00   1149.00    7.0360
   1208.00   1126.00    6.6750
   1214.00   1161.00    6.3420
   1233.00   1140.00    6.3420
   1269.00   1157.00    5.9910
   1233.00   1543.00    5.9910
    555.00   1271.00    6.2930
    567.00   1257.00    7.0360
    570.00    281.00    6.1440
    544.00    282.00    6.5000
    438.00    308.00    6.2930
    430.00    332.00    6.3420
    669.00    570.00    9.5050
    262.00   1685.00    6.4870
     25.00   2433.00    6.7210
     23.00   2410.00    8.4725
    191.00   2113.00    6.6750
     83.00   1964.00    8.5090
    102.00   2590.00    6.8440
    519.00   2250.00    5.9360
    512.00   2268.00    6.0440
    737.00   1977.00    5.1200
    741.00   1991.00    4.7270
    661.00   2295.00    7.0605
   1500.00   2411.00    5.6010
   1484.00   2420.00    5.6010
   1911.00   2015.00    7.0605
   1807.00   1768.00    6.0440
   1818.00   1782.00    5.8635
   1531.00   1711.00    6.0440
   1546.00   1687.00    5.6390
   1131.00   1688.00    5.8635
   1135.00   1707.00    5.6010
   1863.00   1604.00    5.2850
