#        y         x         r
      2.00   1195.00    7.8750
      5.00   1007.00    8.0000
      7.00   2152.00    6.3750
      9.00   1755.00    9.2500
     29.00   1375.00    9.6250
     33.00   1608.00    6.7500
     33.00   2359.00    6.8750
     36.00    905.00    7.1250
     37.00   2557.00    7.6250
     62.00   2358.00    6.6250
     65.00   1153.00    9.5000
     76.00   1548.00    8.3750
     79.00   1938.00    7.0000
     78.00   2484.00    9.8750
     84.00   1102.00    6.8750
     91.00   1383.00    7.1250
    108.00   1513.00    4.6250
    110.00   1851.00    5.5000
    112.00   1932.00    6.3750
    113.00      6.00    4.6250
    118.00    286.00    8.1250
    118.00   2003.00    7.5000
    120.00   1973.00    8.5000
    125.00    205.00    8.6250
    123.00    865.00    5.5000
    133.00   2255.00    8.2500
    140.00    989.00    7.8750
    141.00   2407.00    8.8750
    143.00   1861.00    7.8750
    144.00    954.00    9.8750
    145.00   2073.00    5.1250
    151.00   1792.00    9.8750
    153.00    396.00    8.1250
    155.00   2503.00    5.7500
    161.00   2219.00    8.2500
    166.00    154.00    9.2500
    169.00   1348.00    9.4300
    166.00   2014.00    7.8750
    171.00   1442.00    7.5000
    173.00    590.00    6.5000
    177.00     26.00    7.3750
    182.00   2042.00    6.8750
    187.00   2569.00    7.2500
    187.00   2373.00    5.7500
    192.00    378.00    9.1250
    196.00    134.00    7.3750
    198.00    325.00    5.1250
    202.00   2352.00    6.3750
    207.00    407.00    8.6250
    216.00   2246.00    9.6250
    217.00    116.00   10.0000
    229.00   1979.00    7.7500
    231.00    449.00   10.0000
    232.00   1480.00    7.7500
    238.00   2553.00    9.3750
    240.00   2158.00    7.0000
    247.00   1429.00    5.5000
    253.00   2289.00    4.0000
    258.00   2217.00    5.3750
    257.00   1379.00    8.3750
    263.00    889.00    8.2500
    268.00   1220.00    6.2500
    275.00    656.00    8.7500
    278.00    587.00    9.2500
    285.00   1519.00    8.3750
    287.00   1383.00    6.1250
    288.00   2581.00    9.0000
    296.00    684.00    6.2500
    301.00    782.00    6.5000
    300.00   1218.00    7.3750
    305.00   1550.00    6.7500
    305.00   2141.00    9.8750
    309.00     70.00    8.1250
    312.00    371.00    8.0000
    315.00     27.00    7.8750
    317.00    171.00    3.5000
    320.00    448.00    9.3750
    322.00   2011.00    6.6250
    325.00    826.00    6.5000
    331.00    723.00    8.1250
    331.00   2034.00    5.6250
    332.00    989.00    9.2500
    337.00    357.00    9.0000
    336.00    175.00    8.2500
    345.00   1463.00    8.5000
    347.00   1251.00    9.3750
    350.00   1061.00    8.6250
    362.00    216.00    8.1250
    359.00   1634.00    7.1920
    365.00   2100.00   10.0000
    367.00   1002.00    7.7500
    372.00   1355.00    7.1250
    373.00    282.00    8.6250
    381.00     19.00    7.5000
    393.00    864.00    6.5410
    396.00   2188.00    5.5000
    401.00   1801.00    7.5000
    401.00    460.00    6.1250
    403.00    201.00    7.7500
    407.00    123.00    9.5000
    413.00    227.00    8.2500
    413.00   1654.00    7.5000
    417.00   1729.00    6.7500
    421.00   2381.00    9.6250
    436.00    112.00    3.3750
    437.00   2002.00    7.7500
    439.00   1808.00    8.7500
    439.00    112.00    8.2500
    440.00     99.00    8.2500
    441.00    902.00    8.8485
    449.00   1105.00    7.3750
    455.00    559.00    5.6820
    464.00    670.00    7.2435
    464.00   1527.00    7.3750
    467.00   1926.00    8.8750
    468.00    701.00    6.7500
    474.00   1310.00    7.1250
    474.00   1730.00    6.0000
    473.00    858.00    8.2500
    488.00   2088.00    7.6250
    495.00    104.00    8.6250
    501.00   2394.00    5.8750
    509.00   1886.00    6.2500
    513.00   1356.00    5.1250
    514.00   1561.00    6.6250
    518.00   2081.00    7.6250
    520.00    924.00    6.0000
    535.00   1005.00    8.2500
    537.00    757.00    6.5000
    536.00   1599.00    6.5000
    536.00   1992.00    9.3750
    539.00   1065.00    6.7500
    542.00    172.00    4.6250
    551.00   2458.00    6.5000
    547.00    247.00   10.7500
    560.00     69.00   11.5225
    566.00   2255.00    8.3750
    571.00   1452.00    5.0000
    588.00   2078.00    5.3750
    592.00   1364.00    7.5000
    591.00    302.00    5.5000
    592.00   1609.00    8.5000
    594.00   1259.00    7.3750
    602.00   1638.00    7.7500
    606.00   2504.00    6.6250
    608.00   1093.00    8.2500
    622.00    340.00   11.1250
    617.00   2264.00    6.0000
    620.00    868.00   10.0000
    621.00   2351.00    9.2500
    627.00    921.00   10.0000
    632.00   1582.00    8.5000
    632.00   2563.00    8.1250
    635.00   2217.00    7.7500
    641.00    308.00    6.2500
    645.00   2297.00    8.1250
    655.00   2192.00    6.5000
    664.00   1711.00    5.8750
    665.00    774.00    7.5000
    666.00    219.00    5.8750
    667.00    967.00    8.2500
    669.00   1583.00    9.3750
    672.00   1823.00    5.6250
    669.00   1192.00    5.7500
    670.00   1488.00    9.3750
    675.00   1880.00    4.8750
    676.00   1679.00    8.5000
    686.00   1511.00    8.5000
    686.00    579.00    7.1250
    689.00    764.00    6.5000
    690.00   1617.00    5.5000
    691.00   1770.00    6.2500
    693.00    631.00    7.7550
    694.00   2112.00    8.3750
    695.00   2409.00    8.8750
    707.00   1044.00    7.1250
    710.00   2255.00    7.1250
    712.00    357.00    8.8750
    712.00   1696.00    4.5000
    716.00   1304.00    4.7500
    714.00   1901.00    6.7500
    724.00   1939.00    7.7500
    728.00    960.00    9.0000
    729.00   1055.00    6.3750
    734.00   1361.00    5.7500
    736.00   1792.00    5.6250
    737.00   1229.00    6.7500
    742.00   2011.00    6.2500
    743.00   1630.00   12.2500
    749.00    782.00    7.8580
    750.00     88.00    9.2500
    756.00   2541.00    5.6250
    763.00   2042.00    6.8750
    771.00    433.00    8.8750
    774.00    702.00    7.7500
    775.00   2533.00    8.0000
    778.00   1320.00    8.7500
    781.00   1546.00    4.0000
    781.00    944.00    7.1250
    785.00   1043.00    7.0000
    798.00    677.00    8.0000
    802.00   1413.00    5.8750
    807.00   2512.00    7.8750
    806.00    316.00    6.6250
    810.00    277.00    7.3750
    818.00    437.00    8.0000
    822.00   2415.00    8.0000
    822.00    131.00    7.5000
    830.00   1298.00    9.2500
    832.00     40.00    7.0000
    833.00    458.00    5.8750
    836.00    136.00    3.7500
    841.00    572.00    5.2500
    849.00    897.00    8.6250
    851.00   1228.00    9.1250
    854.00    288.00    7.2500
    862.00   1065.00    9.1250
    862.00    921.00    6.8750
    865.00   1545.00    4.5000
    872.00   2375.00    5.3750
    875.00     74.00    6.1250
    871.00   1509.00    4.2500
    878.00    793.00    9.2500
    884.00    403.00    7.8750
    892.00   2059.00    7.5000
    893.00    248.00    8.1250
    898.00   1646.00   10.0000
    905.00    836.00    5.8750
    907.00    299.00    7.6250
    910.00   2402.00    8.0000
    913.00   1556.00    6.5000
    912.00   2346.00    5.2500
    913.00    137.00    9.5000
    918.00   1422.00    9.5000
    916.00   1516.00   11.1250
    923.00   2080.00    7.0285
    926.00   2240.00    8.2460
    930.00    993.00    7.2500
    929.00   2191.00    7.1250
    938.00    773.00    8.6250
    938.00   2501.00    5.6250
    941.00   1200.00    7.1250
    946.00    596.00    7.5000
    949.00    101.00    7.6250
    956.00   1549.00    5.6250
    958.00   2351.00    6.0000
    960.00   1359.00    6.2500
    963.00   1586.00    6.0000
    967.00   1422.00    5.2500
    966.00    334.00    6.3750
    966.00    296.00    7.7500
    967.00   1092.00    7.2500
    976.00    873.00    6.1250
    981.00   1255.00    6.8750
    977.00    315.00    6.6250
    979.00   1322.00    7.7500
    989.00   1957.00    7.1250
    984.00    762.00    3.7500
    991.00   2106.00    7.2500
    991.00   1454.00    8.0000
    994.00   2567.00    8.2500
    997.00    172.00    5.5000
    997.00    445.00    8.1250
   1000.00    146.00    7.1250
   1000.00    873.00    6.8750
   1012.00    509.00    9.6250
   1008.00   1355.00    6.5000
   1010.00   1382.00    5.7500
   1016.00   2283.00    4.8750
   1016.00    541.00    3.6250
   1017.00    725.00    4.7500
   1026.00     44.00    8.0000
   1030.00   1343.00    9.6250
   1037.00   1387.00    5.8750
   1036.00   1532.00    7.3750
   1041.00   1422.00    7.1250
   1046.00    539.00    8.6250
   1044.00   1932.00    9.6250
   1055.00   2557.00   10.2500
   1058.00   2245.00    8.1250
   1060.00   1516.00    5.3750
   1074.00   1277.00    8.2500
   1075.00   1481.00    7.1250
   1082.00   1094.00    7.7500
   1082.00    964.00    9.1250
   1087.00   2562.00    5.6250
   1083.00    864.00    9.7500
   1093.00    439.00    7.7500
   1093.00   1286.00    6.3750
   1099.00   1753.00    7.8750
   1094.00   1507.00    7.8750
   1096.00   1903.00    8.7500
   1098.00   2463.00    8.2500
   1102.00   2521.00    9.8750
   1113.00   2159.00    8.0000
   1115.00    871.00    4.5000
   1115.00   1839.00    6.3750
   1115.00    570.00    9.5000
   1124.00    160.00    9.2500
   1129.00   1950.00    7.5000
   1140.00   2458.00    6.7500
   1146.00   1305.00    8.3750
   1149.00   2061.00    5.3750
   1149.00    689.00    8.6250
   1151.00   2221.00    6.3750
   1157.00    958.00    6.3750
   1161.00    861.00    6.2500
   1167.00    540.00    8.1250
   1167.00    266.00    7.7500
   1171.00   1930.00    8.6250
   1174.00    871.00    3.8750
   1177.00    125.00    9.6250
   1193.00   1026.00   10.7500
   1184.00   1837.00    6.7500
   1190.00   1799.00    7.6250
   1201.00    980.00    8.2500
   1203.00   1223.00    7.1250
   1206.00    154.00    8.1250
   1205.00   1479.00    6.7500
   1213.00   1810.00    5.7500
   1212.00    864.00    6.1250
   1219.00   2011.00    6.5000
   1222.00   1928.00    7.6250
   1228.00     82.00    9.1250
   1227.00   1105.00    7.7500
   1236.00   1206.00    7.6250
   1238.00     43.00    6.8750
   1238.00    451.00    8.7500
   1237.00   1206.00    7.0000
   1242.00   1020.00    8.8750
   1248.00    329.00    6.3750
   1255.00    396.00    6.3750
   1255.00    237.00    8.1250
   1259.00    639.00    6.6250
   1262.00    712.00    8.6250
   1261.00   1062.00    9.2500
   1265.00    601.00    7.0000
   1271.00   1716.00    4.6250
   1267.00   1316.00    7.7500
   1270.00   1120.00    7.8750
   1276.00   2021.00    7.6250
   1276.00   1802.00    6.6250
   1289.00   1484.00    5.1250
   1298.00   2296.00    8.0000
   1301.00   1850.00    6.5000
   1303.00    939.00    7.2500
   1306.00    859.00    7.8750
   1308.00   2509.00    6.6250
   1309.00    976.00    7.2500
   1314.00     90.00    6.5000
   1318.00   2365.00    5.8750
   1315.00    643.00    8.3750
   1318.00   1509.00    6.0000
   1324.00   2077.00    7.7745
   1324.00    900.00    5.7500
   1326.00   1788.00    8.3750
   1328.00   2471.00    8.0000
   1350.00   1023.00    7.2500
   1356.00   2467.00    6.7500
   1359.00    441.00    9.5000
   1363.00    268.00    8.2500
   1362.00    165.00    8.1250
   1369.00    346.00    7.3750
   1367.00    672.00    8.7500
   1369.00   1639.00    9.5000
   1369.00   1761.00    4.1250
   1374.00    513.00    6.0000
   1379.00   2532.00    7.6250
   1380.00    766.00    6.5000
   1392.00   1935.00    9.2500
   1393.00    848.00    8.3750
   1407.00    217.00    8.6250
   1412.00    338.00    6.3530
   1415.00     90.00    8.1250
   1417.00   1385.00    8.5000
   1420.00   1039.00    7.1875
   1431.00   1096.00    6.8425
   1427.00   1449.00    7.6250
   1429.00   1418.00    8.3750
   1431.00   1762.00    7.2500
   1432.00   2024.00    7.7500
   1435.00   1888.00    8.6250
   1437.00    765.00    7.2500
   1446.00   2410.00    5.5000
   1446.00   1371.00    8.1250
   1453.00   2174.00    6.7500
   1459.00   2129.00    8.7500
   1460.00   1792.00    8.7500
   1462.00    841.00    6.6250
   1463.00   1930.00    9.6250
   1461.00   2542.00    5.8750
   1465.00    612.00    8.3750
   1470.00    358.00    7.2435
   1471.00   1956.00    5.6250
   1476.00   1670.00    9.2500
   1481.00   1395.00    8.0000
   1483.00   1270.00    7.0000
   1486.00   2383.00    7.3750
   1484.00    169.00    8.0000
   1487.00   2298.00    7.0000
   1487.00   2155.00    5.2500
   1498.00   1694.00    8.7500
   1505.00   1419.00    7.8750
   1507.00   2010.00    7.2500
   1510.00   1775.00    8.7500
   1512.00   1603.00    8.5000
   1514.00   1355.00    6.5000
   1522.00   2170.00    6.0000
   1529.00   1478.00    7.7500
   1533.00   1166.00    8.5000
   1536.00    924.00    5.6250
   1543.00   1205.00    9.8750
   1545.00   2516.00    4.3750
   1559.00   1899.00    5.3750
   1560.00   1648.00    7.8750
   1572.00   1573.00    7.7500
   1577.00    303.00    5.2500
   1574.00   2241.00    7.6250
   1578.00     49.00    7.3750
   1582.00   1285.00    6.0000
   1584.00    334.00    8.3750
   1585.00    965.00    8.1250
   1589.00   2353.00    6.1250
   1589.00    850.00    8.7500
   1591.00   2520.00    8.0000
   1600.00   1671.00    8.1250
   1601.00   1130.00    8.1250
   1599.00   2132.00    5.5000
   1600.00    747.00    8.2500
   1605.00   1884.00    5.0000
   1605.00   1973.00    4.8750
   1608.00   1436.00    7.8750
   1608.00   1950.00    6.0000
   1613.00   2120.00    6.2500
   1621.00    393.00    8.3750
   1621.00    659.00    6.8750
   1624.00   1725.00    4.7500
   1625.00   1182.00    8.7500
   1640.00   2045.00    8.6250
   1641.00    746.00    7.3750
   1650.00    635.00    5.3750
   1649.00   1816.00    7.2500
   1650.00   2367.00    7.6250
   1654.00    413.00    7.1250
   1656.00    338.00    6.5000
   1659.00   1870.00    7.8750
   1670.00   2479.00    8.0000
   1672.00   1509.00    6.5000
   1676.00   1592.00    7.6250
   1687.00    378.00    7.6250
   1693.00   1700.00    7.3750
   1693.00    154.00    8.0000
   1706.00   1495.00    4.7500
   1708.00   1170.00    7.3750
   1711.00   1061.00    8.1250
   1711.00   1469.00    7.1250
   1718.00    873.00    7.1250
   1718.00   1746.00    8.3750
   1718.00    685.00    6.5000
   1726.00    724.00    7.6250
   1726.00   2104.00    5.7530
   1729.00    310.00    6.3750
   1728.00   2332.00    6.7500
   1734.00    991.00    7.2500
   1734.00    251.00    6.5000
   1737.00   2464.00    6.3750
   1738.00   1604.00    6.6250
   1752.00   2489.00    7.0000
   1756.00    336.00    7.8750
   1758.00   1476.00    7.2500
   1765.00    386.00    8.2500
   1768.00   1960.00    6.6250
   1769.00    636.00    8.6250
   1780.00   1850.00    8.1250
   1784.00   1786.00   11.0000
   1790.00    847.00    8.1250
   1790.00   1590.00    6.2500
   1792.00    560.00    6.5000
   1800.00    241.00    5.5000
   1806.00   1335.00    4.3750
   1815.00   2207.00    7.1250
   1816.00   2168.00    6.2500
   1822.00    449.00    9.2500
   1825.00   1714.00    7.2500
   1837.00   2154.00    5.8750
   1843.00    920.00    8.0000
   1844.00   1784.00    6.7500
   1842.00   2366.00    8.0000
   1848.00   1157.00    4.7500
   1852.00    141.00    7.5000
   1857.00   1730.00    9.3750
   1860.00   2270.00    8.0000
   1859.00   1956.00    8.6250
   1860.00   1102.00    7.7500
   1862.00    358.00    6.1250
   1864.00   2174.00    4.5000
   1871.00    614.00    8.0000
   1877.00   1562.00    7.0000
   1880.00    335.00    7.1250
   1880.00    427.00    9.2500
   1881.00   2170.00    7.6250
   1885.00   2431.00    7.7500
   1893.00   2275.00    7.2500
   1895.00    453.00    8.6250
   1904.00   1502.00    9.3750
   1905.00    791.00    8.6250
   1907.00    593.00    3.6250
   1908.00    319.00    8.5000
   1913.00    506.00   10.8750
   1915.00   2045.00    7.2500
   1913.00   2344.00    7.7500
   1923.00    812.00    9.7500
   1925.00    233.00    6.5000
   1922.00    616.00    6.3750
   1932.00   1126.00    8.5000
   1926.00   1344.00    6.2500
   1934.00   2538.00    6.9880
   1936.00    389.00    8.6250
   1943.00   1642.00    7.1250
   1943.00   1827.00    6.0000
    564.00      6.00    9.4165
    233.00   1599.00    6.5135
     54.00   2087.00   10.5000
    644.00   2426.00   10.0000
   1108.00   1717.00    7.5000
   1109.00   1686.00    6.5000
   1674.00   1416.00   10.0000
   1030.00    490.00    7.5000
     50.00    354.00    8.1085
     79.00    377.00    7.9275
      3.00    714.00    5.0140
     12.00    703.00    5.4055
     58.00    793.00    6.6850
     33.00    802.00    5.8635
    135.00    797.00    6.5555
    171.00    775.00    6.0440
    216.00    649.00    6.8440
    224.00    630.00    7.3290
     42.00   1029.00    7.5000
    102.00   1055.00    5.9360
    128.00   1059.00    6.0440
    127.00   1033.00    7.8935
    345.00    383.00    6.0000
    331.00    573.00    7.7285
    362.00    600.00    7.1875
    373.00    583.00    6.5410
    514.00    894.00    5.9935
    541.00    896.00    5.6820
    601.00    440.00    7.7285
    661.00    511.00    8.5000
    841.00    439.00    6.3845
   1150.00     31.00    6.8425
   1160.00     65.00    7.4360
   1217.00    218.00    7.1030
   1214.00    672.00    7.1030
   1233.00    719.00    6.5410
   1330.00    270.00    5.9935
   1918.00    871.00    7.1030
   1366.00    862.00    6.3530
   1512.00    352.00    6.0000
   1518.00    330.00    5.4650
   1718.00     56.00    5.5000
   1727.00     39.00    6.3530
   1854.00     47.00    6.3530
   1875.00     48.00    5.4650
   1865.00    175.00    6.8720
   1666.00    489.00    5.8570
   1658.00    537.00    6.8185
   1528.00    125.00    9.3855
   1487.00    132.00    9.5295
   1806.00    771.00    4.4450
   1808.00    784.00    6.1465
   1479.00   1010.00    5.8570
   1489.00   1019.00    5.1220
    155.00   1244.00    7.7745
    187.00   1292.00    5.5500
    201.00   1304.00    6.0990
    288.00   1430.00    6.5580
    309.00   1435.00    5.9540
    662.00   1338.00    5.9540
    667.00   1357.00    5.8060
   1220.00   1245.00    5.3905
   1236.00   1244.00    5.8060
   1359.00   1192.00    7.5085
   1654.00   1382.00    7.5000
   1810.00   1522.00    5.3365
   1821.00   1542.00    6.5135
   1560.00   1455.00    6.4690
   1628.00   1572.00    5.5500
   1644.00   1573.00    6.1465
   1809.00   1687.00    7.6235
    849.00   1679.00    5.4975
    856.00   1662.00    6.4690
    394.00   1352.00    7.5000
    258.00   2439.00    7.9590
    268.00   2520.00    7.5085
    333.00   2444.00    8.6920
    474.00   2544.00    6.1465
    485.00   2571.00    7.6235
    503.00   2543.00    6.5135
    653.00   1882.00    5.1140
    974.00   1813.00    5.9540
    961.00   1828.00    5.1140
    758.00   2116.00    8.0000
    791.00   1994.00    7.1920
    792.00   1962.00    6.8185
    826.00   1930.00    5.3905
    836.00   1913.00    5.4975
    832.00   1893.00    5.5500
   1136.00   2019.00    6.8185
   1147.00   1997.00    5.9540
   1184.00   2195.00    5.3905
   1176.00   2204.00    5.5500
   1198.00   2237.00    6.8720
   1048.00   2470.00    5.1220
   1057.00   2485.00    5.6820
   1164.00   2366.00    4.4920
   1182.00   2356.00    5.4650
   1211.00   2287.00    5.4650
   1230.00   2279.00    5.8570
   1292.00   2220.00    5.6820
   1291.00   2199.00    6.3530
   1422.00   2261.00    5.1220
   1433.00   2280.00    5.4280
   1702.00   2007.00    5.1220
   1718.00   1995.00    5.1220
   1797.00   2071.00    6.8425
   1642.00   2556.00    7.1030
    404.00   1057.00    8.9900
    545.00   1306.00    8.7855
   1711.00    477.00   12.0540
   1178.00    606.00   11.5930
    312.00   1754.00   13.8750
    787.00    867.00   11.1130
     94.00    594.00   10.4195
   1266.00   1639.00    7.8580
