#        y         x         r
      1.00    279.00    9.8750
      4.00    523.00    6.7500
      1.00   1659.00    8.6250
      5.00    629.00    8.8750
      6.00   1179.00    6.2500
      4.00   2566.00    9.3750
      9.00   1630.00    5.2500
     13.00    433.00   11.6250
     17.00    882.00    9.2500
     19.00   1890.00   10.2500
     21.00   2155.00    7.7500
     23.00   1132.00    8.6250
     32.00    784.00    7.8750
     39.00   2067.00    7.6250
     46.00   2020.00    7.6250
     62.00   2155.00   11.7500
     67.00   1945.00    6.5000
     73.00   1643.00    6.6250
     72.00   1506.00    8.8750
     77.00    411.00    9.8750
     80.00    995.00   10.8750
     82.00   2579.00    8.8750
     92.00   1621.00    6.6250
     98.00     61.00    5.3750
     99.00   1243.00    6.5000
    100.00   2254.00   11.1250
    104.00    844.00    5.0000
    108.00    212.00    7.6250
    111.00    467.00    8.1250
    119.00   1322.00    5.2500
    117.00    804.00    8.6250
    122.00    955.00    5.3750
    118.00   2030.00    9.0000
    119.00   1234.00    8.8750
    122.00    918.00   10.5000
    124.00   1983.00    5.7500
    126.00   1034.00   10.5000
    129.00   1802.00    7.8750
    130.00   2514.00    9.5000
    132.00   1734.00    7.7500
    135.00   1467.00   11.0000
    136.00   1647.00    9.2500
    136.00   1117.00    6.6250
    141.00    455.00    7.0000
    144.00   1345.00    8.1250
    148.00    124.00    9.5000
    147.00    713.00    6.6250
    149.00   1134.00    4.7500
    157.00     22.00    6.5000
    157.00   1106.00    7.7500
    165.00     58.00    8.2500
    167.00    689.00    7.6250
    182.00   2067.00    8.1250
    188.00   2180.00    6.6250
    184.00    635.00    8.1250
    187.00    416.00    4.7500
    186.00   1348.00    7.6250
    198.00   1953.00    7.0000
    203.00   2375.00    9.7500
    204.00    912.00    4.6250
    206.00   1059.00    7.1250
    208.00   2561.00    7.6250
    216.00   1016.00   10.0000
    224.00   1656.00    9.6250
    224.00   1571.00    7.7500
    227.00   2322.00    6.5000
    234.00    174.00    9.5000
    249.00    390.00    9.6250
    254.00   2180.00    9.2500
    253.00   2557.00    8.6250
    254.00    913.00    6.5000
    255.00   1196.00    9.3750
    260.00   1501.00    6.7500
    260.00   1254.00    7.2500
    261.00   2225.00    9.0000
    264.00    555.00   10.7500
    268.00   2579.00    9.6250
    269.00   1793.00    8.1250
    274.00    509.00   10.6250
    276.00   2114.00    7.6250
    281.00    892.00    7.3750
    281.00   1967.00   11.3750
    283.00   1229.00    6.8750
    284.00    188.00    8.3750
    284.00    687.00    7.6250
    285.00   2352.00    8.1250
    302.00   1738.00    9.8750
    305.00   1459.00    9.0000
    310.00     61.00    7.5000
    309.00    302.00    7.2500
    313.00    174.00    9.3750
    313.00    983.00    7.0000
    318.00    266.00    7.2435
    325.00   1503.00    8.3750
    323.00   2167.00   11.5000
    331.00    925.00    8.7500
    330.00   1061.00    9.6250
    333.00    413.00    9.0000
    333.00   1385.00    8.0000
    332.00   1884.00    8.2500
    338.00    480.00    5.0000
    347.00   2452.00    9.6250
    348.00   1714.00    5.7500
    355.00   1665.00    4.5000
    362.00    222.00    6.3750
    368.00    901.00    9.1250
    369.00    297.00    9.0000
    372.00   1628.00    7.7500
    374.00   2417.00    8.3750
    374.00   1378.00    9.7500
    375.00   2120.00    8.8750
    384.00   1857.00    7.6250
    385.00   1787.00    9.3750
    389.00   2388.00    8.1250
    390.00    306.00    8.3750
    390.00   2021.00    6.2500
    395.00    240.00    8.3750
    405.00    936.00    7.5000
    406.00   2345.00    9.6250
    408.00    395.00    7.2500
    411.00   1274.00    8.5000
    413.00    964.00    8.2500
    421.00   2225.00    6.0000
    421.00    716.00    9.6250
    422.00   1428.00    7.6250
    427.00   1024.00    7.0000
    427.00   2398.00    9.1250
    430.00   1901.00   10.6250
    431.00    791.00   11.6250
    433.00   1582.00    9.5000
    434.00   1798.00    8.1250
    434.00   1100.00    5.3750
    437.00   2458.00    6.5000
    437.00    447.00    8.1250
    444.00   2197.00    6.0000
    446.00    366.00    7.7500
    446.00   2242.00    6.0000
    449.00    414.00    7.6250
    450.00   1359.00    7.0000
    463.00   1251.00    9.0000
    462.00   1285.00    7.1250
    468.00   1119.00    6.6250
    481.00    695.00    5.2500
    483.00    656.00    7.2500
    484.00   2370.00    7.6250
    489.00   2266.00    7.1250
    494.00   1389.00    5.0000
    496.00   1874.00    7.7500
    499.00    971.00    8.1250
    508.00    809.00   11.0000
    518.00    755.00    8.8750
    527.00   1768.00    8.8750
    530.00   2254.00    7.8750
    538.00    896.00    8.1250
    537.00   2361.00    7.1250
    540.00   1099.00    5.5000
    543.00   2395.00    7.7500
    544.00    330.00    7.6250
    547.00   2320.00    9.3750
    556.00   1586.00   10.8750
    552.00    838.00    8.7500
    555.00    971.00    7.7500
    561.00   1270.00    7.8750
    561.00   1793.00    7.0000
    575.00   1451.00    8.6250
    575.00   1497.00    7.5000
    578.00   2048.00    7.5000
    584.00   1669.00    8.8750
    591.00    417.00    7.2435
    595.00    484.00    9.7500
    604.00   1967.00    5.7500
    603.00   1569.00    8.8750
    605.00   1796.00    6.5000
    607.00   1650.00    6.7500
    608.00   1892.00   11.2500
    609.00   1096.00    5.2500
    614.00   1177.00    4.8750
    619.00   1389.00    7.7500
    619.00   2468.00    6.7500
    623.00   1806.00    5.8750
    624.00    895.00    6.5000
    634.00    853.00    6.0000
    632.00   2028.00    6.8750
    637.00   1696.00    6.8750
    641.00   2494.00    8.8750
    648.00    933.00   10.8750
    655.00   1096.00    4.7500
    659.00   2386.00    8.5000
    660.00    756.00    8.0000
    662.00   1002.00    5.8750
    661.00    441.00    9.5000
    663.00   1876.00    8.1250
    665.00    580.00    8.0000
    664.00   1391.00    5.3750
    665.00   1157.00    5.6250
    671.00   1470.00    6.5000
    667.00   2430.00    7.2500
    677.00   1647.00    4.6250
    681.00    790.00    8.6250
    690.00   1624.00    8.1250
    687.00    393.00    6.6250
    692.00    359.00    5.8750
    691.00    859.00    8.5000
    691.00    883.00    5.1250
    695.00   1133.00    6.3750
    707.00    554.00    6.8750
    708.00   1347.00    9.6250
    720.00   1176.00    7.3750
    714.00    485.00    9.7500
    713.00   1201.00    5.0000
    716.00   1094.00    8.2500
    722.00   1798.00    5.6250
    728.00    807.00    6.1250
    729.00   2010.00    6.8750
    730.00   1057.00    7.8750
    730.00   1954.00    8.6250
    731.00    847.00    7.7500
    734.00   1549.00    9.1250
    736.00   1156.00    7.3750
    736.00   2592.00    6.1250
    745.00    936.00    8.7500
    748.00    960.00    6.0000
    753.00    776.00   11.3750
    766.00   2042.00    6.3750
    767.00   1716.00    7.6250
    769.00     33.00    7.2500
    768.00   1226.00    8.7500
    771.00   2488.00    7.0000
    773.00   1186.00   10.6250
    774.00   2377.00    7.6250
    777.00   1799.00    8.6250
    777.00   1247.00    6.2500
    783.00   1558.00    7.7500
    799.00   1777.00    8.6250
    803.00   2539.00    7.0000
    805.00   1147.00    8.5000
    808.00     24.00    6.2500
    816.00   1591.00   10.0000
    819.00   1997.00    9.3750
    826.00    714.00    8.1250
    826.00    169.00    8.1250
    830.00   2389.00    8.2500
    847.00    697.00    7.7500
    848.00    745.00    5.0000
    849.00   1281.00    9.7500
    859.00    631.00    9.2500
    865.00   1393.00    6.1250
    875.00    708.00    6.6250
    881.00   1335.00    8.8750
    888.00    615.00    8.0000
    896.00    838.00    8.7500
    901.00    482.00   10.3750
    904.00    410.00    7.7500
    908.00   1132.00    8.2500
    909.00   1535.00    7.2500
    912.00    256.00    4.2500
    912.00   1087.00    6.8750
    915.00   1203.00    8.3750
    916.00   1345.00    8.6250
    920.00   2451.00    8.3750
    925.00   2478.00    7.3750
    929.00    341.00    7.1250
    928.00   1245.00    8.0000
    932.00     96.00    7.7500
    931.00   1912.00    9.6250
    934.00   1793.00    7.3750
    943.00   1561.00    7.8750
    945.00   2297.00    6.7500
    947.00    731.00    9.5000
    950.00   1478.00    8.7855
    952.00     87.00    8.6250
    956.00   1516.00    9.7500
    957.00   1990.00    7.3750
    964.00    511.00   10.2500
    962.00    334.00    7.1250
    964.00    866.00    7.1250
    968.00   2034.00    8.2500
    969.00    958.00   11.8750
    969.00    254.00    7.6250
    974.00    374.00    7.6250
    979.00   1935.00    6.6250
    978.00     75.00    9.3750
    979.00    836.00    9.8750
    984.00   1451.00    8.3750
    990.00    274.00    6.6250
    992.00    741.00    8.0000
    992.00   2102.00    6.3750
    993.00   1763.00    7.0000
    995.00   2474.00    7.1250
   1000.00   1187.00    8.7500
   1001.00    920.00    7.2500
   1015.00   1290.00    8.0000
   1018.00   2461.00    5.7500
   1019.00    335.00    8.2500
   1021.00   1953.00    5.1250
   1024.00   2070.00    8.3750
   1033.00   1655.00    8.2500
   1037.00   1254.00    5.0000
   1039.00   1085.00    7.2500
   1048.00   1346.00    4.7500
   1045.00    476.00    6.1250
   1046.00   1671.00    5.1250
   1048.00   2473.00    7.6250
   1049.00   1571.00    7.0000
   1049.00   1874.00    6.6250
   1051.00   1299.00    9.1250
   1050.00   2049.00    5.5000
   1058.00    239.00   10.7500
   1066.00   2390.00    7.5000
   1067.00   1657.00    6.7500
   1071.00   1331.00    9.0000
   1073.00   1473.00    7.2500
   1073.00    122.00    9.6250
   1077.00    378.00    7.0000
   1073.00    909.00    7.1250
   1081.00   1892.00    8.3750
   1084.00   1132.00    5.3750
   1090.00   1572.00    6.7500
   1088.00    199.00   11.0000
   1088.00    790.00    5.7500
   1089.00   1429.00    7.1250
   1091.00   1391.00    7.1250
   1094.00     37.00    7.6250
   1097.00    321.00   10.2500
   1098.00   2291.00    8.0000
   1102.00    103.00    6.8750
   1103.00    901.00    8.3750
   1102.00   1299.00    7.0000
   1115.00   2376.00    7.3750
   1114.00   2446.00    8.5000
   1115.00    240.00    7.3750
   1118.00   2075.00    7.8750
   1123.00   1758.00    5.5000
   1123.00   2256.00    6.5000
   1132.00   1468.00    8.8750
   1135.00   2359.00    8.0000
   1136.00    258.00    6.6250
   1138.00   1066.00    6.5000
   1137.00   2182.00    5.6250
   1138.00    681.00    8.3750
   1143.00    231.00    8.0000
   1145.00   1407.00    7.7500
   1150.00   1126.00    6.1250
   1153.00   1169.00    6.1250
   1156.00   2166.00    6.1250
   1161.00    464.00    4.8750
   1161.00   1857.00    9.1250
   1167.00   1299.00    7.2500
   1168.00     65.00   10.7500
   1170.00    648.00    9.3750
   1184.00    320.00    8.0000
   1185.00   1818.00    6.5000
   1189.00    266.00    7.8750
   1195.00    713.00    8.8750
   1193.00    344.00    6.3750
   1198.00   1394.00    6.2500
   1204.00    820.00    9.1250
   1209.00    358.00    5.8750
   1209.00   1814.00    7.6250
   1212.00    210.00    9.1250
   1214.00   1216.00    6.2500
   1221.00    893.00    8.0000
   1222.00   1844.00    5.7500
   1227.00   1268.00    7.8750
   1227.00   1295.00    5.5000
   1230.00    584.00    9.1250
   1230.00   2361.00    4.6250
   1238.00   1955.00    6.7500
   1242.00   2304.00    5.5000
   1243.00    329.00    7.1875
   1250.00    442.00    5.0000
   1251.00     27.00    9.1250
   1255.00   1465.00    6.1250
   1256.00   1887.00    7.5000
   1264.00    826.00    5.5000
   1262.00    331.00    6.3750
   1268.00    153.00    8.5000
   1273.00   2572.00    7.0000
   1277.00   2219.00    8.7500
   1285.00    915.00    6.0000
   1287.00   2092.00    7.8750
   1289.00   1338.00    5.8750
   1299.00   1104.00    7.1875
   1299.00   2302.00    7.1250
   1299.00     47.00    8.2500
   1301.00   1258.00    7.5000
   1310.00     80.00    8.0000
   1321.00   1739.00    8.8750
   1322.00    469.00    7.5000
   1328.00   2310.00    8.1250
   1331.00   1326.00    8.6250
   1336.00   1591.00    8.1250
   1346.00   2063.00    6.5000
   1350.00    142.00    6.2500
   1349.00   1663.00    8.0000
   1351.00    776.00    9.3750
   1356.00   2430.00    8.3750
   1358.00   1579.00    6.2500
   1373.00    710.00    8.5000
   1395.00    468.00    8.8750
   1404.00    985.00    9.2500
   1408.00   1400.00    7.5000
   1409.00   1749.00    7.1250
   1424.00    562.00    6.3750
   1425.00     57.00    8.0000
   1433.00    789.00    8.5000
   1433.00   2061.00    9.6250
   1436.00    604.00    8.0000
   1439.00   1540.00    5.7500
   1438.00    222.00    8.0000
   1439.00    642.00    9.8750
   1441.00    711.00    7.2500
   1448.00   1459.00    6.0000
   1453.00    555.00    6.2500
   1451.00   2176.00    6.2500
   1457.00   1425.00    9.2500
   1458.00   2437.00    7.3750
   1461.00   2271.00    7.5000
   1464.00   1538.00    7.7500
   1476.00    566.00    5.7500
   1477.00    495.00    8.0000
   1480.00   1249.00    8.5000
   1481.00   2377.00    6.0000
   1481.00   1562.00    8.5000
   1488.00   1512.00    7.8750
   1491.00   2496.00    8.7500
   1492.00    211.00    8.3750
   1497.00    336.00    8.1250
   1492.00   1790.00    4.8750
   1494.00   1068.00    7.2500
   1496.00   2550.00    6.3750
   1499.00   1971.00    9.2500
   1500.00    109.00   10.0000
   1500.00    265.00    9.5000
   1505.00    822.00    8.2500
   1504.00   1457.00   10.3750
   1504.00    959.00    9.3750
   1508.00    708.00    9.6250
   1516.00   1762.00    8.0000
   1515.00   2163.00    7.6250
   1518.00   2318.00    8.2500
   1521.00   2047.00    7.0000
   1520.00    319.00   11.2500
   1521.00   1531.00    6.2500
   1524.00   1810.00    7.2500
   1522.00    850.00    9.7500
   1524.00   1053.00    8.8750
   1525.00   1238.00    8.7500
   1526.00   1482.00    9.3750
   1525.00    361.00    9.3750
   1534.00    213.00    7.7500
   1536.00   1926.00    6.8750
   1537.00   1398.00    6.7500
   1537.00   1874.00    7.3750
   1543.00   1161.00    9.8750
   1548.00   2564.00    6.6250
   1550.00    193.00    6.3750
   1563.00    157.00    9.0000
   1559.00   1646.00    7.5000
   1563.00   1895.00    9.3750
   1564.00   2133.00    8.2500
   1573.00    117.00    6.8750
   1572.00   1519.00    5.2500
   1579.00   1733.00    6.5000
   1586.00     95.00    9.0000
   1589.00   2331.00    8.3750
   1591.00    735.00    6.4790
   1593.00   1490.00    8.5000
   1599.00   1943.00   11.2500
   1598.00   2118.00    9.0000
   1601.00    642.00    7.5000
   1602.00   1249.00    7.1250
   1603.00    907.00    8.1250
   1608.00   2203.00    7.5000
   1612.00    687.00    9.8750
   1622.00   2338.00    6.5000
   1622.00    230.00    7.5000
   1627.00   1354.00    9.0000
   1628.00   1736.00    6.6870
   1630.00     41.00    7.3750
   1631.00   2282.00    6.0000
   1630.00   1174.00    8.2500
   1634.00    405.00    8.1250
   1636.00   2356.00    6.6250
   1641.00   1117.00    7.3750
   1644.00   1193.00    6.6250
   1649.00   1530.00    8.1250
   1662.00   1008.00    6.2500
   1667.00    578.00   10.8750
   1666.00   1065.00    6.7500
   1666.00    220.00    9.3750
   1675.00    632.00    7.3750
   1672.00   2546.00    6.8750
   1673.00    432.00   10.2500
   1672.00   2590.00    8.8750
   1679.00   2097.00    9.1250
   1682.00    728.00    7.2500
   1688.00   1867.00    7.2500
   1689.00    699.00    8.0360
   1693.00   1382.00    9.0000
   1689.00     75.00   10.1250
   1693.00    273.00    7.5000
   1695.00   1030.00    7.0000
   1706.00   2110.00    8.5000
   1710.00    109.00   10.3750
   1711.00   1463.00    9.1250
   1718.00   1946.00    7.6250
   1723.00   2378.00    8.3750
   1725.00    768.00    7.1250
   1725.00   1163.00    8.2500
   1739.00   1971.00    9.7500
   1750.00    201.00    8.2500
   1751.00   2421.00    7.3750
   1753.00   1865.00    8.3750
   1756.00   1137.00    8.5000
   1758.00    904.00    7.8750
   1765.00    842.00    7.2435
   1770.00   2277.00    7.7500
   1767.00   2571.00    7.3750
   1773.00   1585.00    5.8750
   1779.00    535.00   10.3750
   1783.00    652.00    6.7500
   1792.00    156.00    6.8750
   1813.00   1420.00    8.1250
   1816.00   1176.00    9.6430
   1816.00   2560.00    5.6250
   1830.00   1960.00    6.2500
   1840.00   2563.00    7.8750
   1841.00   1373.00    9.0000
   1846.00   1321.00    8.3750
   1851.00    320.00    8.3750
   1852.00    245.00    8.0000
   1860.00    106.00    8.6250
   1866.00   1450.00    8.5235
   1870.00    154.00    8.5000
   1869.00    520.00    6.7500
   1871.00   1966.00    7.3750
   1871.00   2268.00    7.7500
   1894.00   2066.00    8.1250
   1898.00    132.00    7.0000
   1899.00   1201.00   10.7500
   1904.00   1840.00    8.1250
   1910.00   1781.00    9.1250
   1914.00   1278.00    8.6250
   1921.00    182.00    9.2500
   1929.00   1452.00    8.7500
   1930.00    541.00    8.6250
   1934.00   1605.00    6.6250
   1936.00   1555.00   10.2500
   1942.00    309.00    6.7500
   1943.00   1190.00    4.6250
   1944.00   2228.00    7.0000
   1943.00   2258.00    5.8750
    804.00    444.00    7.7400
    796.00    420.00    7.1875
    882.00    928.00    8.5000
    864.00    906.00    9.5000
     88.00      0.00    6.4790
    287.00     50.00    6.0000
    290.00    138.00    7.0170
    301.00    122.00    6.8425
    384.00    165.00    7.6765
    682.00    205.00    7.1030
    738.00     67.00    5.9935
    775.00    225.00    5.1220
    786.00    217.00    5.9935
    874.00    427.00    7.1030
    916.00    533.00    7.4360
   1390.00    389.00    7.7550
   1887.00    464.00    6.9880
   1657.00    179.00    7.1030
   1697.00    845.00    7.6500
   1911.00   1026.00    6.5410
   1406.00    609.00    5.2390
   1410.00    588.00    5.4280
   1388.00    599.00    6.5410
   1147.00    789.00    8.2830
   1137.00    879.00    9.6135
   1205.00    937.00   10.2440
    779.00    854.00    7.6500
    610.00    949.00    8.4760
    381.00    698.00    6.2570
    470.00    527.00    7.5470
    384.00    753.00    8.6290
   1439.00    303.00    8.9900
   1898.00   1449.00    6.3530
   1803.00   1490.00    7.4085
   1824.00   1509.00    8.0360
    144.00    764.00    6.8425
     46.00   1431.00   10.2440
     61.00   1355.00    8.1355
     72.00   1339.00    8.5235
    202.00   1243.00   10.2440
    184.00   1211.00    8.9845
    177.00   1176.00    8.9845
    337.00   2062.00    8.0360
    350.00   2049.00    9.1625
    526.00   1877.00    8.5235
    463.00   2057.00    8.0360
    483.00   2060.00    8.5235
    846.00   2152.00    4.7885
    875.00   2100.00    9.8110
    837.00   2140.00    5.5770
    860.00   2138.00    6.1020
   1154.00   1943.00    8.6290
   1156.00   1918.00    7.6830
   1403.00   2474.00    8.9845
   1549.00   2372.00    7.4085
   1551.00   2350.00    7.6830
   1781.00   2329.00    6.7385
   1799.00   2322.00    6.7385
   1396.00   1924.00    7.6830
   1420.00   1912.00    7.5000
   1375.00   1852.00    6.7385
   1375.00   1828.00    8.0000
   1648.00   2291.00    6.9530
   1835.00   1617.00   10.2660
   1694.00   1539.00    3.9640
   1711.00   1546.00    5.6055
   1688.00   1524.00    6.4105
   1801.00   1749.00    5.4970
   1784.00   1738.00    5.6055
   1781.00   1757.00    5.9205
   1793.00   1781.00    6.5000
   1814.00   1805.00    5.6055
   1553.00   1602.00    7.3090
   1879.00   1739.00   10.5700
     90.00   2215.00    7.6450
     75.00   2329.00   10.5700
