#        y         x         r
      1.00    673.00   11.3750
      2.00   1580.00   12.0000
      1.00   1881.00    6.0000
      1.00   2255.00   12.2500
      5.00   2519.00    6.6250
     10.00   1424.00    8.3750
     13.00   1000.00   11.7500
     12.00   1812.00    6.7500
     25.00   2101.00    6.5000
     25.00    613.00    9.8750
     27.00    528.00    6.1250
     32.00     71.00    7.2500
     49.00   1643.00    5.8750
     49.00   1670.00    6.7500
     52.00    525.00    8.0000
     54.00    720.00    8.7500
     55.00     99.00    7.2500
     62.00   2086.00    7.3750
     60.00    489.00    8.8750
     64.00    984.00    9.7500
     70.00    321.00   10.7500
     76.00    443.00   10.8750
     72.00   1640.00    6.7500
     76.00   1169.00    7.0000
     80.00   1028.00    7.2500
     78.00   1447.00    9.5000
     84.00   1341.00    7.8750
     86.00    698.00    9.0000
    103.00    588.00    7.6250
    111.00    637.00    7.8750
    115.00   1497.00   10.0000
    120.00   2174.00    7.6250
    130.00   1752.00    9.5000
    132.00    705.00    8.1250
    136.00   1512.00    7.0000
    140.00    543.00    9.2500
    139.00     73.00    6.2500
    146.00   2571.00    5.1250
    149.00    788.00    9.0000
    162.00     71.00    8.8750
    168.00   2094.00    7.6250
    171.00   1846.00    9.2500
    179.00   2522.00    7.8750
    185.00   2069.00    8.7500
    184.00    353.00    9.0000
    186.00    249.00    9.6250
    195.00   2468.00    9.1250
    208.00   1751.00    5.8750
    206.00   1924.00    8.5000
    206.00   2094.00    8.2500
    215.00   1445.00    6.3750
    222.00    378.00    7.7500
    229.00   2284.00    8.2500
    230.00    517.00    7.6250
    232.00   1521.00    8.7500
    236.00    234.00    9.2500
    242.00    622.00    7.5000
    245.00   1608.00    8.5000
    250.00   2526.00    5.8750
    255.00   1847.00    8.0000
    254.00   1943.00    8.2500
    258.00    111.00    5.6250
    262.00    507.00    7.8750
    264.00   1559.00    7.7500
    263.00    400.00    9.7500
    264.00   1965.00    5.8750
    281.00     14.00    6.3750
    285.00    566.00    8.3750
    293.00   2461.00    7.1250
    305.00   2578.00    8.5000
    310.00    432.00    7.2500
    309.00    402.00    7.2500
    319.00    454.00    7.0000
    321.00   1892.00    7.1250
    322.00   2220.00    7.1250
    323.00     39.00    8.1250
    328.00   1778.00    8.1250
    328.00   2508.00    9.2500
    333.00   2376.00    6.8750
    341.00   2583.00    6.5000
    341.00    126.00    7.0000
    347.00   1898.00    5.7500
    352.00    202.00    8.7500
    353.00   1977.00    7.7500
    363.00   2304.00    7.7500
    368.00    907.00    6.5000
    371.00    794.00    6.1250
    383.00   1358.00    7.5000
    385.00   2131.00    8.3750
    388.00    991.00    8.5000
    388.00   2286.00    8.0000
    387.00   2197.00    8.8750
    389.00   1048.00    8.8750
    391.00    942.00   10.0000
    392.00   2372.00    9.0000
    395.00   1824.00    8.7500
    394.00   1738.00   10.1250
    400.00     60.00    4.7500
    406.00    112.00    6.3750
    414.00    762.00    6.0000
    419.00   2342.00    7.7500
    423.00   2148.00    6.2500
    423.00   1514.00   10.1250
    427.00    806.00    7.8750
    433.00    954.00    8.1250
    437.00   1144.00    7.7500
    443.00   1094.00    5.8750
    446.00   2282.00   11.3750
    447.00   1387.00    8.1250
    456.00    891.00    6.0000
    454.00   2198.00    7.2500
    456.00    834.00    5.6250
    467.00     59.00    9.7500
    473.00    821.00    7.1250
    480.00    272.00    6.8750
    477.00   2047.00    6.8750
    479.00    880.00    7.0000
    481.00   1911.00    8.5000
    486.00   2249.00    6.0000
    498.00    712.00    6.8750
    499.00    942.00    7.5000
    501.00     35.00    8.3750
    502.00   1040.00    8.1250
    512.00   2101.00    8.2500
    512.00    877.00   11.3750
    514.00    151.00    9.3750
    518.00    963.00    8.4015
    529.00    294.00    7.6250
    528.00   1589.00    7.7500
    534.00   2460.00    7.3750
    536.00   2182.00    8.2500
    535.00    121.00    9.1250
    537.00   1675.00    8.0000
    545.00    442.00    5.7500
    555.00   2043.00    8.7500
    554.00   2252.00    8.6250
    560.00   2311.00    6.3750
    564.00    618.00    8.7500
    567.00    201.00    6.8750
    571.00   1231.00    8.0000
    579.00   1096.00    7.7500
    583.00    714.00    7.8750
    585.00    147.00    9.1250
    596.00   1330.00    8.3750
    602.00    484.00   10.3750
    605.00   1453.00    7.7500
    607.00   1960.00    7.3750
    616.00    714.00    7.6250
    617.00    556.00    8.1250
    620.00    954.00    8.0000
    620.00   1357.00    9.0000
    621.00   2582.00    8.5000
    628.00   1020.00    7.1250
    631.00   1059.00    8.1250
    636.00   1390.00    6.8750
    639.00   2279.00    8.0000
    644.00   2540.00   10.0000
    647.00   1220.00    8.7500
    649.00    992.00    8.2500
    649.00   1717.00    7.2500
    652.00    923.00    7.1250
    670.00   2229.00    8.0000
    677.00   1041.00    7.0000
    679.00    728.00    8.2500
    683.00   1597.00    8.7500
    690.00    210.00    9.5000
    692.00   2286.00    7.3750
    691.00    947.00    9.2500
    711.00    358.00   10.0000
    710.00   2327.00    6.6250
    717.00   1324.00    6.2500
    717.00    727.00    8.5000
    732.00   1220.00   10.3750
    730.00     65.00    9.5000
    733.00    266.00    9.0000
    737.00    653.00    8.6250
    743.00   2485.00    9.8750
    751.00   2358.00    7.6250
    758.00   1523.00    7.8750
    759.00   1675.00    9.3750
    766.00    400.00   10.2500
    773.00    860.00    9.1250
    773.00   1763.00    7.8750
    781.00   1346.00    7.1250
    780.00   2039.00    7.6250
    790.00   2441.00    6.6250
    795.00   1473.00    8.7500
    798.00   1532.00    9.7500
    798.00    680.00    7.9275
    813.00   1152.00    9.3750
    827.00   2536.00    6.8750
    831.00   1776.00    7.2500
    829.00   2590.00    5.3750
    829.00   1012.00   10.1250
    836.00   1580.00    8.7500
    838.00   1125.00    8.6250
    850.00    268.00    8.3750
    864.00    532.00    7.6250
    878.00     65.00    7.5000
    875.00   2314.00    9.2500
    880.00    746.00    9.5000
    899.00   2101.00    6.7500
    901.00   1619.00    8.3750
    902.00   2027.00    7.0000
    904.00   1925.00    9.0000
    910.00   2364.00    7.8750
    911.00    762.00    7.7500
    912.00    606.00    7.1250
    925.00    129.00    5.0000
    925.00   1066.00    9.6250
    927.00   1126.00    7.2500
    930.00   2438.00    5.3750
    934.00   1246.00    7.0000
    938.00   2030.00    6.6250
    940.00   1153.00   10.0000
    941.00   2245.00    8.2500
    953.00   1614.00    7.0000
    956.00    153.00    9.5000
    962.00   1084.00    8.0000
    964.00   2533.00    6.7500
    966.00    246.00    8.3750
    967.00   1843.00    7.5000
    971.00    102.00    9.1250
    982.00    355.00    7.7500
    976.00   1766.00   10.8750
    978.00   1556.00    7.7500
    978.00   2063.00   10.2500
    982.00   2396.00    8.8750
    983.00    770.00    8.3750
    985.00   1004.00    8.1250
    987.00   2589.00    4.2500
    988.00   1518.00    5.2500
    994.00   2186.00    9.5000
   1001.00   1656.00    3.7500
   1003.00   1800.00    8.5000
   1007.00   1834.00    5.5000
   1011.00   1136.00   11.7500
   1010.00   1882.00    7.0000
   1014.00    262.00    8.7500
   1019.00    381.00    7.8750
   1019.00   1681.00    8.3750
   1025.00    631.00    6.2500
   1028.00    919.00    9.7500
   1038.00   2041.00    9.7500
   1043.00   2384.00    8.2500
   1044.00   1188.00   10.0000
   1042.00   1723.00    9.3750
   1045.00   1830.00    7.7500
   1048.00   2494.00    9.2500
   1049.00   1762.00    5.2500
   1051.00   2444.00    8.0000
   1056.00   1461.00    5.8750
   1057.00   1661.00   10.2500
   1059.00   2118.00    8.2500
   1067.00   2360.00    7.1250
   1075.00    299.00    8.8750
   1077.00    577.00   10.2500
   1082.00   1456.00    9.5000
   1086.00    213.00    7.8750
   1088.00   1856.00    8.6250
   1094.00    342.00    8.3750
   1094.00   2429.00    9.3750
   1098.00   1709.00    6.0000
   1105.00    446.00    8.6250
   1116.00   1381.00    6.2500
   1124.00   1637.00    8.0000
   1128.00    300.00   10.6250
   1126.00   1207.00    6.6250
   1138.00    524.00    8.8750
   1138.00   1332.00    4.7500
   1149.00   1146.00    8.0000
   1147.00   1553.00   10.7500
   1153.00   2157.00    5.7500
   1152.00    557.00    8.6250
   1155.00   1287.00    7.7500
   1158.00    741.00    8.7500
   1162.00    678.00    7.3750
   1168.00   2109.00    7.3750
   1170.00    261.00    7.7500
   1171.00   1207.00    8.5000
   1171.00    154.00    9.1250
   1173.00   2312.00    9.6250
   1181.00   1368.00    6.6250
   1181.00     69.00   10.3750
   1193.00   1955.00    7.8750
   1195.00    408.00    8.8750
   1201.00    623.00    9.0000
   1203.00   1819.00    8.5000
   1207.00   2242.00    5.6250
   1207.00    705.00    7.2500
   1216.00     33.00    7.8750
   1215.00   2439.00    7.1250
   1218.00   2369.00    6.3750
   1236.00    772.00    8.6250
   1239.00   1325.00   10.0000
   1237.00   1023.00    8.3750
   1244.00   2506.00    9.3750
   1257.00   2398.00    9.6250
   1261.00    398.00    5.0000
   1262.00    912.00    6.6250
   1261.00    479.00    9.2500
   1269.00   1970.00    7.1250
   1268.00   1169.00    6.3750
   1279.00   1574.00    8.5000
   1279.00   1288.00    8.0000
   1288.00   1691.00    9.6250
   1291.00     38.00    9.0000
   1288.00    322.00    6.0000
   1300.00   2011.00    8.1250
   1293.00   2439.00    6.8750
   1296.00    593.00    8.6250
   1297.00   1839.00    6.6250
   1299.00   2466.00    5.7500
   1302.00    353.00    7.8750
   1312.00   1611.00    6.0000
   1314.00   2291.00    7.2500
   1321.00    931.00    7.0000
   1322.00    299.00   11.2500
   1323.00   1576.00    7.6250
   1328.00   1254.00    6.3750
   1330.00   1723.00    7.3750
   1334.00   1978.00    8.2500
   1337.00    970.00    7.0000
   1340.00   1644.00   10.5000
   1344.00    937.00    8.1250
   1345.00   1548.00    6.2500
   1345.00   2234.00    8.6250
   1349.00    261.00    5.2500
   1347.00   2267.00    8.1250
   1352.00    597.00    6.1250
   1364.00   1696.00    7.7500
   1361.00   1907.00    5.2500
   1367.00    679.00    9.0000
   1367.00   2297.00    7.5000
   1369.00   1882.00    6.8750
   1370.00    962.00    7.2500
   1379.00   2105.00    8.3750
   1388.00    842.00    7.0000
   1390.00   1128.00    7.6250
   1393.00   1777.00    7.2500
   1405.00   1649.00    6.2500
   1402.00   1089.00    9.0000
   1405.00   1250.00    7.2500
   1406.00   2205.00    6.6250
   1410.00   2282.00    6.3750
   1414.00   1920.00    8.2500
   1422.00    737.00   11.1250
   1420.00   1556.00    6.8750
   1427.00    779.00    9.0000
   1431.00    460.00    7.7500
   1434.00   1377.00    7.5000
   1437.00   1841.00    9.8750
   1442.00    180.00    9.7500
   1442.00   2555.00    7.3750
   1451.00   1770.00    3.8750
   1454.00   2373.00    9.8750
   1454.00   1118.00    7.1250
   1457.00   1024.00    7.5000
   1467.00   1484.00    6.3750
   1467.00   2049.00    8.1250
   1466.00   2577.00    7.1250
   1478.00   1748.00    7.0000
   1489.00    677.00    7.2500
   1496.00   1700.00    8.8750
   1501.00    541.00    7.8750
   1510.00   1145.00    6.1250
   1518.00   1288.00   10.3750
   1516.00   1856.00    6.2500
   1517.00   1006.00    7.1250
   1520.00   2477.00    9.2500
   1521.00     71.00    6.7500
   1526.00   2566.00    7.8750
   1535.00   2332.00    8.0000
   1543.00   2068.00    6.7500
   1544.00   2380.00    6.6250
   1547.00   2417.00    7.1250
   1552.00   1962.00   10.6250
   1552.00    288.00    9.0000
   1561.00    455.00    9.3750
   1570.00    219.00   11.5000
   1571.00   1160.00    8.1250
   1570.00    521.00    6.0000
   1570.00   1473.00    8.5000
   1576.00    831.00   10.2500
   1585.00   2074.00    7.5000
   1587.00   2213.00    6.2500
   1595.00   1691.00    9.0000
   1604.00   1581.00    6.7500
   1600.00   1108.00    7.3750
   1601.00   2024.00    8.1250
   1600.00   2135.00    4.0000
   1603.00   1834.00    6.2500
   1603.00   2385.00    5.6250
   1610.00   1433.00    7.1250
   1610.00    805.00    7.2500
   1612.00   2125.00    5.6250
   1616.00   2424.00    4.8750
   1616.00     22.00    7.5000
   1619.00    737.00    8.6250
   1621.00    526.00    7.1250
   1625.00    115.00    7.5000
   1633.00   1565.00    8.1250
   1632.00    764.00    8.1250
   1648.00   2227.00    6.0000
   1653.00   1084.00    5.3750
   1656.00    146.00    9.2500
   1663.00   1653.00    5.8750
   1664.00   1856.00    9.2500
   1667.00    226.00    9.3750
   1675.00   1083.00    7.0000
   1674.00   1931.00   10.1250
   1680.00   1604.00    8.1250
   1681.00   1250.00    7.0000
   1684.00   2570.00    5.2500
   1690.00   1169.00    7.3750
   1694.00   1487.00    7.8750
   1701.00   2130.00    8.6250
   1702.00   1748.00    7.3750
   1710.00     94.00    7.1250
   1707.00    991.00    9.6250
   1707.00   1443.00    9.3750
   1720.00    645.00    7.8750
   1722.00     59.00    6.0000
   1727.00    392.00    9.3750
   1726.00   2221.00    5.2500
   1726.00   2442.00    7.1250
   1732.00   1117.00    9.3750
   1734.00   1548.00    6.7500
   1753.00   1176.00    6.6250
   1767.00   2406.00    8.1250
   1765.00   2080.00    9.2500
   1777.00    150.00    8.2500
   1782.00    674.00    8.8750
   1783.00    852.00    7.8750
   1784.00   1356.00    8.2500
   1786.00   1591.00    8.8750
   1792.00    454.00    4.0000
   1793.00   2450.00    7.2500
   1796.00   1848.00    6.7500
   1812.00    634.00    7.2500
   1821.00   1857.00    6.1250
   1818.00    162.00   10.6250
   1822.00    491.00    9.1250
   1831.00   1421.00    8.3750
   1835.00     36.00    7.0000
   1836.00      3.00    7.0000
   1835.00   1488.00    6.7500
   1841.00    468.00    6.0000
   1844.00   2451.00   11.1250
   1846.00   1527.00    8.0000
   1852.00   1908.00    8.6250
   1861.00   2498.00    5.8750
   1866.00    786.00    7.8750
   1864.00    446.00   10.1250
   1874.00    558.00   10.5000
   1868.00   1229.00    6.1250
   1877.00    317.00    8.5000
   1874.00   1016.00    8.3750
   1877.00    195.00    9.5000
   1882.00   1607.00    8.1250
   1882.00    485.00    7.3750
   1888.00   1425.00    5.5000
   1891.00    590.00    7.8750
   1896.00   2400.00    7.1250
   1900.00   2050.00   10.0000
   1901.00   1878.00    5.7500
   1904.00   1316.00    7.0000
   1909.00     27.00   10.2500
   1903.00    942.00    6.3750
   1905.00   2318.00    8.1250
   1912.00   2109.00    4.0000
   1921.00   1912.00    9.0000
   1927.00   1951.00    8.7500
   1933.00   2445.00    7.3750
   1935.00    397.00    7.8750
   1941.00   1438.00    7.2500
   1940.00    201.00    7.8750
   1939.00   1608.00    7.6250
   1943.00   1742.00    6.8750
   1943.00   2330.00    4.5000
   1943.00   1690.00    5.5000
    413.00    306.00    7.9275
    978.00    867.00   12.0000
    662.00   2112.00   10.5000
   1927.00   1300.00    7.0000
    746.00      1.00    8.1085
    480.00    443.00    8.4015
    289.00    946.00    7.0905
    608.00    100.00    7.9275
    610.00    132.00    8.1085
      9.00    848.00    7.6450
    128.00    828.00    9.8330
    222.00    786.00   10.2400
    439.00    235.00   10.4885
    534.00    810.00    7.1585
    545.00    836.00    7.0905
    576.00    847.00    7.0905
    596.00    838.00    7.0905
    604.00    824.00    7.0905
    622.00    911.00    6.9530
    627.00    872.00    7.0905
    663.00    878.00    8.0000
    751.00    895.00    7.6800
    625.00    370.00    7.0905
    769.00    582.00    9.6845
    830.00    683.00    8.7950
    911.00    291.00    8.4585
    893.00    488.00    7.4885
    909.00    199.00    5.9000
    911.00    224.00    6.9530
    922.00    515.00    8.0000
   1048.00    421.00    9.0655
    934.00    474.00    8.7950
    988.00    606.00    8.1085
    907.00    956.00    5.7335
    924.00    952.00    7.0000
    697.00   1181.00    7.1585
    549.00   1200.00    7.9275
    504.00   1241.00    8.4585
    360.00   1486.00    6.2930
    370.00   1474.00    7.2525
    400.00   1458.00    6.3420
    418.00   1463.00    6.3420
    454.00   1462.00    7.0000
    463.00   1444.00    6.3420
     26.00   1541.00    9.4545
   1304.00     67.00    5.7335
   1319.00     61.00    4.9750
   1357.00     48.00    7.2525
   1468.00    206.00    7.2525
   1497.00    198.00    7.0360
   1515.00    223.00    7.0000
   1535.00    260.00    8.0990
   1860.00    133.00    6.7670
   1884.00    141.00    7.7475
   1719.00    713.00    5.5065
   1737.00    707.00    5.2770
   1646.00    886.00    5.5625
   1651.00    870.00    5.5625
   1515.00    822.00    8.9000
   1406.00    560.00    8.6890
   1359.00   1092.00    8.5000
   1296.00    618.00    7.0000
   1239.00    544.00    4.4520
   1259.00    542.00    6.2190
   1240.00    523.00    6.9530
   1099.00    884.00    9.1740
   1598.00   1366.00    8.6890
   1205.00   1290.00    5.1330
   1213.00   1274.00    5.9810
   1231.00   1281.00    5.0620
   1636.00   1749.00    7.8935
   1581.00   1648.00    6.1845
   1575.00   1623.00    6.1845
   1593.00   1619.00    6.5555
   1344.00   2091.00    6.1845
   1352.00   2074.00    8.2140
   1903.00   2342.00    6.0000
   1889.00   2361.00    4.9165
   1873.00   2356.00    6.4105
   1659.00   2274.00    5.7335
   1672.00   2260.00    6.0015
   1498.00   2222.00    6.4105
   1517.00   2224.00    6.6145
   1877.00    707.00    7.7475
   1049.00   1123.00    8.5090
    912.00   1788.00    6.7210
    790.00   1849.00    5.2955
    795.00   1836.00    5.7335
    769.00   1910.00    8.0035
    801.00   1955.00    6.9875
    747.00   1984.00    7.0395
    917.00   2202.00    9.5000
    746.00   1922.00    5.9205
    683.00   2010.00    6.8305
    603.00   2012.00    6.4105
    712.00   1977.00    7.5000
    583.00   1925.00    7.0395
    570.00   1941.00    6.0000
    408.00   1912.00    8.0000
    102.00   1972.00    6.0815
     87.00   1960.00    4.5330
     71.00   1955.00    6.9005
     70.00   2164.00    6.2960
     35.00   2176.00    6.6870
     30.00   2223.00    5.9205
     58.00   2229.00    6.1605
     85.00   2286.00    6.0015
     92.00   2272.00    6.0000
    111.00   2255.00    6.2960
    524.00   2289.00    7.0000
    537.00   2306.00    6.2575
    489.00   2346.00    7.6800
    621.00   2365.00   10.0880
    485.00   2429.00    8.4725
    562.00   2489.00    7.8665
    674.00   2551.00    8.9690
    685.00   1845.00   11.1250
    648.00   1887.00   11.5930
    294.00   1475.00   13.4765
   1544.00    918.00    9.7180
   1522.00    725.00    9.9235
    353.00    560.00   12.7850
