#        y         x         r
      4.00    429.00   10.5000
      1.00    993.00   10.0000
      2.00   1300.00    6.0000
     18.00    310.00    5.8750
     22.00    461.00    8.5000
     24.00    938.00   10.3750
     25.00    404.00    8.2500
     31.00   1495.00    7.6250
     33.00    341.00    7.2500
     34.00   2010.00    7.3750
     36.00    597.00    9.7500
     45.00    306.00   10.2500
     53.00    975.00    7.7500
     53.00   1156.00   10.3750
     56.00   1756.00    7.7500
     55.00   1605.00    6.3750
     62.00   1716.00    6.8750
     62.00   2083.00   10.5000
     70.00     44.00    8.5000
     74.00   1530.00    6.6250
     98.00   1594.00    7.2500
     96.00   1818.00    5.7500
    101.00   1855.00    6.7500
    103.00    444.00    8.2500
    103.00   2095.00    6.5000
    106.00    272.00    7.5000
    112.00   1934.00    6.6250
    113.00   2437.00    7.1250
    114.00    332.00    7.8750
    127.00   2001.00    9.5000
    130.00   2530.00   11.0000
    136.00   1778.00    8.0000
    142.00    760.00    6.8750
    149.00   2248.00    7.5000
    153.00    940.00    8.7500
    158.00   2297.00    6.7500
    167.00   1903.00    6.6250
    175.00   1032.00    7.7500
    177.00   1504.00    8.7500
    185.00   2482.00    7.6250
    191.00   1584.00    6.5000
    193.00    137.00    9.2500
    201.00   1772.00    7.7500
    201.00   2235.00    8.2500
    202.00    508.00    8.2500
    202.00   1938.00    8.6250
    208.00   2461.00    7.3750
    209.00   1227.00    7.1250
    216.00    415.00    7.2500
    217.00    157.00    7.0000
    220.00   2114.00    8.1250
    227.00    345.00    9.2500
    225.00   1389.00    7.5000
    235.00   1915.00    8.1250
    231.00   1058.00    5.1250
    237.00    208.00    8.1250
    241.00     79.00   11.2500
    248.00   2087.00    8.1250
    251.00   1405.00    6.8750
    257.00    831.00    7.8750
    265.00   1766.00    8.6250
    266.00   2114.00    9.1250
    271.00    761.00    6.0000
    274.00   1670.00    9.2500
    274.00    599.00    6.0000
    276.00   2496.00    8.7500
    283.00   2205.00    8.0000
    293.00    260.00    8.5000
    294.00   2144.00    6.5000
    300.00   1733.00    9.1250
    304.00   1787.00    5.7500
    313.00   2481.00    8.0000
    313.00    529.00    6.7500
    312.00    528.00    6.7500
    312.00    557.00    6.7500
    320.00   1127.00    6.7500
    327.00   2387.00    7.5000
    326.00    501.00    8.3750
    327.00   2189.00    5.2500
    327.00   2297.00    6.7500
    334.00   1393.00    5.3750
    336.00    717.00   11.5000
    336.00   1005.00    6.8750
    342.00   2459.00    9.1250
    348.00   1899.00    8.5000
    349.00   2543.00    8.8750
    350.00    975.00    7.8750
    351.00   1646.00    7.8750
    351.00    144.00    8.0000
    357.00   1334.00    8.7500
    357.00   1683.00    8.1250
    360.00    313.00    7.2500
    361.00    530.00    6.8750
    373.00   1834.00    7.6250
    372.00   1719.00    7.3750
    375.00   1220.00    8.2500
    381.00   2428.00    9.0000
    385.00   2294.00    7.7500
    386.00   2515.00    7.2500
    393.00    127.00    7.3750
    398.00    364.00    7.6250
    409.00   2578.00   10.6250
    406.00    191.00    8.6250
    405.00    773.00   10.3750
    406.00    891.00   10.3750
    413.00   2016.00    5.6250
    422.00    629.00    8.8750
    425.00    502.00    5.8750
    427.00    206.00    8.6250
    436.00   2524.00    5.0000
    442.00    222.00    6.7500
    455.00    578.00   11.5000
    458.00   2161.00    8.0000
    459.00    348.00    7.7500
    469.00   1739.00    7.2500
    474.00    233.00    7.5000
    484.00    437.00    8.1250
    485.00   1000.00    9.1250
    496.00   1112.00    6.1250
    501.00   2497.00    7.8750
    504.00    382.00    7.8750
    508.00   1498.00    6.8750
    505.00   2526.00    6.7500
    509.00   2041.00    7.0000
    522.00   2543.00    5.8750
    519.00   1404.00    7.8750
    527.00    325.00    6.8750
    530.00   1172.00    6.1250
    530.00    926.00    6.2500
    537.00   2489.00    8.2500
    542.00   2520.00    6.5000
    547.00   1693.00    5.0000
    550.00    647.00    9.5000
    547.00    703.00    5.6250
    549.00     66.00    6.3750
    549.00   1119.00    7.0000
    560.00    962.00    8.2500
    561.00   2330.00    6.2500
    562.00   2584.00    6.7500
    567.00   1574.00    9.6250
    568.00    378.00    8.0000
    572.00   1825.00    8.8750
    573.00   2363.00    8.3750
    579.00   2415.00    6.3750
    581.00   1240.00    6.0000
    588.00    727.00   11.2500
    602.00    123.00    7.2500
    604.00    780.00    6.1250
    607.00   1701.00    7.8750
    607.00   1634.00    7.2500
    611.00   1422.00    7.1250
    611.00   2406.00    7.2500
    618.00    920.00    6.6250
    625.00     87.00    9.2500
    627.00    451.00    8.7500
    630.00   2174.00    9.3750
    632.00   1958.00    8.5000
    632.00    121.00    5.3750
    632.00    983.00    7.6250
    637.00   1220.00    6.1250
    636.00   1266.00    8.7500
    660.00    273.00    7.0000
    660.00     65.00    9.1250
    664.00   1716.00    6.8750
    672.00    469.00    5.0000
    675.00   2391.00    7.3750
    689.00   2336.00    7.1250
    692.00   1294.00    6.8750
    694.00   2140.00    6.0000
    696.00    349.00   11.1250
    699.00   1108.00    8.2500
    694.00   1435.00    8.7500
    704.00   2279.00    5.2500
    708.00   1703.00    5.0000
    710.00     15.00    5.1250
    712.00   1384.00    8.2500
    714.00   1581.00    8.1250
    720.00   1048.00    8.1250
    722.00    588.00    8.0000
    721.00   1319.00    9.0000
    723.00   2432.00    7.8750
    724.00   1642.00    8.1250
    727.00    153.00    8.5000
    727.00   2067.00    6.2500
    731.00    376.00    8.5000
    734.00   1919.00    5.3750
    732.00   1200.00    9.0000
    732.00   2037.00    6.8750
    741.00   1900.00    7.1250
    742.00   1032.00   10.5000
    756.00    528.00    8.0000
    755.00   1727.00    7.1250
    755.00   1527.00    7.3750
    778.00    621.00    9.3750
    782.00   2178.00    9.8750
    784.00   1973.00    5.8750
    793.00    517.00    8.7500
    795.00    733.00    7.3750
    797.00    932.00    6.5000
    799.00     85.00    7.8750
    801.00    546.00    7.3750
    807.00    269.00    5.6250
    810.00   1937.00    7.6250
    812.00   1048.00    7.8750
    816.00     23.00    8.1250
    816.00    247.00    7.1250
    822.00   1973.00    5.2500
    835.00     77.00   11.2500
    842.00   1685.00    4.8750
    844.00    883.00    4.6250
    843.00   2045.00    8.7500
    849.00    972.00   10.0000
    858.00    305.00    7.6250
    862.00    650.00    7.7500
    863.00    822.00    5.1250
    864.00   2147.00    7.7500
    878.00    584.00    6.5000
    878.00     21.00    6.5000
    882.00   1232.00    7.7500
    884.00    183.00    8.5000
    886.00   1571.00    5.2500
    887.00   1908.00    8.3750
    888.00   1975.00    8.5000
    892.00   1526.00    7.0000
    895.00   2322.00    5.2500
    898.00     49.00    7.3750
    900.00    421.00    6.6250
    905.00   2171.00    7.7500
    909.00   1296.00    8.0000
    919.00   1235.00    5.3750
    923.00   1850.00    5.7500
    923.00   2449.00    7.8750
    933.00   2154.00   10.0000
    925.00   2570.00    5.8750
    927.00    811.00    7.8750
    927.00   1314.00    5.8750
    931.00    568.00    8.5000
    932.00    263.00    6.6250
    942.00    684.00    5.8750
    947.00   1583.00    7.8750
    950.00    630.00    8.0000
    950.00   2084.00    7.2500
    945.00   2188.00    7.7500
    950.00   2409.00    7.2500
    954.00   1433.00    6.7500
    958.00    504.00    8.8750
    958.00   1028.00    8.0000
    967.00     38.00    6.6250
    973.00   1310.00    6.3420
    974.00   2060.00    6.0000
    975.00   2380.00    7.8750
    985.00   1113.00    4.6250
    984.00    137.00   10.5000
    984.00   1915.00    7.0000
    989.00    911.00    7.8750
    991.00    378.00    7.1250
    990.00   2537.00    7.5000
   1005.00   2461.00    9.3750
   1006.00    935.00    7.7500
   1006.00   1563.00    8.1250
   1006.00   1500.00    7.2500
   1007.00   2064.00    4.7500
   1014.00     29.00    6.3750
   1017.00    290.00    5.6250
   1023.00   1087.00    4.2500
   1022.00   2338.00    8.3750
   1024.00   1845.00    7.6250
   1031.00    902.00    5.1250
   1038.00   2521.00    7.2500
   1041.00   2232.00    7.5000
   1048.00    709.00    8.0000
   1051.00   1722.00    7.0000
   1054.00   1747.00    6.7500
   1056.00    536.00    6.6250
   1059.00   2134.00    4.5000
   1063.00    960.00    8.2500
   1065.00   1199.00    8.5000
   1069.00   2092.00    8.0000
   1069.00   1485.00    8.3750
   1070.00   1025.00   10.0000
   1068.00    662.00    8.5000
   1071.00    523.00    7.2500
   1072.00   1058.00    8.0000
   1077.00   1335.00    7.8750
   1077.00    136.00    9.0000
   1084.00   2271.00    7.3750
   1083.00    677.00    6.0000
   1090.00   1680.00    7.8750
   1093.00     83.00    9.2500
   1093.00   1752.00    7.1250
   1095.00    839.00    7.8750
   1095.00   1791.00    7.6250
   1102.00   1916.00    5.6250
   1102.00   2255.00    9.1250
   1103.00   2333.00    7.5000
   1106.00   2429.00    7.5000
   1110.00     97.00    7.5000
   1113.00    222.00    8.3750
   1115.00    889.00    4.6250
   1115.00   2516.00    6.1250
   1116.00   1879.00    6.8750
   1119.00   2070.00    5.6250
   1133.00     45.00    6.3750
   1138.00   1689.00    5.1250
   1145.00    460.00    8.2500
   1149.00   1954.00    7.5000
   1154.00   1387.00    6.1250
   1154.00   1715.00    6.3750
   1160.00    733.00    6.2500
   1161.00   2170.00    7.1250
   1161.00    965.00    6.3750
   1163.00   1006.00    8.3750
   1171.00    851.00    8.8750
   1176.00    881.00    6.6250
   1182.00   2475.00    8.0000
   1186.00    932.00    4.1250
   1187.00   2067.00    8.1250
   1188.00   2332.00    7.2500
   1190.00    177.00    7.5000
   1190.00   1709.00    5.8750
   1198.00    325.00    9.1250
   1203.00   2452.00    7.8750
   1205.00    983.00    6.7500
   1209.00   1374.00    7.7500
   1210.00   1678.00    7.6250
   1212.00   1024.00    4.2500
   1214.00   1504.00    5.6250
   1212.00   2163.00    6.3750
   1214.00     27.00    6.5000
   1214.00    899.00    7.1250
   1217.00   1144.00    6.7500
   1218.00   1261.00    5.7500
   1221.00   1777.00    8.2500
   1235.00   2448.00    5.0000
   1239.00   2433.00    6.1250
   1246.00   2090.00    6.0000
   1245.00   1800.00    6.5000
   1251.00    301.00    8.2500
   1253.00    645.00    8.8750
   1252.00    374.00    7.7500
   1261.00   2120.00    7.6250
   1264.00     53.00    8.8750
   1264.00    556.00    6.8750
   1270.00   1494.00    6.6250
   1269.00   1810.00    6.6250
   1270.00   1120.00    4.5000
   1277.00   2194.00    7.3750
   1282.00   1355.00    8.2500
   1282.00   1745.00    6.6250
   1289.00     23.00    7.6250
   1290.00   1613.00    7.3750
   1302.00    769.00   10.1250
   1299.00    987.00    8.7500
   1301.00   1327.00    7.3750
   1303.00   1774.00    7.8750
   1307.00   1925.00    7.7500
   1306.00   2198.00    5.0000
   1309.00   1710.00    8.7500
   1308.00   1580.00    7.7500
   1314.00    797.00    7.1250
   1314.00   1403.00    9.3750
   1320.00   2566.00    7.8750
   1323.00   2156.00    8.3750
   1331.00     68.00    8.3750
   1332.00   1017.00    7.5000
   1336.00   1543.00    7.3750
   1340.00   1051.00    5.2500
   1343.00   2029.00   11.6250
   1343.00    435.00    8.2500
   1345.00    807.00    8.2500
   1347.00   1642.00   10.5000
   1351.00   1091.00    7.3750
   1352.00   1168.00    7.2500
   1355.00   2291.00    7.2500
   1351.00   1788.00    4.5000
   1355.00   1346.00    7.2500
   1360.00   2483.00    6.8750
   1361.00    513.00    6.2500
   1368.00    834.00    5.7500
   1371.00   1516.00    7.2500
   1376.00   2228.00    6.5000
   1378.00   1276.00    7.1250
   1381.00   2171.00    7.6250
   1379.00   2568.00    8.2500
   1389.00   1954.00    6.0000
   1391.00   1123.00    8.6250
   1393.00   1921.00    8.3750
   1395.00   2365.00    7.0000
   1397.00    738.00    7.5000
   1402.00     46.00    7.5000
   1410.00    950.00    7.2500
   1413.00   2344.00    5.8750
   1417.00    872.00    6.7500
   1421.00    533.00    5.2500
   1427.00    972.00    6.5000
   1433.00    304.00    9.1250
   1438.00    409.00   10.0000
   1441.00    784.00    4.5000
   1442.00   1459.00    8.1250
   1451.00    195.00    6.6250
   1453.00   1244.00    7.3750
   1453.00   2398.00    7.1250
   1454.00   1346.00    8.7500
   1465.00   1950.00    8.1250
   1465.00    573.00    7.7500
   1467.00   1415.00    7.2500
   1475.00    775.00    7.6250
   1471.00    856.00    6.8750
   1475.00   1798.00    7.3750
   1475.00   1988.00    6.6250
   1477.00   2219.00    4.2500
   1480.00    340.00    8.7500
   1478.00   2035.00    6.2500
   1478.00    948.00    7.6250
   1489.00   1513.00    6.7500
   1490.00   2007.00    5.7500
   1492.00    516.00    5.1250
   1493.00   2158.00    4.8750
   1496.00   2078.00    5.6250
   1500.00   1094.00    8.3750
   1502.00    376.00    7.8750
   1503.00   2576.00    6.6250
   1506.00   1043.00    6.6250
   1509.00   1696.00    6.0000
   1516.00     16.00    6.1250
   1519.00   1946.00    7.1250
   1523.00    440.00    6.5000
   1525.00     37.00    7.2500
   1529.00    122.00   10.2500
   1528.00   1397.00    5.7500
   1528.00    577.00    6.8750
   1534.00   2461.00    5.7500
   1536.00   1150.00    5.8750
   1539.00   2232.00    4.6250
   1542.00    542.00    5.1250
   1544.00    696.00    9.5000
   1543.00   1322.00    6.2500
   1546.00   2344.00    7.8750
   1548.00    518.00    7.1250
   1550.00   1720.00    7.6250
   1551.00   2303.00    7.3750
   1556.00   1033.00    8.6250
   1560.00   1652.00    7.6250
   1558.00   1761.00    8.7500
   1560.00   1067.00    7.2500
   1570.00    403.00    5.1250
   1571.00   2021.00    6.3750
   1584.00    283.00    8.0000
   1589.00   1542.00    7.7500
   1592.00   2429.00    9.3750
   1592.00   1460.00    7.7500
   1593.00   2264.00    8.7500
   1596.00    145.00   10.3750
   1599.00    863.00    6.8750
   1608.00    647.00    5.7500
   1620.00   1547.00    7.5000
   1624.00   2402.00    6.3750
   1626.00   2457.00    8.7500
   1631.00   1021.00    7.3750
   1626.00   1573.00    8.0000
   1628.00   1692.00    5.8750
   1631.00   1721.00    5.6250
   1630.00   1806.00    7.2500
   1636.00    542.00    4.5000
   1645.00   2055.00    9.1250
   1650.00   2175.00    7.8750
   1658.00   1297.00    7.0000
   1656.00     80.00    8.6250
   1658.00   1051.00    7.0000
   1676.00    830.00    7.8750
   1678.00    930.00    7.0000
   1678.00   2162.00    8.3750
   1680.00   1266.00    7.3750
   1681.00    739.00    9.2500
   1682.00   1510.00    5.5000
   1687.00    672.00    7.3750
   1690.00    145.00    9.5000
   1691.00    255.00    5.6250
   1691.00    461.00    8.2500
   1691.00   1736.00    7.1250
   1692.00   2551.00    6.0000
   1702.00   1815.00   10.2500
   1704.00     88.00    6.6250
   1707.00    909.00    5.2500
   1709.00   2286.00    6.0000
   1709.00   1359.00    6.8750
   1714.00   1460.00    6.8750
   1718.00    809.00    9.2500
   1719.00   1609.00    6.7500
   1720.00    569.00    8.8750
   1726.00   1703.00    6.7500
   1727.00   1838.00    7.2500
   1729.00   2355.00    7.6250
   1730.00   2117.00    8.7500
   1731.00    478.00    8.1250
   1733.00    598.00    8.5000
   1751.00   1731.00    9.0000
   1751.00    409.00    8.1250
   1754.00   1228.00    6.7500
   1755.00   1835.00    7.8750
   1755.00    841.00   12.0000
   1758.00   2080.00    5.3750
   1763.00   2499.00   10.0000
   1768.00    637.00    5.7500
   1765.00   1175.00    6.2500
   1770.00   1785.00   10.7500
   1771.00    972.00    7.8750
   1774.00   1032.00    5.0000
   1774.00   1212.00    6.3750
   1777.00   2216.00    8.0000
   1780.00   1072.00    7.7500
   1785.00    457.00    7.2500
   1785.00   1818.00    7.5000
   1796.00   1990.00    7.7500
   1793.00   2260.00    8.0000
   1795.00    367.00    7.3750
   1813.00    126.00    8.1250
   1809.00    285.00    6.5000
   1811.00   1313.00    5.6250
   1819.00   1943.00    8.2500
   1821.00   1073.00    4.7500
   1824.00    212.00   10.3750
   1826.00    497.00    5.7500
   1826.00    902.00    6.3750
   1831.00   2168.00    7.3750
   1830.00    636.00    8.8750
   1836.00   1087.00    5.7500
   1839.00   2395.00    7.1250
   1842.00   2073.00    6.6250
   1846.00    891.00    8.3750
   1852.00    997.00   10.8750
   1850.00   2144.00    9.7500
   1864.00   1286.00    7.7500
   1880.00   2569.00   10.0000
   1875.00   2377.00    8.1250
   1876.00    952.00    7.3750
   1878.00    286.00    8.2500
   1880.00    788.00    6.2500
   1883.00   1053.00   10.0000
   1891.00   1202.00    9.5000
   1890.00   1664.00   10.2500
   1891.00   1715.00    5.7500
   1892.00    919.00    8.2500
   1894.00   2282.00    6.6250
   1895.00    708.00    8.7500
   1900.00   1864.00    8.7500
   1904.00   1957.00    7.3750
   1904.00   1514.00    9.1250
   1906.00    490.00    8.3750
   1923.00    222.00    6.3750
   1925.00   1566.00    9.1250
   1944.00    573.00    7.1250
   1943.00   1823.00    6.0000
     82.00    129.00    7.5470
    306.00     90.00    8.6250
    148.00    303.00    5.8060
    156.00    288.00    5.4975
     87.00    751.00    6.1465
     91.00    773.00    6.9035
    489.00     76.00    5.1200
    471.00     88.00    6.5555
    530.00    134.00   10.5700
   1054.00    227.00    6.6750
   1073.00    217.00    5.5000
   1077.00    200.00    7.0000
   1478.00    212.00    6.7670
   1849.00    317.00    5.2770
   1845.00    300.00    5.5625
    106.00    610.00   10.5905
    335.00    629.00    8.2920
    355.00    638.00    9.0655
    378.00    602.00    5.5625
    385.00    585.00    5.7270
    553.00    417.00    7.4630
    664.00    765.00    6.1440
    678.00    748.00    7.0360
   1232.00    501.00    5.2770
   1233.00    514.00    5.5625
   1252.00    526.00    5.6725
   1787.00    655.00    5.0370
   1788.00    672.00    4.9925
   1926.00    668.00    5.2850
   1942.00    661.00    5.2850
   1919.00    758.00    5.6010
   1926.00    738.00    5.4055
   1926.00    859.00    5.2850
   1944.00    854.00    5.6390
   1891.00    979.00    5.2850
   1910.00    976.00    6.2190
   1810.00    968.00    5.8635
   1793.00    957.00    5.4055
   1711.00   1130.00    6.2960
   1730.00   1131.00    6.2960
   1788.00   1345.00    8.3435
   1782.00   1418.00    6.5960
   1757.00   1402.00    8.9040
   1591.00   1172.00    5.7335
   1576.00   1156.00    5.5625
   1380.00   1008.00    7.0905
   1357.00   1002.00    7.1585
    974.00   1192.00    7.9275
   1005.00   1198.00    6.9530
   1013.00   1180.00    8.3435
    919.00   1420.00    7.6800
    842.00   1331.00    7.1585
    861.00   1325.00    6.5960
    830.00   1241.00    6.2960
    850.00   1243.00    6.2960
    497.00   1080.00    8.8500
    240.00   1259.00    8.8500
     73.00   1341.00   10.1240
    348.00   1569.00    7.1585
    417.00   1492.00    6.9530
    419.00   1470.00    7.8665
    535.00   1650.00    7.1585
    549.00   1634.00    7.9275
    505.00   1768.00    6.9530
    513.00   1788.00    7.9275
    657.00   1788.00    7.4885
   1164.00   1762.00    6.9530
   1133.00   1631.00    7.0905
   1127.00   1650.00    7.0800
   1223.00   1623.00    7.0360
   1658.00   1908.00    7.9275
   1676.00   2000.00    6.2960
   1695.00   2002.00    6.2960
   1824.00   1858.00    7.0905
   1839.00   1849.00    6.5960
   1831.00   2258.00    8.4585
   1930.00   2514.00    8.1085
   1632.00   2557.00    7.4885
   1500.00   1974.00    8.7950
   1385.00   2413.00    5.6725
   1389.00   2396.00    6.6750
   1208.00   2089.00    5.7270
   1217.00   2078.00    5.7270
   1449.00   1998.00    7.0800
    742.00   2145.00    5.2445
    594.00   2261.00    7.1235
    730.00   2153.00    4.7270
    780.00   2343.00    7.0905
   1029.00   2550.00    6.5555
    537.00   1833.00    6.5555
    568.00   2145.00    8.5220
    454.00   2322.00    6.7490
    402.00   2306.00    7.0605
    363.00   1997.00    6.0440
    376.00   1975.00    6.5555
    127.00   1891.00    7.3290
    209.00   1344.00    6.5880
   1798.00   1577.00    9.1775
    441.00   2226.00    9.9850
   1377.00   1996.00   10.5700
    877.00   2515.00    9.1775
