#        y         x         r
      2.00     83.00    8.6250
      1.00    395.00    9.0000
      2.00   1739.00    9.8750
     26.00   1995.00    7.8750
     25.00    749.00   10.1250
     29.00   2069.00    9.0000
     30.00    148.00    9.0000
     31.00    230.00    9.3750
     35.00    618.00    6.8750
     41.00    346.00    7.1250
     38.00   2312.00    7.5000
     41.00   1239.00    6.0000
     48.00   1189.00    6.3750
     49.00   1628.00    7.5000
     50.00    965.00    8.6250
     50.00   1074.00    9.5000
     52.00    413.00    7.0000
     56.00    375.00    7.0000
     60.00    862.00    6.5000
     66.00    562.00    9.2500
     68.00   1325.00    8.3750
     71.00    747.00    6.7500
     75.00   1367.00    6.7500
     75.00    714.00    9.2500
     78.00   2053.00    7.7500
     80.00    393.00    6.6250
     87.00   1284.00    7.0000
     93.00    213.00    8.2500
     94.00    543.00    9.1250
     97.00    257.00    8.3750
     99.00   1250.00    6.8750
    108.00   1534.00    5.8750
    107.00   1941.00    8.6250
    109.00   2062.00    6.7500
    112.00   1073.00    5.7500
    110.00   1192.00    7.1250
    118.00   1116.00    5.5000
    129.00   1972.00    8.1250
    135.00    494.00    7.0000
    136.00    108.00    9.3750
    144.00   1559.00    9.0000
    146.00   2069.00    8.7500
    149.00   1654.00    9.2500
    150.00   2215.00    7.1250
    151.00   1394.00    7.7500
    152.00    517.00    7.8750
    152.00     13.00    6.3750
    157.00   2116.00    8.0000
    166.00   2413.00    7.8750
    164.00   2515.00    6.8750
    171.00   2541.00    8.3750
    170.00    286.00   10.5000
    173.00    403.00    5.6250
    174.00    318.00    6.5000
    185.00    146.00    8.7500
    189.00    913.00    7.8750
    191.00   1914.00    6.8750
    193.00   1463.00    7.3750
    193.00   1606.00    9.3750
    214.00   1357.00    6.3750
    211.00   1481.00    6.6250
    213.00    636.00    7.6250
    220.00   1763.00    6.6250
    223.00    319.00    5.8750
    225.00    596.00    8.1250
    223.00   1710.00    6.2500
    228.00    974.00    7.7500
    233.00    260.00    7.6250
    234.00   1890.00    8.0000
    236.00    931.00    7.7500
    241.00    152.00    6.0000
    241.00   2035.00    7.5000
    243.00   1019.00    7.5000
    249.00    766.00    5.2500
    245.00   1063.00    6.2500
    251.00   1761.00    7.0000
    251.00   2113.00    6.5000
    252.00     46.00    7.7500
    253.00    379.00    5.3750
    255.00   2524.00    7.8750
    261.00   1426.00    7.2500
    270.00   1583.00    7.0000
    274.00    145.00    7.7500
    273.00   2431.00    6.8750
    277.00    236.00    9.8750
    276.00   1788.00   10.3750
    280.00   1008.00    7.0000
    280.00   1069.00    7.0000
    283.00   1822.00    7.3750
    288.00    488.00    8.2500
    292.00   2443.00    4.7500
    293.00    810.00    8.3750
    297.00    348.00    7.3750
    299.00   1395.00    7.3750
    302.00    430.00    8.2500
    308.00   2335.00    8.0000
    309.00    673.00    6.2500
    312.00   1190.00    9.1250
    319.00   2071.00    7.7500
    328.00    748.00    5.2500
    337.00   1090.00    8.0000
    346.00   1209.00    7.2500
    351.00   2118.00    6.3750
    356.00   1759.00    8.1250
    361.00   1605.00    7.7500
    365.00   1170.00    6.7500
    380.00   1480.00    7.3750
    388.00   2145.00    7.3750
    394.00   1158.00    7.5000
    396.00   2009.00    5.1250
    395.00     77.00    7.6250
    399.00   2051.00    7.0000
    401.00   2110.00    7.8750
    403.00    235.00    8.8750
    405.00    469.00    6.6250
    407.00    779.00    8.1250
    410.00   1937.00    8.3750
    412.00    925.00    5.7500
    412.00    181.00    8.7500
    414.00   2507.00    8.2500
    420.00   2576.00    6.6250
    425.00   2334.00    7.1250
    427.00    453.00    6.2500
    426.00    518.00    7.0000
    426.00    912.00    7.3750
    430.00   1092.00    7.8750
    431.00   1325.00    8.2500
    435.00    405.00    7.3750
    435.00   2222.00    6.6250
    435.00   1962.00    7.1250
    437.00   1913.00    7.0000
    439.00   1741.00    5.7500
    440.00   1013.00    7.5000
    446.00    363.00    7.3750
    449.00   2061.00    5.3750
    456.00    416.00    6.0000
    457.00    628.00    5.2500
    458.00   1204.00    9.3750
    459.00   1820.00    6.7500
    473.00   2277.00    8.0000
    476.00   1737.00    7.0000
    476.00   1840.00    6.2500
    486.00   1439.00    6.6250
    494.00   2514.00    9.0000
    501.00   1186.00    7.6250
    510.00   1315.00    7.2500
    514.00    273.00   10.3750
    519.00    185.00    5.8750
    521.00    479.00    6.8750
    523.00   1415.00    8.8750
    527.00    137.00    7.3750
    528.00    598.00    7.5000
    533.00    986.00    7.5000
    534.00   2529.00    6.1250
    534.00   1313.00    5.3750
    539.00   2290.00    6.3750
    540.00     86.00    7.2500
    541.00   1637.00    7.2500
    545.00     39.00    8.5000
    545.00    244.00    9.0000
    548.00    617.00    8.0000
    552.00    653.00    5.3750
    572.00    818.00    8.6250
    572.00   1428.00    7.5000
    573.00   2114.00   11.0000
    574.00    642.00    5.3750
    582.00   1384.00    7.2500
    587.00    849.00    8.0000
    584.00   1499.00    8.7500
    586.00   1778.00    6.7500
    591.00    919.00    5.7500
    593.00   2425.00    9.1250
    595.00    699.00    7.1250
    607.00    762.00    7.8750
    623.00   1278.00    8.3750
    626.00   1905.00    7.3750
    633.00   2504.00    8.1250
    635.00     68.00    8.3750
    659.00   1830.00    7.2500
    674.00    834.00    8.5000
    674.00    114.00    7.2500
    680.00    916.00    9.1250
    687.00   1570.00   11.8750
    684.00   2074.00    7.2500
    686.00     76.00    8.3750
    691.00   2434.00    7.1250
    693.00   1338.00    7.8750
    701.00    517.00    7.3750
    702.00   2207.00    7.7500
    707.00   2374.00    8.1250
    704.00   1416.00    7.1250
    711.00   2001.00    7.7500
    717.00   2239.00    6.2500
    720.00    689.00    4.7500
    718.00   1807.00    6.6250
    737.00    283.00    7.5000
    741.00    677.00    8.7500
    744.00    965.00    8.8750
    742.00   2306.00    7.0000
    747.00   2542.00    8.0000
    758.00   2081.00    5.0000
    758.00    214.00    7.3750
    762.00   2053.00    7.1250
    764.00    987.00    9.2500
    768.00    372.00    5.8750
    769.00    822.00    5.7500
    775.00   1304.00    8.1250
    775.00    865.00    7.8750
    777.00    261.00    8.7500
    786.00    814.00    7.5000
    787.00    461.00    7.7500
    792.00   2297.00    7.6250
    794.00   1475.00    6.5000
    797.00   1727.00    7.0000
    800.00   2154.00    5.7500
    801.00    872.00    7.1250
    800.00   2250.00    7.6250
    809.00    991.00    7.7500
    815.00   1965.00    7.1250
    818.00    584.00    7.2500
    817.00    235.00    6.6250
    822.00   1777.00    9.7500
    824.00   2341.00    7.7500
    826.00   2140.00    7.1250
    828.00   1360.00    7.2500
    830.00   1071.00    7.5000
    834.00    329.00    8.5000
    836.00   2481.00    6.2500
    840.00    662.00    5.5000
    847.00    821.00    8.7500
    846.00    930.00    7.3750
    851.00   1649.00    7.0000
    862.00     46.00    8.6250
    868.00   2142.00    6.3750
    875.00   1100.00    7.8750
    877.00    287.00    8.8750
    880.00    796.00    6.3750
    889.00    727.00    6.0000
    901.00   1726.00   12.0000
    904.00   1667.00    7.0000
    904.00    977.00    6.6250
    912.00   1839.00    7.3750
    914.00    170.00    7.6250
    915.00   1264.00    8.2500
    927.00   1136.00    7.2500
    927.00   2361.00    7.1250
    928.00   2197.00    5.8750
    940.00    360.00    4.6250
    939.00   1597.00    9.3750
    948.00   1094.00    8.0000
    948.00   1446.00    6.3750
    960.00    297.00    5.6250
    961.00   1704.00    7.2500
    963.00   2462.00    5.0000
    964.00    138.00    7.5000
    966.00   1137.00    6.7500
    968.00   1726.00    5.2500
    970.00     75.00    7.7500
    974.00   2254.00    8.6250
    974.00   1568.00    7.2500
    975.00   1795.00    5.7500
    987.00   2462.00    7.3750
   1001.00    657.00    6.7500
   1000.00   1149.00    6.7500
   1000.00   2021.00    7.3750
   1006.00     32.00    7.7500
   1011.00    405.00   11.3750
   1018.00   2506.00    9.8750
   1022.00    267.00    8.0000
   1029.00   1776.00    6.2500
   1028.00    876.00    8.2500
   1031.00   2264.00    5.5000
   1032.00    793.00    8.7500
   1033.00   1549.00    5.3750
   1034.00   1823.00    7.3750
   1040.00    482.00    9.8750
   1045.00   2307.00    7.1250
   1046.00    922.00    7.3750
   1051.00     24.00    6.7500
   1056.00   2435.00    7.5000
   1067.00   1253.00    9.0000
   1071.00   1783.00    6.1250
   1073.00   1554.00    8.2500
   1097.00   2321.00    5.7500
   1100.00   1530.00    5.0000
   1118.00   2281.00    5.5000
   1118.00    679.00    8.0000
   1120.00   1062.00    6.2500
   1126.00    869.00    9.1250
   1127.00   1344.00    4.7500
   1131.00   1449.00    7.0000
   1127.00   2024.00    6.7500
   1130.00   2323.00    6.5000
   1134.00   2056.00    6.1250
   1139.00   1713.00    6.7500
   1143.00   1986.00   11.5000
   1158.00   1588.00    7.2500
   1167.00   1517.00    9.6250
   1159.00    362.00    6.6250
   1158.00   1356.00    8.8750
   1166.00   1467.00    7.5000
   1166.00   2537.00    8.2500
   1183.00   2282.00    8.5000
   1185.00    230.00    8.3750
   1188.00    569.00    6.2500
   1190.00   2483.00    7.0000
   1189.00     39.00    9.1250
   1196.00   1643.00    8.3750
   1202.00   1484.00    5.7500
   1212.00    923.00    6.7500
   1218.00   1650.00    4.6250
   1218.00   2504.00    7.0000
   1229.00    953.00    9.3750
   1232.00   1389.00    8.1250
   1235.00   2334.00    5.5000
   1249.00   2144.00    8.6250
   1251.00    635.00    7.2500
   1262.00   2021.00    9.7500
   1267.00    549.00    4.7500
   1281.00   1663.00    5.8750
   1287.00    528.00    8.1250
   1293.00   2428.00    5.7500
   1304.00    321.00    8.7500
   1307.00   2354.00    6.7500
   1314.00   2574.00    6.3750
   1317.00    572.00   10.5000
   1318.00   1945.00    7.5000
   1323.00    604.00    6.0000
   1330.00   1851.00    7.6250
   1334.00   2368.00    6.1250
   1335.00    712.00    8.5000
   1336.00   1575.00    5.2500
   1336.00    348.00    7.6250
   1337.00    788.00    7.6250
   1338.00   2067.00    7.3750
   1338.00   1394.00    7.1250
   1346.00   2129.00    6.2500
   1348.00   1424.00    9.5000
   1348.00   2446.00    6.3750
   1352.00    765.00    9.1250
   1357.00    894.00    6.1250
   1361.00   1755.00    7.0000
   1363.00   1684.00    6.8750
   1365.00   2332.00    8.8750
   1368.00   2385.00    5.8750
   1370.00   2130.00    6.2500
   1371.00   1430.00    7.3750
   1379.00   1911.00    7.2500
   1384.00   1133.00    8.2500
   1381.00   2488.00    7.6250
   1389.00    292.00    6.5000
   1407.00   2018.00    4.3750
   1409.00   2196.00    8.0000
   1409.00   2342.00    6.0000
   1415.00    737.00    9.1250
   1415.00    822.00    8.1250
   1423.00    767.00    7.1250
   1422.00   1950.00    6.8750
   1440.00    612.00    7.8750
   1457.00   1342.00    6.0000
   1459.00    667.00    8.2500
   1468.00    622.00    6.5000
   1473.00    855.00    7.6250
   1478.00   1383.00    6.0000
   1480.00   2437.00    7.0000
   1487.00   2508.00    7.1250
   1493.00   2464.00    6.2500
   1508.00   1397.00    5.8750
   1506.00   1918.00    5.0000
   1512.00    297.00    4.7500
   1513.00    344.00    6.8750
   1513.00   1572.00    6.1250
   1514.00   2591.00    5.1250
   1517.00   1337.00    8.5000
   1531.00   1385.00    6.7500
   1541.00   1316.00    5.7500
   1543.00    969.00    6.2500
   1542.00   1627.00    8.5000
   1545.00    163.00    7.2500
   1544.00    474.00    7.2500
   1549.00    420.00    7.7500
   1550.00   1922.00    6.5000
   1555.00    800.00    9.7500
   1561.00    357.00    8.0000
   1564.00    649.00    5.3750
   1565.00   1318.00    8.2500
   1567.00   1501.00    6.1250
   1570.00   1143.00    5.6250
   1572.00   1871.00    7.3750
   1583.00   2444.00    5.6250
   1585.00    469.00    4.7500
   1584.00   1775.00    8.2500
   1586.00   2204.00    7.8750
   1590.00   1484.00    9.6250
   1594.00    220.00    7.3750
   1598.00   1625.00    7.0000
   1602.00    144.00    7.7500
   1625.00   1253.00    7.7500
   1621.00    548.00    8.3750
   1624.00    291.00    5.7500
   1625.00   1759.00    7.7500
   1627.00   2023.00    6.8750
   1631.00   2227.00    6.8750
   1639.00    332.00    5.8750
   1639.00   2173.00    6.7500
   1640.00    905.00    8.2500
   1641.00   1101.00    6.5000
   1644.00     23.00    6.2500
   1644.00    296.00    7.3750
   1660.00   2276.00    4.3750
   1659.00   1002.00    7.3750
   1667.00   2378.00    7.6250
   1669.00   1302.00    7.1250
   1677.00   1166.00    9.7500
   1681.00    109.00    8.2500
   1681.00    489.00    5.2500
   1679.00   2550.00    9.5000
   1682.00   2429.00    6.8750
   1689.00    467.00    8.7500
   1689.00   2205.00    7.6250
   1693.00   2451.00    6.1250
   1695.00    162.00    7.5000
   1696.00   1129.00    7.5000
   1705.00     38.00    8.0000
   1711.00   2486.00    9.3750
   1727.00   1715.00   12.2500
   1744.00   1063.00    7.5000
   1747.00    769.00    9.0000
   1751.00   1447.00    7.1250
   1756.00     98.00    5.2500
   1757.00    451.00    5.1250
   1759.00   1910.00    5.2500
   1766.00    960.00    6.0000
   1774.00   1042.00    8.5000
   1774.00   2592.00    2.7500
   1777.00    623.00    7.5000
   1778.00     39.00    5.5000
   1782.00   2297.00    7.3750
   1786.00   1808.00    8.0000
   1785.00   2029.00    7.3750
   1785.00   2362.00    6.7500
   1785.00   1430.00    6.3750
   1791.00   2501.00    7.8750
   1791.00    290.00    9.2500
   1799.00    772.00    7.0000
   1816.00   2307.00    7.5000
   1813.00    787.00    5.5000
   1816.00   1937.00    6.8750
   1815.00   1881.00    8.3750
   1817.00   2166.00    8.8750
   1819.00   2010.00    5.8750
   1817.00    124.00    8.2500
   1821.00    197.00    9.6250
   1831.00   1622.00    6.6250
   1833.00   2431.00    7.2500
   1834.00    891.00    7.6250
   1844.00   1647.00    7.6250
   1849.00   2009.00    6.6250
   1854.00   2358.00    6.5000
   1856.00    845.00    9.0000
   1880.00   2336.00    7.2500
   1882.00    704.00    7.0000
   1886.00   1536.00    5.8750
   1892.00   2085.00    6.2500
   1896.00   1916.00    5.6250
   1905.00    472.00    8.2500
   1917.00   1765.00    7.5000
   1915.00    764.00    8.8750
   1916.00     95.00    6.2500
   1918.00    800.00    8.0000
   1920.00    130.00    7.6250
   1923.00   1913.00    7.0000
   1924.00   2005.00    6.2500
   1929.00    866.00    7.0000
   1940.00    654.00    9.1250
   1944.00   1994.00    9.2500
   1940.00    994.00    7.6250
   1943.00     68.00    9.7500
   1944.00    567.00    8.1250
     84.00    463.00    8.5090
     91.00    603.00    5.2445
    109.00    614.00    6.0000
      0.00    844.00    5.2770
     15.00    834.00    6.4870
      1.00    930.00    5.5065
      3.00    910.00    4.7850
      2.00   1034.00    5.2770
     17.00   1030.00    5.7270
     38.00   1025.00    6.1440
    164.00   1286.00    5.7270
    161.00   1273.00    6.1440
    189.00   1267.00    6.5000
    454.00   1274.00    5.9910
    560.00   1239.00    5.7270
    565.00   1260.00    5.7270
    386.00    531.00    6.5000
    396.00    548.00    5.2770
    452.00    205.00    5.0000
    466.00    200.00    5.7270
    640.00    377.00    5.5000
    640.00    363.00    6.7210
    631.00    583.00    7.0800
    505.00    548.00    8.7950
    768.00    105.00    8.2130
    948.00      0.00    5.9910
   1022.00     79.00    7.1235
   1187.00      3.00    5.6725
   1206.00    403.00    7.7875
   1234.00    547.00    7.8665
   1363.00    277.00    5.0370
   1376.00    273.00    5.6725
   1730.00     26.00    5.2770
   1730.00     13.00    5.5625
   1851.00    386.00    5.6725
   1869.00    381.00    5.0370
   1941.00    415.00    6.7670
   1674.00    809.00    5.7270
   1709.00    999.00    6.4870
   1727.00   1009.00    6.2930
   1742.00   1184.00    6.3420
   1570.00    986.00    7.0360
   1512.00   1112.00    7.0800
   1494.00    821.00    6.3420
   1712.00    800.00    6.0440
   1510.00    819.00    5.2770
   1385.00    761.00    5.5000
   1384.00    744.00    5.9910
   1284.00    808.00    7.2525
   1305.00    711.00    7.1235
   1094.00    888.00    6.7670
    961.00    655.00    7.0360
    701.00   1034.00    7.9055
    554.00    970.00    7.0360
    420.00    819.00    9.1740
   1300.00   1137.00    6.7670
   1314.00   1327.00    6.6750
   1197.00   1250.00    7.4630
   1371.00   1244.00    8.5090
   1796.00   1130.00    7.0360
   1863.00   1587.00    8.0000
   1709.00   1517.00    5.7270
   1690.00   1525.00    6.1440
   1479.00   1799.00    8.5000
   1607.00   1908.00    7.8665
   1472.00   1621.00    8.5090
   1459.00   1368.00    5.9910
   1505.00   2008.00    6.3420
   1506.00   2027.00    6.4870
   1222.00   1821.00    8.2130
   1220.00   1779.00    6.1440
    969.00   2036.00    6.7670
    943.00   2040.00    6.7210
    771.00   1993.00    7.2525
    742.00   1980.00    7.9055
    709.00   1472.00    7.7475
    728.00   1444.00    8.3620
    586.00   1917.00    5.6725
    573.00   1897.00    7.7875
    652.00   2181.00    8.5090
    464.00   1554.00    7.7475
    334.00   1530.00    8.2130
    488.00   1679.00    7.8665
    225.00   1637.00    8.3620
    153.00   1731.00    9.1740
     83.00   1609.00    8.7950
    462.00   2411.00    9.5450
    654.00   2460.00    9.9850
    823.00   2561.00    7.9275
   1752.00   2392.00   10.2400
    926.00   2555.00   13.5000
    482.00   2577.00    9.8330
    287.00   2527.00    7.6800
     28.00   2543.00    9.2765
   1936.00   1165.00    9.1625
   1919.00   1581.00   10.8115
   1871.00   1813.00    9.4545
   1563.00   1954.00   10.2400
