#        y         x         r
      4.00   1127.00    7.1250
      4.00   1216.00    9.5000
      1.00   2080.00    8.8750
      8.00    423.00    7.2500
      9.00   1945.00    8.5000
     16.00   1777.00    8.3750
     26.00    114.00    6.3750
     40.00    520.00    7.3750
     45.00   1221.00    7.7500
     48.00   1509.00   10.0000
     57.00    153.00    8.6250
     59.00   2318.00    8.0000
     57.00    740.00    7.2500
     77.00    454.00    8.5000
     76.00   1108.00    9.0000
     81.00   1887.00    7.2500
     83.00    244.00    8.6250
     83.00   1841.00    6.1250
     87.00   1184.00    6.2500
     87.00    690.00   10.2500
     94.00   1155.00    8.6250
    113.00   1479.00    8.0000
    114.00    327.00    7.7500
    123.00   1250.00    6.6250
    128.00   2172.00    7.5000
    130.00   1115.00    5.5000
    131.00    197.00    8.1250
    134.00   1296.00    5.7500
    139.00   1093.00    6.5000
    145.00   1985.00    6.0000
    148.00    618.00    8.6250
    149.00    753.00    6.3750
    151.00    710.00    6.7500
    159.00    127.00    7.7500
    156.00   1120.00    4.6250
    160.00    201.00    7.2500
    163.00    499.00    9.7500
    168.00    653.00    7.6250
    173.00    579.00    9.5000
    179.00    612.00    7.5000
    181.00   2237.00    8.3750
    184.00    335.00    6.5000
    188.00    478.00    9.6250
    206.00   2475.00    7.0000
    206.00   1332.00    8.0000
    209.00    241.00    9.0000
    209.00   2505.00    7.0000
    209.00   2527.00    7.0000
    210.00    341.00    7.2500
    221.00   1857.00    7.6250
    234.00   2116.00    6.6250
    238.00   2360.00    8.8750
    239.00    178.00    8.6250
    240.00    545.00    8.6250
    247.00   1368.00   10.0000
    254.00    668.00    7.3750
    255.00   2002.00    6.0000
    270.00   1921.00    6.0000
    272.00   1625.00   11.0000
    279.00   2207.00    7.3750
    281.00    178.00    7.7500
    285.00    953.00    9.0000
    291.00   1264.00    7.3750
    295.00    503.00    7.6250
    300.00    856.00    8.1250
    301.00    319.00    9.0000
    304.00    202.00    7.3750
    303.00   2505.00    6.2500
    307.00   2557.00    5.5000
    307.00    395.00    7.8750
    312.00   1693.00    7.0000
    314.00   1797.00    7.7500
    312.00   2465.00    8.0000
    313.00   2361.00    7.8750
    313.00   2592.00    7.1250
    321.00    441.00   11.5000
    321.00   1481.00    7.5000
    341.00    363.00   10.7500
    346.00   2058.00    6.6250
    344.00    110.00    9.1740
    346.00   2145.00    4.7500
    348.00    845.00    7.8750
    354.00   2574.00    7.1250
    360.00   1586.00   10.5000
    362.00   1670.00    7.0000
    360.00   2114.00    8.6250
    370.00   1846.00    7.8750
    374.00   1032.00    8.2500
    374.00    414.00    6.5000
    379.00   1757.00    8.2500
    383.00    333.00    7.6250
    382.00    806.00   10.2500
    387.00    593.00    9.0000
    389.00   1936.00    5.0000
    401.00   1780.00    6.1250
    407.00    872.00    9.1250
    407.00   1252.00    8.8750
    414.00   1344.00    7.0000
    421.00   2540.00    6.1250
    427.00   1653.00    8.7500
    429.00   2186.00    7.6250
    445.00    536.00   10.2500
    454.00    957.00    7.1250
    461.00   2268.00    6.7500
    473.00   1469.00   10.0000
    473.00   2012.00    5.1250
    474.00    435.00   10.8750
    477.00    720.00    6.5000
    476.00   2181.00    9.1250
    482.00    116.00    9.3750
    488.00   1754.00    7.7500
    491.00    382.00    8.5000
    498.00   1497.00    7.5000
    495.00    689.00    8.5000
    499.00   1404.00    8.5000
    500.00   1187.00    9.7500
    498.00   1947.00    9.0000
    508.00   2125.00    7.5000
    512.00   2244.00    7.0000
    520.00   2191.00    7.2500
    528.00   1363.00    6.3750
    535.00   1282.00    8.8750
    542.00    849.00    8.8750
    548.00    189.00    8.3750
    547.00   1397.00    7.2500
    549.00    660.00    6.5000
    555.00    257.00    8.2500
    556.00   1319.00    8.3750
    557.00   1728.00    9.1250
    558.00   1598.00    7.3750
    561.00   2429.00    6.2500
    564.00   1623.00    4.6250
    571.00    153.00    7.6250
    579.00   2504.00    6.5000
    598.00    312.00    8.5000
    603.00   2313.00    7.7500
    610.00   1209.00    6.7500
    616.00   1935.00    8.3750
    615.00    869.00    7.2500
    618.00   2254.00    8.1250
    625.00   2114.00    5.3750
    635.00   2520.00    8.6250
    639.00   2144.00    6.8750
    638.00   1112.00    8.3750
    640.00   1231.00    7.6250
    641.00    318.00    6.2500
    658.00   2175.00    5.3750
    653.00    296.00    7.8750
    657.00    599.00    6.3750
    664.00    564.00    6.2500
    663.00   1131.00    8.5000
    666.00    252.00    8.1250
    668.00   1374.00    7.0000
    671.00   1152.00    6.1250
    674.00    911.00   11.3750
    677.00   1702.00    7.0000
    681.00    589.00    7.8750
    692.00   2430.00   10.0000
    699.00     49.00    8.3750
    700.00    467.00    6.6250
    701.00   1694.00    6.2500
    710.00   2243.00    7.7500
    711.00   1260.00   10.0000
    714.00   2128.00    5.0000
    715.00    578.00    8.1250
    726.00    620.00    6.8750
    728.00    193.00    9.0000
    735.00    376.00    9.2500
    735.00   1161.00    7.3750
    746.00   1680.00    6.1250
    751.00   1525.00    6.8750
    753.00   1311.00    7.6250
    755.00    862.00    7.2500
    758.00   1559.00   10.2500
    762.00   1608.00    8.7500
    771.00   1670.00    7.5000
    773.00   1125.00    7.3750
    783.00   1475.00    9.5000
    783.00    782.00    7.5000
    786.00    153.00    7.5000
    788.00    633.00    8.6250
    798.00   1421.00   11.1250
    792.00    890.00    6.0000
    791.00    728.00    8.7500
    793.00   1669.00    5.1250
    794.00   2038.00    8.8500
    804.00    564.00    7.3750
    807.00   2303.00    6.0000
    810.00    133.00    7.0000
    811.00   2432.00    7.2500
    821.00    777.00    7.3750
    823.00   2480.00    8.7500
    829.00    606.00    6.6250
    832.00   1257.00    7.1250
    837.00   1369.00    8.7500
    831.00   2084.00    8.7950
    837.00    375.00    7.7500
    843.00   1778.00    7.2500
    845.00   2302.00    8.2500
    854.00   1310.00    7.5000
    858.00   1800.00    6.1250
    861.00   1194.00    7.3750
    871.00    771.00    8.7500
    873.00    622.00    8.2500
    874.00   1055.00    7.3750
    876.00   1149.00    8.0000
    880.00    406.00    8.8750
    898.00   1462.00    7.8750
    905.00   1299.00    6.7500
    911.00    541.00    5.3750
    911.00   1921.00    6.6250
    915.00   2000.00    8.1250
    914.00   2367.00    6.6250
    913.00   2432.00    8.8750
    922.00   1877.00    6.1250
    937.00    817.00    5.2500
    945.00    453.00    7.3750
    947.00    333.00   10.8750
    953.00   1143.00    7.8750
    959.00   1571.00    5.0000
    959.00    692.00    8.2500
    959.00   1075.00    7.2500
    960.00    790.00    5.0000
    960.00    933.00    7.5000
    961.00   1186.00    8.0000
    973.00     63.00    8.7500
    973.00    204.00    6.1250
    980.00   2118.00    8.8750
    998.00   2057.00    7.1250
   1000.00   1553.00    7.2500
   1002.00   1168.00    7.6250
   1002.00   2007.00    8.1250
   1004.00   1625.00    6.3750
   1006.00     70.00    7.2500
   1010.00   2097.00    6.6250
   1013.00    864.00    7.1250
   1017.00    600.00    9.5000
   1015.00    409.00    6.5000
   1016.00    231.00    8.5000
   1024.00   1469.00    7.8750
   1028.00    795.00    7.5000
   1046.00     23.00    7.7500
   1051.00    338.00    4.7500
   1050.00   2353.00    5.1250
   1055.00    856.00   10.0000
   1055.00   2507.00    7.6250
   1055.00    787.00    6.2500
   1059.00   1253.00    6.1250
   1062.00   1156.00    6.0000
   1065.00    116.00    7.6250
   1061.00   1510.00    7.6250
   1067.00   1890.00    6.6250
   1067.00   2321.00    6.7500
   1077.00   1188.00    6.0000
   1084.00   2438.00    8.5000
   1094.00    291.00    9.0000
   1096.00   1315.00    6.6250
   1097.00   1540.00    7.7500
   1098.00   1885.00    8.3750
   1102.00    986.00    6.0000
   1106.00    545.00    8.2500
   1112.00    222.00    8.1250
   1113.00   2347.00    8.3750
   1115.00    955.00    8.5000
   1121.00    762.00    7.5000
   1119.00   1019.00    6.2500
   1120.00   1813.00    5.8750
   1123.00   1182.00    8.0000
   1132.00   1715.00    6.2500
   1131.00   2080.00    7.7500
   1137.00    296.00    5.0000
   1138.00   2494.00    5.5000
   1146.00    104.00    5.7500
   1145.00   1183.00    5.5000
   1145.00   1945.00    6.0000
   1148.00   1556.00    6.2500
   1150.00    528.00    8.3750
   1154.00   2047.00    8.7500
   1155.00   1687.00   10.3750
   1159.00   1285.00    5.7500
   1166.00   1060.00    8.1250
   1177.00   2314.00    8.2500
   1176.00    712.00    6.2500
   1187.00   1010.00    6.5000
   1189.00    343.00    9.7500
   1205.00    269.00    7.2500
   1206.00   1406.00    6.8750
   1210.00    783.00    5.1250
   1222.00   1314.00    9.2500
   1226.00   1981.00    9.3750
   1227.00   2020.00    7.6250
   1231.00   2392.00    6.1250
   1239.00    988.00    7.3750
   1246.00   2322.00    7.1250
   1256.00    401.00    8.7500
   1260.00    849.00    6.8750
   1268.00    964.00    8.3750
   1269.00   2507.00    8.6250
   1272.00   1021.00    7.0000
   1273.00    337.00    8.3750
   1275.00   2357.00    5.3750
   1282.00   1637.00    7.7500
   1290.00    712.00    5.0000
   1293.00    845.00   10.2500
   1297.00   2517.00    6.3750
   1299.00    378.00    8.2500
   1305.00   2373.00    5.7500
   1304.00    196.00    7.2500
   1310.00   1060.00    9.3750
   1312.00   1869.00   10.2500
   1314.00    469.00    9.7500
   1324.00    622.00    8.0000
   1330.00     42.00    5.3750
   1337.00   1185.00    4.6250
   1334.00    254.00    6.2500
   1342.00    223.00    8.3750
   1345.00   2176.00    8.2500
   1347.00     51.00    6.1250
   1352.00    416.00    8.0000
   1350.00    739.00    6.3750
   1353.00   1789.00    8.5000
   1361.00   2392.00    6.0000
   1364.00   1947.00    6.3750
   1365.00   2110.00    6.1250
   1364.00   2422.00    6.0000
   1369.00   2509.00    6.2500
   1370.00    692.00    6.3750
   1375.00   2332.00    6.3750
   1375.00   1383.00    5.1250
   1379.00    814.00    8.2500
   1380.00    267.00    6.0000
   1382.00   2287.00    7.7500
   1388.00   2227.00    8.7500
   1389.00   2530.00    6.7500
   1391.00    305.00    7.1250
   1403.00    423.00    8.6250
   1402.00   1324.00    7.6250
   1403.00   1655.00    6.3750
   1408.00   1727.00    8.1250
   1409.00    950.00    8.2500
   1409.00   1118.00    6.5000
   1410.00   1411.00    6.0000
   1410.00   1774.00    9.2500
   1411.00   2303.00    7.1250
   1415.00   2336.00    6.7500
   1421.00   1820.00    7.1250
   1425.00    468.00    8.5000
   1429.00   1626.00    8.0000
   1434.00   2101.00    7.8750
   1433.00    567.00    6.2500
   1434.00    611.00    6.2500
   1433.00    503.00    5.7500
   1440.00    289.00    6.8750
   1440.00    869.00    8.5000
   1442.00   1928.00    7.0000
   1443.00    791.00    8.0000
   1445.00   1990.00    9.2500
   1455.00    234.00    7.2500
   1462.00    694.00    6.3750
   1465.00   1563.00    6.2500
   1465.00    158.00   10.1250
   1472.00   1503.00    8.7500
   1476.00   2047.00    8.5000
   1478.00   1853.00    9.2500
   1479.00    636.00    5.3750
   1487.00   2110.00    7.5000
   1493.00   1350.00    8.5000
   1502.00   1661.00    8.1250
   1509.00   2438.00    7.0000
   1513.00    988.00    7.5000
   1515.00   2570.00    6.6250
   1515.00    196.00    9.0000
   1517.00    569.00    9.3750
   1518.00    933.00    7.1250
   1523.00    885.00    6.3750
   1542.00   1746.00    6.6250
   1541.00   2370.00    5.5000
   1550.00   1104.00    5.2500
   1549.00   2000.00    7.7500
   1548.00   2321.00    7.0000
   1550.00    586.00    6.1250
   1554.00   2501.00    5.6250
   1556.00    555.00    4.7500
   1579.00    753.00    8.5000
   1592.00   2075.00    6.8750
   1599.00    712.00    7.8750
   1604.00   1108.00    9.1250
   1601.00   2557.00    7.3750
   1611.00    456.00    7.2500
   1613.00   1669.00    5.6250
   1614.00   1431.00    6.8750
   1618.00   1298.00    5.0000
   1624.00   2133.00    7.1250
   1624.00   2457.00    5.1250
   1631.00   1916.00    4.7500
   1638.00   1219.00    6.2500
   1645.00    969.00    8.7500
   1641.00    424.00    5.5000
   1642.00   1568.00    6.0000
   1643.00    797.00    7.8750
   1647.00   1976.00    4.6250
   1648.00    240.00    8.2500
   1649.00    464.00    6.0000
   1655.00   2375.00    9.2500
   1656.00     30.00    6.2500
   1658.00    317.00    6.7500
   1663.00    852.00    6.3750
   1680.00   1270.00    7.1250
   1679.00   2556.00    6.8750
   1679.00    779.00    9.5000
   1686.00   1090.00    7.3750
   1687.00    979.00    6.3750
   1688.00     79.00    7.5000
   1694.00    893.00    8.0000
   1691.00   2070.00    8.2500
   1697.00    238.00    8.2500
   1700.00   2152.00    8.6250
   1708.00   2482.00    6.6250
   1705.00   1662.00    7.6250
   1711.00    419.00    6.2500
   1709.00   1550.00    7.6250
   1715.00   1317.00    7.7500
   1717.00   2453.00    6.1250
   1720.00   2556.00    5.8750
   1720.00    142.00    7.8750
   1732.00    922.00    5.6250
   1746.00   1100.00    5.3750
   1751.00   1502.00    7.3750
   1758.00   2444.00    6.6250
   1761.00    436.00    8.2500
   1768.00    583.00    7.3750
   1765.00   1291.00    7.3750
   1767.00   1193.00    8.5000
   1780.00   1848.00    7.1250
   1787.00   1070.00    6.5000
   1789.00   1484.00    6.1250
   1792.00   1905.00    8.1250
   1792.00    250.00    8.2500
   1799.00    441.00    7.3750
   1800.00   2329.00    8.3750
   1806.00   1430.00    7.7500
   1807.00    581.00    6.2500
   1808.00    736.00    5.2500
   1825.00    955.00    6.8750
   1828.00   2185.00    9.5000
   1826.00   2066.00    7.1250
   1832.00   1945.00    8.8750
   1830.00    771.00    6.0000
   1839.00    283.00    8.5000
   1837.00    638.00    8.0000
   1855.00     36.00    7.6250
   1858.00   2590.00    7.5000
   1859.00    369.00    7.1250
   1863.00   1165.00    5.8750
   1871.00    940.00    7.0000
   1870.00    416.00    5.5000
   1871.00   1130.00    5.6250
   1879.00    851.00    5.1250
   1883.00   1625.00    6.8750
   1896.00   1687.00    9.2500
   1898.00   1123.00    9.3750
   1899.00     66.00    8.7500
   1910.00   2472.00    6.6250
   1916.00    715.00    8.2500
   1916.00   1725.00    9.6250
   1918.00   2424.00    7.5000
   1922.00    246.00    9.3750
   1931.00    911.00    8.6250
   1936.00    643.00    7.8750
   1940.00    440.00    6.6250
    299.00    748.00   10.0000
     82.00    922.00   13.0000
      1.00    523.00    5.5625
      2.00    504.00    5.0370
     92.00    767.00    6.2930
     96.00    790.00    7.5000
    239.00    808.00    6.1440
    244.00    617.00    7.4630
    270.00    269.00    6.7670
    270.00    246.00    7.7475
    271.00      0.00    8.0000
    391.00     18.00   10.9565
    204.00   1014.00   10.6995
    293.00   1114.00    9.5050
     45.00   1408.00   10.0740
    440.00   1392.00    7.5000
    302.00   1372.00    8.3620
    568.00   1161.00    7.4210
    641.00   1024.00    7.2525
    639.00    880.00    5.5625
    593.00    839.00    7.2525
    529.00    518.00    7.0000
    587.00    554.00    6.5000
    647.00    647.00    8.5000
    634.00     41.00    9.5000
    781.00    287.00    7.5000
    905.00    356.00    7.4630
    865.00    129.00    7.4630
    885.00    105.00    7.1235
    975.00    619.00    5.6725
    960.00    608.00    5.2770
   1022.00    742.00    6.2930
   1029.00    721.00    6.7210
    902.00    950.00    8.5000
   1150.00    925.00    5.2770
   1165.00    926.00    5.9910
   1228.00    904.00    5.5065
   1247.00    890.00    5.9910
   1192.00    163.00    6.3420
   1195.00    132.00    5.5065
   1225.00    157.00    5.0000
   1214.00    147.00    5.5625
   1399.00    554.00    7.8665
   1553.00    409.00    9.5450
   1902.00    352.00    9.5450
   1887.00    378.00    8.2920
   1793.00    511.00    6.5555
   1772.00    540.00    8.5000
   1800.00    547.00    8.2920
   1664.00    813.00    8.2920
   1525.00    766.00    8.3950
   1529.00    741.00    7.5000
   1597.00    871.00    8.3950
   1600.00    847.00    8.7950
   1619.00    949.00   11.0000
   1651.00   1353.00   11.1250
   1812.00   1680.00   10.0000
   1887.00   1973.00    6.8830
   1811.00   2004.00    5.7335
   1827.00   1982.00    7.9275
   1872.00   1957.00    6.2960
   1591.00   2108.00    9.0000
   1526.00   2102.00    7.9275
   1494.00   2146.00    8.3435
   1699.00   2344.00    6.9530
   1770.00   2407.00    7.1585
   1664.00   2331.00    8.3435
   1577.00   2334.00    7.1585
   1213.00   2218.00    7.9275
   1432.00   1481.00    7.0000
   1414.00   1512.00    9.6845
   1296.00   1748.00    7.4885
   1255.00   2096.00    9.0655
   1027.00   1675.00    7.9275
   1076.00   2175.00    5.9000
    748.00   1382.00    6.2960
    769.00   1381.00    6.5960
    798.00   1803.00    6.2960
    773.00   1795.00    6.2960
    758.00   1780.00    7.0000
    771.00   1760.00    6.9530
    683.00   1898.00    5.9810
    694.00   1880.00    7.4885
    403.00   1467.00    8.5000
    584.00   1813.00    8.4015
     96.00   1695.00    7.9275
    120.00   1817.00    9.8820
    189.00   1768.00    7.6800
    212.00   1770.00    7.5000
    255.00   1745.00    6.9530
    251.00   1722.00    6.9530
    226.00   1943.00    8.4015
    315.00   2081.00   11.0000
    226.00   2169.00    9.5000
     37.00   2260.00    8.8500
   1806.00   1586.00    9.4545
    111.00   2500.00   10.2400
    491.00   2479.00    8.3950
    261.00   2371.00    8.2920
    571.00   2569.00   10.4885
    667.00   2588.00    8.3950
    650.00   2568.00    9.1775
    914.00   2586.00    9.5450
   1092.00   2590.00   10.2400
    869.00   1983.00   10.5700
    808.00   1941.00    7.8665
    920.00   2183.00    9.2765
