#        y         x         r
      1.00    434.00    7.0000
      1.00   1416.00    9.0000
     12.00   1889.00   11.0000
      4.00    915.00   11.7500
      7.00   1074.00   11.8750
     12.00     92.00    8.7500
     11.00    571.00    8.6250
     19.00   1514.00    9.5000
     34.00    497.00    9.2500
     37.00    744.00   11.6250
     40.00    425.00    8.7500
     45.00   2591.00    6.5000
     53.00    468.00    9.5000
     57.00    563.00    9.7500
     59.00   1777.00    8.7500
     63.00    244.00    9.5000
     73.00   1195.00    7.0000
     89.00   1406.00    7.0000
     91.00   1753.00    9.5000
     95.00    999.00    8.5000
    100.00    235.00    8.0000
    110.00   2078.00    7.6250
    117.00    443.00    7.8750
    119.00   1273.00    7.3750
    125.00    680.00    8.0000
    132.00    294.00    9.6250
    135.00   1450.00    9.6250
    140.00   1826.00    7.1250
    150.00   2022.00    6.3750
    164.00    254.00    6.7500
    162.00   1905.00    6.7500
    171.00   1965.00    8.7500
    187.00   1294.00    8.3750
    188.00   2343.00    9.0000
    190.00   2276.00    6.8750
    196.00   2079.00    8.2500
    202.00   2002.00    5.8750
    208.00   2198.00    8.1250
    214.00   1751.00    9.0000
    209.00    590.00    8.3750
    209.00    168.00    8.5000
    212.00    966.00    7.8750
    213.00    889.00    6.7500
    217.00    766.00    6.0000
    219.00   1262.00    7.3750
    228.00   2474.00    7.5000
    232.00   1659.00    7.5000
    240.00   2109.00    8.7500
    241.00   1447.00    6.6250
    246.00   1332.00    7.7500
    253.00   1184.00    8.1250
    254.00    829.00    8.5000
    253.00   2534.00    8.1250
    259.00   1252.00    8.6250
    257.00   1645.00    8.7500
    263.00   1955.00    7.2500
    268.00   1569.00    7.2500
    267.00   2487.00    7.3750
    268.00   1449.00    7.5000
    275.00    176.00    8.1250
    281.00   2513.00    6.8750
    286.00   1776.00    6.6250
    289.00    403.00    9.5000
    289.00   2328.00    8.5000
    294.00    254.00    6.5000
    296.00   1711.00    6.8750
    296.00    865.00    7.5000
    295.00   1094.00    7.1250
    299.00   1440.00    8.6250
    305.00   1034.00    6.7500
    306.00    286.00    8.7500
    306.00   1165.00    8.1250
    312.00    914.00    8.2500
    317.00   1947.00    6.8750
    320.00   2421.00    9.0000
    319.00    360.00    6.6250
    322.00    103.00    7.0000
    329.00   2478.00    6.2500
    334.00    331.00    6.6250
    335.00   1370.00    7.6250
    345.00     73.00    7.3750
    347.00   2232.00    8.6250
    353.00   1174.00    6.0000
    359.00    989.00    6.7500
    357.00    706.00    8.8750
    361.00    452.00    8.8750
    363.00   1089.00    6.3750
    370.00   2313.00    8.6250
    369.00   1610.00    8.2500
    379.00   2004.00    8.2500
    379.00    728.00    7.7500
    384.00    170.00    7.3750
    384.00   1357.00    9.1250
    385.00   2174.00    8.5000
    391.00    960.00    5.7500
    401.00   1120.00    6.8750
    404.00   1008.00    5.6250
    407.00   1540.00   10.7500
    408.00    117.00    6.1250
    409.00   1295.00    7.3750
    412.00   1227.00    9.8750
    415.00   2453.00    8.3750
    418.00    951.00    8.3750
    418.00    595.00   12.1250
    420.00   2373.00    9.1250
    420.00   2085.00    6.6250
    422.00   1341.00    7.8750
    425.00   2318.00    6.7500
    428.00   1177.00    5.5000
    427.00   1557.00    7.0000
    428.00   2209.00    8.3750
    435.00   1258.00    7.1250
    455.00   1329.00    8.5000
    455.00   1644.00    9.5000
    462.00     47.00    6.6250
    460.00    504.00    8.6250
    468.00   1933.00    5.7500
    472.00    348.00    9.3750
    475.00    975.00    8.3750
    478.00    547.00    7.7500
    480.00   1648.00    5.3750
    483.00   1057.00    6.1250
    486.00   1268.00    5.8750
    486.00    381.00   12.0000
    492.00   1707.00    5.8750
    494.00    141.00    7.8750
    494.00   1396.00    9.7500
    498.00    429.00    7.1250
    496.00    464.00    7.6250
    500.00   1003.00    8.3750
    502.00   1112.00    8.0000
    503.00   1676.00    8.7500
    511.00   1209.00    8.5000
    521.00   1846.00    6.7500
    522.00   2084.00    8.2500
    525.00   1044.00    7.5000
    534.00    621.00    8.8750
    536.00    885.00    7.6250
    534.00   1123.00    8.1250
    536.00   1741.00   10.3750
    551.00   1307.00    9.5000
    557.00   1446.00    7.3750
    559.00    218.00   11.1250
    561.00   1501.00    5.8750
    563.00   2300.00    7.5000
    564.00    855.00    8.5000
    568.00    406.00    8.2500
    572.00    134.00    7.1250
    588.00   2248.00    7.6250
    592.00   2331.00    9.2500
    589.00   1090.00    6.1250
    595.00    915.00    7.7500
    595.00    326.00    7.7500
    602.00    601.00    6.3750
    603.00   1138.00    8.8750
    604.00   1222.00    6.2500
    608.00    723.00    7.8750
    609.00   2148.00    6.3750
    617.00    981.00    8.5000
    622.00    384.00    7.5000
    631.00    289.00    9.0000
    631.00    105.00    8.6250
    631.00   1187.00    7.3750
    632.00   1392.00    4.8750
    640.00    931.00    9.0000
    645.00    705.00    7.8750
    650.00   1447.00    8.0000
    657.00   1716.00    7.7500
    661.00   1042.00    7.0000
    662.00   1122.00    9.7500
    665.00   1335.00    7.8750
    671.00   1630.00    6.6250
    678.00   1388.00    7.7500
    683.00   1663.00    8.3750
    684.00   1254.00    6.0000
    686.00   1455.00    6.8750
    688.00   2198.00    7.7500
    693.00    571.00    7.1250
    689.00   2081.00    7.1250
    693.00    245.00    9.3750
    700.00    344.00    8.2500
    704.00   1736.00    7.5000
    709.00   2253.00    7.8750
    713.00   2159.00    4.6250
    720.00    962.00    9.3750
    726.00    627.00    7.7500
    724.00   1670.00    5.6250
    735.00    592.00    8.7500
    734.00   1092.00    7.1250
    743.00   1279.00    7.5000
    755.00   1135.00    6.6250
    759.00   2075.00    6.7500
    767.00   2236.00    6.5000
    764.00   2392.00    8.6250
    762.00    611.00    7.1250
    767.00   2028.00    7.1250
    770.00   2163.00    6.0000
    777.00   1844.00    9.6250
    786.00    348.00    7.8750
    790.00   1026.00    9.2500
    788.00   2264.00    5.6250
    793.00   1743.00    5.1250
    795.00   1131.00    7.2500
    797.00    201.00    9.5000
    804.00   2053.00    6.5000
    807.00   1095.00    7.1250
    811.00    529.00    8.2500
    812.00    125.00    8.0000
    819.00   1811.00    5.6250
    822.00   2121.00    8.8750
    832.00    362.00    8.5000
    839.00   1250.00    8.0000
    842.00    256.00    8.3750
    847.00   1747.00    6.7500
    854.00   1573.00    9.8750
    854.00   1791.00    9.2500
    855.00   1497.00    6.8750
    863.00    641.00    7.6250
    866.00   1419.00    6.8750
    869.00    347.00    6.6250
    881.00   1945.00    8.3750
    882.00   2173.00    6.0000
    884.00   1047.00    7.8750
    895.00    307.00    9.3750
    896.00   1437.00    7.3750
    909.00   1199.00    6.2500
    910.00    876.00    8.7500
    920.00   1475.00    7.0000
    923.00   1508.00    5.8750
    926.00   1971.00    7.3750
    931.00    634.00    5.2500
    937.00   1078.00    8.8750
    941.00   1866.00    8.1250
    944.00   2319.00    6.8750
    945.00    578.00    8.8750
    946.00    614.00    6.6250
    950.00   2279.00    5.5000
    949.00   1520.00    7.7500
    951.00   1371.00    7.6250
    955.00    278.00    6.3750
    958.00    797.00    8.7500
    968.00   2165.00    7.8750
    977.00   2408.00    5.8750
    985.00    421.00    9.7500
    996.00   2352.00    7.6250
    990.00   1417.00    5.3750
    995.00    839.00    6.6250
   1001.00    547.00    8.8750
   1003.00   1137.00    7.6250
   1009.00   1485.00    7.5000
   1012.00    154.00    9.3285
   1012.00   1862.00    7.1250
   1020.00   1288.00    8.7500
   1020.00   2244.00   11.6250
   1022.00     17.00    5.8750
   1024.00   1105.00    7.0000
   1031.00   2439.00    7.1250
   1033.00    221.00    5.0000
   1033.00   2587.00    8.0000
   1036.00   2113.00    6.6250
   1038.00     94.00    6.0000
   1038.00   2280.00    7.3750
   1049.00    632.00   10.6250
   1052.00   2299.00    5.7500
   1053.00   2030.00    8.5000
   1053.00    729.00    9.1250
   1059.00   1435.00    6.3750
   1056.00     10.00    5.0000
   1059.00   1037.00    9.2500
   1063.00    225.00    8.0000
   1065.00   2393.00    6.2500
   1067.00   1410.00    7.1250
   1074.00   1809.00   10.0000
   1075.00    513.00    8.2500
   1089.00    869.00    5.8750
   1091.00   2050.00    9.7500
   1095.00   2407.00    5.8750
   1096.00   2588.00    5.3750
   1097.00    363.00    8.6250
   1107.00   1981.00    9.8750
   1107.00   1638.00    7.7500
   1114.00    935.00    6.5000
   1114.00   1061.00   11.0000
   1122.00    229.00    7.0000
   1127.00    898.00    8.6250
   1126.00   1842.00    9.0000
   1128.00   1234.00    7.2500
   1133.00   1434.00   12.0000
   1140.00    216.00    8.2500
   1145.00   2287.00    7.6250
   1145.00   2433.00    6.8750
   1149.00   2008.00    7.3750
   1152.00    772.00    7.8750
   1158.00   2323.00    8.0000
   1161.00    155.00    8.2500
   1158.00   1079.00    8.6250
   1168.00   1198.00    6.5000
   1172.00    486.00    9.2500
   1177.00   2500.00    7.6250
   1178.00   1333.00    6.2500
   1187.00   2054.00    8.0000
   1182.00   2146.00    7.5000
   1184.00    918.00    9.6250
   1187.00   2298.00    5.6250
   1191.00    153.00    8.7500
   1190.00   1308.00    8.7500
   1197.00    378.00    7.2500
   1198.00   1460.00    6.7500
   1216.00    886.00    6.6250
   1220.00   1795.00    9.5000
   1221.00   1906.00    6.3750
   1220.00   1971.00    6.2500
   1226.00   2198.00    8.5000
   1233.00   1862.00    6.8750
   1233.00   2590.00    4.2500
   1237.00    659.00    6.5000
   1239.00   2251.00    8.6250
   1241.00   1884.00    7.1250
   1240.00   1983.00    6.5000
   1241.00    565.00    7.3750
   1243.00    926.00    7.3750
   1255.00    208.00    5.7500
   1258.00   1453.00    7.1250
   1265.00   1186.00    6.5000
   1262.00   1333.00    8.1250
   1264.00     10.00    4.3750
   1267.00    919.00    9.7500
   1267.00   1367.00    8.7500
   1271.00     36.00    5.8750
   1271.00   1505.00    7.5000
   1275.00   1267.00    7.5000
   1282.00    848.00    6.0000
   1292.00   2077.00    4.5000
   1292.00   2426.00    5.8750
   1293.00   2512.00    7.8750
   1294.00    703.00    6.0000
   1296.00    429.00    6.6250
   1295.00    151.00    7.1250
   1296.00    783.00    7.0000
   1298.00   2221.00    6.0000
   1303.00   1375.00    7.7500
   1314.00    472.00    5.2500
   1314.00    802.00    6.1250
   1321.00   2271.00    6.2500
   1326.00   1734.00    6.7500
   1333.00   2492.00    4.5000
   1339.00    763.00    7.7500
   1339.00    242.00    7.5000
   1344.00   2330.00    5.0000
   1347.00   1049.00    9.2500
   1347.00   1877.00    7.8750
   1354.00   1562.00    6.5000
   1356.00   1728.00    9.7500
   1353.00   1183.00    6.5000
   1357.00     88.00    7.2500
   1360.00   2067.00    7.1250
   1364.00    517.00    7.2500
   1373.00   1407.00    7.1250
   1374.00    539.00    7.8750
   1375.00   2028.00    7.2500
   1380.00   2200.00    5.8750
   1392.00   1663.00   10.0000
   1389.00   2166.00    7.6250
   1390.00   1983.00    6.6250
   1393.00   1286.00    7.7500
   1402.00    560.00    8.7500
   1406.00   1019.00    5.6250
   1408.00   1558.00    6.0000
   1408.00    916.00    8.2500
   1414.00    793.00   11.7500
   1420.00   1646.00    9.7500
   1420.00   1692.00    8.5000
   1423.00   1543.00    6.5000
   1429.00   2566.00    6.8750
   1433.00   2592.00    3.7500
   1435.00   2267.00    6.1250
   1438.00    519.00    7.7500
   1437.00   1764.00    6.7500
   1444.00    674.00    6.1250
   1447.00    583.00    8.7500
   1447.00   1157.00    7.0000
   1450.00   2217.00    5.2500
   1462.00   1961.00    7.6250
   1457.00   1902.00    8.3750
   1461.00    853.00    7.5000
   1470.00    261.00    8.1250
   1472.00   2438.00    7.1250
   1475.00   1380.00    6.0000
   1483.00    120.00    6.2500
   1488.00   1879.00    6.8750
   1503.00    547.00    6.8750
   1507.00   2587.00    6.7500
   1523.00   2190.00    8.0000
   1522.00    702.00    8.1250
   1525.00    189.00    7.5000
   1525.00   1850.00    6.5000
   1529.00   1377.00    6.7500
   1534.00   2236.00    5.6250
   1537.00   2382.00    5.6250
   1547.00   1334.00    7.0000
   1545.00   1564.00    5.7500
   1549.00    994.00    7.7500
   1550.00   1806.00    7.1250
   1562.00   1429.00    6.0000
   1565.00   1638.00    7.1250
   1569.00   1402.00    9.1250
   1574.00   1986.00    6.6250
   1580.00   1149.00    7.0000
   1586.00   1026.00    6.6250
   1591.00    956.00   10.9935
   1593.00    990.00    6.2500
   1596.00   2307.00    5.3750
   1599.00    194.00    9.2500
   1612.00   1998.00    6.1250
   1615.00   1776.00    7.3750
   1614.00   2055.00    6.1250
   1618.00    839.00    7.7500
   1620.00    113.00   11.1250
   1620.00    357.00    6.1250
   1621.00    891.00    9.3750
   1624.00   1725.00    7.2500
   1626.00    557.00    7.0000
   1628.00   2156.00    8.3750
   1635.00   1919.00    6.3750
   1642.00    763.00   10.0000
   1646.00    244.00    7.8750
   1652.00   1253.00    9.5000
   1651.00   1531.00    5.6250
   1654.00    576.00    8.2500
   1658.00    119.00    6.2500
   1658.00    859.00    8.7500
   1659.00   2151.00   10.2500
   1665.00    276.00    7.7500
   1670.00   1372.00    7.5000
   1673.00   2048.00    6.7500
   1673.00    207.00    7.1250
   1680.00    591.00    7.6250
   1683.00   2087.00    7.7500
   1683.00   1839.00    7.1250
   1691.00    954.00    9.8750
   1694.00   1082.00    7.7500
   1706.00    691.00    7.7500
   1703.00    330.00    7.5000
   1710.00   1461.00    8.7500
   1721.00   1600.00    8.5000
   1721.00    596.00    8.6250
   1723.00    219.00    7.6250
   1733.00   2587.00    7.3750
   1730.00    179.00    5.6250
   1734.00   1773.00    9.1250
   1736.00   1695.00    9.7500
   1763.00   1399.00    7.7500
   1766.00    484.00    8.1250
   1774.00    633.00    6.8750
   1776.00   2551.00    7.0000
   1780.00   1614.00    7.2500
   1779.00   1974.00    7.1250
   1781.00   2514.00    7.5000
   1786.00     88.00    7.0000
   1796.00   2042.00    6.2500
   1799.00    184.00    5.7500
   1803.00    306.00    8.7500
   1806.00    634.00    6.2500
   1808.00   1078.00    9.0000
   1828.00   1467.00    7.6250
   1837.00   1155.00    7.3750
   1849.00   2447.00    7.5000
   1854.00   1020.00    8.7500
   1861.00   1299.00    5.8750
   1875.00   1567.00    8.6250
   1880.00   2040.00    8.7500
   1880.00   2079.00    6.7500
   1885.00   1752.00    8.0000
   1890.00   1775.00    5.1250
   1894.00    239.00    9.0000
   1900.00    946.00    6.8750
   1898.00   1889.00    6.7500
   1898.00   2152.00    6.6250
   1906.00   1187.00    7.3750
   1904.00   1822.00    6.1250
   1907.00   1763.00    6.5000
   1922.00    310.00    8.7500
   1922.00     91.00    9.3750
   1933.00    181.00    6.7500
   1939.00   1059.00    7.3750
   1942.00    883.00    8.2500
   1943.00    972.00    7.2500
   1943.00    625.00    7.5000
     82.00    724.00    8.9900
    166.00    627.00   10.1300
    340.00    564.00    5.5565
    358.00    563.00    5.4975
    539.00    776.00   10.2635
    540.00    665.00    9.5295
    667.00    767.00   10.2635
    633.00    837.00   11.0000
    707.00      0.00    8.7855
    152.00   1327.00   10.0000
    530.00   1277.00    7.6830
    607.00   1075.00    5.4280
    593.00   1063.00    4.4920
    597.00   1050.00    6.3530
    637.00   1328.00    4.5740
    638.00   1311.00    6.5880
    747.00   1541.00    7.0605
    871.00   1163.00    4.7270
    872.00   1143.00    6.0000
    908.00   1140.00    5.5000
    928.00   1138.00    5.6390
    919.00    954.00    6.4895
   1025.00    472.00    7.9275
   1190.00    694.00    7.1585
   1233.00    678.00    7.0905
   1210.00    659.00    5.9810
   1193.00    670.00    4.9750
   1181.00    657.00    5.6725
   1107.00    511.00    8.0000
   1086.00    675.00    9.5000
    993.00    639.00    7.2525
   1231.00    348.00    8.0000
   1256.00    357.00    7.2525
   1293.00    191.00    5.5625
   1309.00    200.00    5.9910
   1412.00      2.00    7.0360
   1516.00      0.00    6.1440
   1322.00    410.00    5.5625
   1332.00    391.00    6.4870
   1311.00    672.00    6.6750
   1300.00    650.00    7.1235
   1273.00    570.00    5.9910
   1298.00    571.00    6.1440
    992.00    909.00    7.4210
   1160.00   1034.00    6.7210
   1188.00   1007.00    6.0000
   1507.00    817.00    8.9690
   1450.00    755.00    9.0000
   1658.00    334.00    7.7475
   1501.00    404.00    8.7950
   1637.00      0.00    6.7210
   1860.00    135.00    5.6725
   1850.00    120.00    5.2770
   1869.00    112.00    6.0000
   1694.00    462.00    5.5625
   1594.00    775.00    7.9275
   1589.00    759.00    6.3420
   1804.00    855.00    7.2525
   1698.00   1019.00    6.5555
   1700.00   1000.00    6.3420
   1579.00   1101.00    7.9055
   1597.00   1041.00    5.9910
   1553.00   1131.00    7.0360
   1507.00   1335.00    6.7210
   1536.00   1250.00    5.5065
   1516.00   1243.00    5.2770
   1520.00   1225.00    6.4870
   1914.00    902.00    7.7475
   1717.00   1650.00    8.6890
     22.00   1641.00    8.2130
   1693.00   1713.00    9.9235
   1579.00   1476.00   10.2440
   1867.00   2526.00    9.2500
   1870.00   2226.00   10.2440
   1717.00   2061.00    9.6765
   1750.00   2448.00    9.6765
   1686.00   2487.00   10.2440
   1742.00   2396.00   10.2440
    956.00   1618.00    9.2705
   1129.00   1891.00    8.3950
   1503.00   1918.00    6.5960
   1527.00   1935.00    4.7850
   1531.00   1918.00    5.5000
   1549.00   1919.00    6.1440
    155.00   1721.00    7.9750
    177.00   1689.00    7.4165
    127.00   1867.00    9.2705
     49.00   1851.00   10.2400
    142.00   1972.00    9.4545
      3.00   2215.00    9.9850
    143.00   2101.00    6.5555
    148.00   2081.00    9.8330
    376.00   1819.00    8.7950
    412.00   1813.00    9.1775
    459.00   1765.00    8.4585
    457.00   1744.00    8.1085
    600.00   1839.00    9.0655
    657.00   2075.00    7.0905
    507.00   2132.00    8.4015
    474.00   2143.00    7.9275
    637.00   2411.00    6.9530
    918.00   2470.00    8.7950
    529.00   2525.00    8.4585
    854.00   2415.00    8.4585
    848.00   2372.00    8.8500
    873.00   2336.00    6.5000
    893.00   2336.00    7.9275
   1168.00   2380.00    6.2190
   1157.00   2364.00    8.1085
   1239.00   1068.00    9.3285
    431.00    830.00   11.9625
    534.00   2276.00   11.2115
    466.00   2067.00   11.2115
   1007.00     79.00   10.1240
    911.00    193.00    9.8330
