#        y         x         r
      1.00      2.00    5.1250
      2.00    161.00    8.7500
      2.00    304.00    7.5000
      1.00    529.00    8.0000
      3.00    760.00    7.1250
      1.00    780.00    4.6250
      7.00    673.00    8.1250
     10.00     78.00   11.6250
     18.00   2001.00   10.7500
     22.00    616.00    7.7500
     24.00    788.00   10.0000
     39.00    886.00    9.1250
     44.00    114.00   10.8750
     45.00   1512.00    6.3750
     47.00   1033.00    8.2500
     49.00   2015.00    7.2500
     52.00   1676.00    7.1250
     58.00   2274.00    8.5000
     57.00   1730.00    7.7500
     61.00   1281.00    4.6250
     62.00   1365.00    9.2500
     77.00   1312.00    7.8750
     85.00   1457.00    6.3750
     83.00   1999.00    8.2500
     87.00    159.00   10.0000
     91.00   2071.00    8.2500
    117.00   2155.00    7.1250
    119.00   1021.00    8.3750
    120.00   1353.00    8.6250
    123.00   1793.00    8.8750
    129.00   1185.00    6.6250
    140.00   1644.00    6.2500
    147.00   1839.00    6.8750
    162.00     24.00    8.1250
    162.00   1114.00    8.5000
    163.00   1365.00    8.3750
    163.00   1412.00    7.3750
    168.00   2327.00    7.5000
    171.00    260.00    7.2500
    171.00    463.00    9.7500
    177.00   2538.00    7.6250
    176.00    783.00    9.0000
    186.00   1547.00    7.3750
    185.00   2135.00    6.3750
    188.00    852.00    7.7500
    192.00   1852.00    7.7500
    192.00   1391.00    7.5050
    198.00   2346.00    7.5000
    220.00   1236.00    6.7500
    220.00   2515.00   10.0000
    226.00     63.00   10.3750
    226.00    761.00    9.6250
    231.00   1879.00    7.7500
    233.00   2308.00    8.7500
    238.00   2054.00    6.7500
    239.00   2204.00    6.5000
    246.00    332.00    6.3750
    248.00   1464.00    6.6250
    251.00    478.00   10.2500
    251.00   2329.00    7.6250
    254.00    393.00    6.7500
    256.00   1077.00    6.0000
    257.00   1372.00    8.5000
    259.00    749.00    7.8750
    260.00   1585.00   10.0000
    261.00   2402.00    8.1250
    265.00   2247.00    9.5000
    273.00   1254.00    6.0000
    286.00   1108.00    5.6250
    288.00   1748.00    9.5000
    288.00   2172.00    7.6250
    291.00     76.00    8.2500
    292.00   1956.00    8.5000
    299.00   2037.00    7.8750
    303.00   1492.00    6.3750
    306.00   2541.00    6.7500
    313.00     40.00   10.7500
    315.00   1429.00    8.6250
    317.00   1790.00    6.6250
    319.00   1169.00    7.3750
    324.00    884.00    8.0000
    330.00    991.00   10.5000
    332.00    601.00    8.3750
    335.00   1749.00    6.6250
    344.00   1203.00    9.7500
    350.00   2122.00    6.5000
    353.00    511.00    7.5000
    355.00    777.00    8.3750
    356.00    310.00    8.5000
    360.00   1690.00    9.5000
    364.00   1417.00    5.0000
    366.00   2298.00    6.8750
    371.00    701.00    8.6250
    373.00   1175.00    7.1250
    372.00   1343.00    7.6250
    375.00   2551.00    6.6250
    374.00   1817.00    9.5000
    377.00    189.00    9.1250
    379.00    479.00    7.0000
    380.00   2336.00    9.5000
    384.00   1763.00    7.5000
    393.00    493.00    5.8750
    393.00   1936.00    8.0000
    395.00   1870.00    7.3750
    395.00   1794.00    8.6250
    396.00   1317.00    8.1250
    400.00   1204.00    6.0000
    400.00   2514.00    6.5000
    406.00    370.00    6.7500
    406.00   1379.00    5.2500
    410.00   2097.00    7.6250
    418.00    247.00   12.1250
    421.00    836.00    7.7500
    424.00   2468.00    6.2500
    427.00   1868.00    5.1250
    429.00   1112.00    9.6250
    433.00     49.00    9.0000
    435.00   1470.00    8.2500
    437.00   2016.00    7.2500
    449.00    399.00    8.3750
    455.00   1632.00    7.5000
    455.00    882.00    8.6250
    462.00   1691.00    8.7500
    465.00    832.00    7.6250
    474.00   2395.00    8.0000
    492.00   1601.00    8.6250
    495.00   1009.00    8.1250
    502.00    640.00   10.5000
    503.00   1913.00    9.0000
    516.00    217.00    7.2500
    516.00   1424.00    9.5000
    520.00   2561.00    8.2500
    521.00   1576.00    6.2500
    522.00   2110.00    8.5000
    523.00   1545.00    7.1250
    527.00   1034.00    6.2500
    531.00    555.00    7.8750
    539.00    594.00    8.8750
    542.00   2400.00    7.6250
    547.00   1276.00    8.2500
    549.00    900.00   10.8750
    555.00    697.00   12.3750
    552.00   1843.00    9.3750
    555.00   1772.00    8.3750
    555.00   1970.00    8.5000
    566.00   2408.00    6.8750
    576.00   2591.00    6.5000
    581.00   1104.00    6.3750
    586.00   1076.00    8.0000
    586.00    588.00    8.6250
    591.00   2495.00    6.3750
    597.00    654.00    8.1250
    594.00   2460.00    6.7500
    597.00   1000.00    6.5000
    606.00    954.00    6.7500
    619.00   1479.00    9.0000
    621.00    238.00    7.8750
    624.00   2075.00    8.5000
    646.00   2431.00    8.0000
    642.00   1367.00    9.8750
    653.00     25.00    7.7500
    652.00    393.00    6.7500
    656.00    946.00    9.0000
    660.00   1165.00    9.0000
    663.00    834.00    6.1250
    670.00    514.00   10.5000
    667.00   2135.00    6.1250
    671.00    566.00    8.8750
    675.00     18.00    6.2500
    681.00   1291.00    7.3750
    680.00   1474.00    8.2500
    690.00   2471.00    7.5000
    693.00    773.00    8.4585
    693.00    988.00    6.8750
    697.00   1254.00   10.2500
    712.00    237.00    9.2500
    712.00   1352.00    7.3750
    719.00    306.00    9.5000
    718.00    655.00    7.6250
    720.00    471.00    8.7500
    722.00   2549.00    6.7500
    725.00   2455.00    6.2500
    727.00    740.00    6.8750
    737.00   1326.00   10.0000
    742.00    118.00    8.1250
    739.00   1451.00    5.3750
    744.00    902.00    8.3750
    747.00   1920.00    7.3750
    754.00    271.00    7.6250
    755.00    232.00    9.6250
    769.00   2443.00    7.5000
    770.00    700.00   10.5000
    771.00   1683.00    6.7500
    774.00    844.00    8.6250
    777.00    910.00    7.2500
    776.00   1203.00    9.0000
    777.00    123.00    8.3750
    777.00    368.00   10.0000
    784.00   2380.00    8.0000
    785.00   1554.00    7.7500
    802.00    841.00    5.0000
    807.00   2316.00    7.3750
    815.00   1326.00    6.3750
    814.00    249.00    9.1250
    815.00    992.00    9.0000
    816.00    401.00    9.0000
    819.00    150.00    8.3750
    823.00   1169.00    7.2500
    826.00   1604.00    7.5000
    836.00   2553.00    6.1250
    840.00   1658.00    7.7500
    843.00   2476.00    6.6250
    844.00    451.00    7.2500
    851.00    192.00    7.8750
    861.00   1507.00    9.7500
    869.00   1936.00    8.0000
    873.00   1289.00   10.1250
    878.00    932.00    6.6250
    881.00    426.00    8.2500
    881.00   2015.00    5.5000
    895.00    909.00    8.5000
    898.00   2519.00    7.5000
    903.00   1186.00    7.3750
    910.00   1419.00    8.7500
    910.00   2015.00    9.3750
    926.00   2041.00    7.7500
    927.00   1360.00    6.5000
    936.00   1766.00    7.1250
    940.00   1650.00    8.1250
    947.00   1914.00    6.8750
    947.00    732.00    7.2500
    953.00    433.00    8.3750
    959.00     39.00    9.3750
    958.00    106.00    9.1250
    966.00   1955.00    8.7500
    965.00   2091.00    8.3750
    969.00   2567.00    6.7500
    983.00   1428.00    7.5000
    987.00   2049.00    6.7500
    985.00   2314.00    6.3750
    986.00   2016.00    7.3750
    987.00    455.00    7.6250
    995.00     26.00    8.0000
    996.00    567.00   10.5000
    998.00   1721.00    9.2500
   1001.00   1299.00    7.7500
   1004.00   1497.00    6.3750
   1008.00   2383.00    8.8750
   1007.00   1055.00    7.5000
   1014.00   1628.00    7.7500
   1015.00   2258.00    8.0000
   1020.00   1903.00    7.7500
   1030.00   1450.00    6.1250
   1027.00    937.00    8.2500
   1034.00    117.00    6.0000
   1042.00   1082.00    7.1250
   1046.00   2322.00    6.7500
   1045.00   1680.00    8.6250
   1049.00   2098.00    7.7500
   1051.00   1840.00    5.1250
   1056.00    496.00    7.8750
   1059.00   1951.00    8.3750
   1061.00    268.00    6.7210
   1065.00    819.00    7.6250
   1067.00   1390.00    8.1250
   1073.00    780.00    6.8750
   1077.00    658.00    7.3750
   1078.00    300.00    9.3750
   1081.00   2474.00    7.7500
   1087.00     48.00    8.8750
   1093.00   2360.00    8.8750
   1096.00     77.00    6.7500
   1103.00    200.00    8.5000
   1109.00   1431.00    5.3750
   1114.00   1689.00    5.8750
   1115.00   1800.00    8.8750
   1121.00   2126.00    7.0000
   1120.00   1129.00    7.6250
   1126.00    392.00    6.3750
   1132.00   1925.00    7.8750
   1127.00   2176.00    6.2500
   1142.00   2147.00    7.2500
   1148.00   1420.00    6.7500
   1145.00   1544.00   10.5000
   1157.00    898.00    7.2500
   1165.00   1709.00    5.8750
   1169.00    248.00    7.5000
   1172.00    381.00    8.5000
   1179.00   1076.00    7.2500
   1188.00   1916.00   10.3750
   1190.00    276.00    8.3750
   1197.00   2444.00    8.1250
   1206.00   1571.00    7.0000
   1214.00   1706.00    6.5000
   1216.00   1365.00   11.2500
   1217.00    101.00    6.3750
   1217.00   1747.00    6.3750
   1223.00   2346.00    9.8750
   1233.00   1925.00    6.8750
   1239.00   2375.00    7.2500
   1248.00   1544.00    8.1250
   1247.00   1587.00    8.1250
   1250.00   1429.00    6.2500
   1252.00   2571.00    8.2500
   1256.00   2263.00    6.8750
   1259.00   1843.00    8.8750
   1262.00    683.00    8.3750
   1265.00   1287.00    7.2500
   1267.00    595.00    6.1250
   1270.00   2469.00    8.5000
   1273.00   2401.00    8.1250
   1275.00   2592.00    4.0000
   1278.00    394.00    9.2500
   1282.00   1804.00    6.0000
   1284.00    336.00    7.6250
   1283.00    767.00    7.6250
   1285.00   1116.00    7.2500
   1286.00    450.00    8.1250
   1288.00   1424.00    7.2500
   1291.00    635.00   10.1250
   1291.00    240.00    6.7500
   1293.00   1504.00    7.8750
   1297.00   1924.00    7.8750
   1304.00    277.00    8.1250
   1310.00   1164.00    6.0000
   1324.00   2355.00    8.3750
   1334.00   2155.00    7.0000
   1336.00    593.00    7.7500
   1343.00    187.00    8.0000
   1343.00   1175.00    5.2500
   1344.00   1948.00    7.3750
   1343.00    824.00    8.5000
   1344.00   1222.00    7.1250
   1360.00    644.00    7.6250
   1361.00   2354.00    6.7500
   1361.00     43.00    8.1250
   1362.00    608.00    6.6250
   1374.00    910.00    8.6250
   1377.00   1379.00   10.2500
   1386.00    306.00    8.3750
   1391.00    412.00    5.8750
   1400.00    159.00    7.0000
   1399.00    517.00    9.0000
   1409.00   1163.00    8.2500
   1413.00    785.00    8.0000
   1414.00    714.00    8.2500
   1418.00   2131.00    6.3750
   1417.00   1413.00    7.7500
   1423.00    570.00    5.3750
   1431.00   1079.00    8.1250
   1443.00    459.00    9.1250
   1445.00    251.00    6.8750
   1448.00    827.00    8.6250
   1453.00   1230.00    5.5000
   1455.00   1306.00    5.2500
   1456.00    918.00    8.5000
   1457.00    568.00    6.7500
   1477.00   1226.00    6.7500
   1477.00   1415.00    6.3750
   1482.00   2039.00    8.0000
   1482.00   1633.00    9.0000
   1490.00   1904.00    8.2500
   1491.00   1707.00    9.3750
   1493.00    420.00    7.1250
   1505.00   1750.00    6.8750
   1510.00    517.00    5.7500
   1521.00   1527.00    6.3750
   1529.00   2524.00    7.1250
   1529.00    731.00    8.6250
   1533.00   1951.00    7.3750
   1544.00    549.00   10.5000
   1550.00   1993.00    7.7500
   1548.00    328.00    7.5000
   1549.00    877.00    8.8750
   1550.00   1725.00    7.2500
   1552.00   1467.00    4.7500
   1554.00   2212.00    7.1250
   1561.00    253.00    8.7500
   1575.00    201.00   10.2500
   1580.00   1523.00   10.1250
   1586.00   1784.00    9.0000
   1609.00   1157.00    7.2500
   1605.00   2470.00    7.3750
   1608.00   1110.00    9.0000
   1613.00   1417.00    8.8750
   1616.00     78.00    7.6250
   1616.00    701.00    8.0000
   1623.00    616.00    6.6250
   1631.00   2014.00    8.0000
   1631.00   1762.00    5.7500
   1637.00    962.00    9.3750
   1655.00   1925.00    6.6250
   1667.00   1887.00    7.1250
   1665.00    978.00    8.0000
   1665.00   1745.00    6.3750
   1664.00   2047.00    8.5000
   1669.00     85.00    8.5000
   1672.00   1650.00    9.5000
   1673.00    503.00    4.8750
   1674.00    463.00    7.0000
   1681.00   1096.00    7.2500
   1690.00   2476.00    7.7500
   1693.00   1775.00    6.8750
   1697.00    434.00    5.0000
   1712.00     10.00    4.7500
   1716.00    860.00    7.7500
   1718.00   1266.00    8.6250
   1724.00    209.00    8.5000
   1732.00    887.00    8.1250
   1740.00    329.00    8.5000
   1750.00   2296.00    7.0000
   1752.00   2322.00    7.2500
   1758.00   2129.00    6.8750
   1761.00   2087.00    9.0000
   1769.00   1907.00    9.2500
   1776.00    660.00    7.8750
   1776.00    207.00    7.0000
   1777.00   2414.00    9.3750
   1781.00    366.00    5.2500
   1796.00   1686.00    7.0000
   1801.00    157.00    7.5000
   1815.00   1994.00    6.3750
   1812.00   1805.00    7.5000
   1817.00   2130.00   10.0000
   1816.00   2039.00    6.8750
   1824.00   2448.00    8.3750
   1839.00    584.00    7.5000
   1848.00    249.00    8.1250
   1851.00    383.00    8.1250
   1850.00    917.00    8.0000
   1857.00   2451.00    7.6250
   1868.00     69.00    7.6250
   1871.00   1122.00    6.6250
   1872.00   1212.00   11.6250
   1872.00    431.00    6.2500
   1874.00   1793.00    7.3750
   1878.00   1632.00    7.8750
   1880.00    588.00    8.8750
   1894.00   1348.00   10.1250
   1888.00   2483.00   10.0000
   1890.00   1389.00    7.0000
   1892.00   1951.00   10.3750
   1898.00   1171.00    7.3750
   1907.00   1695.00    5.3750
   1908.00    646.00    8.6250
   1913.00    591.00    7.7500
   1937.00    220.00    8.1250
   1943.00   2524.00    8.7500
   1939.00    295.00    8.5000
   1941.00   1611.00    8.2500
   1940.00    169.00    7.0000
    626.00   1522.00    8.5000
    773.00   1490.00    9.5000
     77.00    302.00   10.0000
    135.00    113.00   11.8725
    245.00    129.00   10.8115
    198.00    236.00   11.2020
    281.00    307.00    7.4165
    280.00    282.00    9.4545
    418.00    152.00    9.1775
    220.00    551.00   10.5700
    135.00    690.00    9.4545
    329.00    447.00   10.5000
    428.00    736.00   10.5700
    645.00    220.00    8.3950
    660.00    181.00    9.4545
    531.00    735.00   10.5700
     19.00   1141.00    7.4165
     32.00   1116.00    8.3950
    170.00   1066.00    5.2955
    163.00   1045.00    5.0620
    173.00   1036.00    6.4105
    260.00    976.00    7.7735
    192.00   1367.00    7.5210
    113.00   1484.00    5.4970
    132.00   1474.00    6.5960
    115.00   1532.00    7.5000
    148.00   1548.00    8.0000
    240.00   1615.00    6.6870
    263.00   1538.00    7.3090
    341.00   1640.00    8.5865
    391.00   1520.00    8.0635
    312.00   1240.00    6.2575
    314.00   1217.00    6.6870
    375.00   1010.00    5.4970
    389.00   1021.00    5.9205
    452.00   1362.00    7.0000
    452.00   1337.00    7.6800
    202.00   1945.00    4.9750
    190.00   1935.00    6.2930
     65.00   2307.00    7.8665
     65.00   2407.00    6.7210
     11.00   2482.00    9.0000
    330.00   2287.00    8.2130
    342.00   1902.00    7.8665
    451.00    952.00   10.5700
    544.00    447.00   10.8115
    430.00   1249.00    8.6890
    574.00   1492.00    9.2705
    613.00    985.00    9.2765
    681.00    915.00    9.7345
    616.00    762.00    6.2190
    596.00    751.00    8.0000
    614.00    732.00    7.0000
    676.00    820.00    6.9530
    698.00    812.00    7.1585
    671.00   1810.00    8.7950
    513.00   1701.00   10.1240
    652.00   1646.00    6.9530
    688.00   1784.00    9.0000
    632.00   1633.00    6.8830
    718.00   1115.00    8.7950
    604.00   1743.00   10.8165
    549.00   1130.00    8.8500
    783.00   1058.00    8.3435
    814.00    897.00    6.9530
    832.00    885.00    7.6800
    865.00    795.00    7.1585
    869.00    770.00    7.0905
    911.00    610.00    8.4015
    905.00    505.00    7.6800
    998.00    745.00    8.1085
   1015.00    765.00    6.5960
   1021.00    749.00    6.7210
    989.00    708.00    8.2130
   1027.00    274.00    5.6725
   1034.00    252.00    7.0800
   1030.00     85.00    8.5000
   1125.00    483.00    7.9055
   1161.00    520.00    9.0000
   1157.00    489.00    6.4870
   1176.00    485.00    8.0990
   1173.00    466.00    9.0000
   1056.00    860.00    6.3420
   1079.00    866.00    7.2525
   1182.00    611.00    7.4210
   1203.00    621.00    7.5000
   1297.00    970.00    6.3420
   1318.00    966.00    6.6750
   1323.00    570.00    6.4870
   1305.00    558.00    7.2525
   1302.00    307.00    5.7270
   1314.00    298.00    7.0360
   1023.00   1268.00    8.0000
   1497.00   1014.00    8.0000
   1501.00    989.00    7.9055
   1498.00    832.00    8.0990
   1437.00    977.00    6.7490
   1432.00    961.00    5.6390
   1448.00    949.00    5.5000
   1706.00    671.00    5.6010
   1715.00    658.00    7.5000
   1797.00    552.00    8.0000
   1590.00    522.00    7.8935
   1562.00    448.00    6.4565
   1756.00    285.00    9.0000
   1663.00    162.00    8.0020
   1549.00     97.00    8.0000
   1584.00     41.00    7.6450
   1533.00     45.00    5.2850
   1511.00     41.00    6.2190
   1501.00    109.00    3.5000
   1793.00     63.00    7.4165
     62.00   1392.00    6.4870
   1564.00   1265.00    5.5625
   1558.00   1251.00    6.0000
   1713.00   1454.00    5.8635
   1729.00   1442.00    6.5555
   1822.00   1391.00    6.9685
   1762.00   1706.00    7.0605
   1687.00   1746.00    6.1845
    785.00    747.00    9.7305
    812.00    563.00    8.9690
    905.00    766.00    8.5090
   1331.00   1319.00    7.8665
   1218.00   1476.00    7.0360
   1244.00   1475.00    6.3420
   1071.00   1573.00    5.2770
   1077.00   1557.00    7.0000
    620.00   1813.00    8.1085
    808.00   2043.00   10.2660
    313.00   1882.00    6.9530
    317.00   1859.00    7.6800
    450.00   2110.00    9.6845
    577.00   2114.00    8.3435
    437.00   2279.00   10.5000
    604.00   2202.00    7.6800
    597.00   2179.00    7.5000
    560.00   2297.00   10.4525
    620.00   2334.00    9.3285
    732.00   2376.00   10.5000
    761.00   2261.00    6.9530
    764.00   2239.00    7.9275
   1056.00   2521.00    7.4885
   1558.00   2504.00    7.0905
   1389.00   2014.00    7.9275
   1593.00   1927.00    8.7950
   1434.00   2242.00   10.0280
   1560.00   2165.00    9.0655
   1618.00   2075.00    7.0905
   1280.00   2537.00    8.9040
   1464.00   2430.00    6.5960
   1495.00   2435.00    7.2525
   1462.00   2407.00    5.9910
   1596.00   2415.00    7.2525
   1591.00   2310.00    8.3620
   1638.00   2188.00    6.1440
   1657.00   2184.00    5.6725
   1662.00   2455.00    6.3420
   1695.00   2553.00    7.2525
   1721.00   2540.00    8.5000
   1753.00   2451.00    9.0000
   1833.00   2588.00    7.4210
   1854.00   2567.00    9.0000
   1868.00   2540.00    7.2525
   1896.00   2549.00    8.5000
   1729.00   2374.00    8.2130
   1731.00   2185.00    7.7475
   1732.00   2147.00    7.5000
   1862.00   2204.00    8.9000
   1841.00   2053.00    7.7475
   1856.00   2026.00    7.2525
   1908.00   2202.00    6.7670
   1900.00   2277.00    5.5625
   1914.00   2291.00    5.5625
    173.00   2582.00    9.0000
    806.00   1957.00   11.2020
    826.00   1428.00   14.1815
   1140.00   2058.00    8.9845
