#        y         x         r
      2.00   1348.00    6.8750
      3.00   1857.00    7.7500
      2.00   1968.00    7.2500
      2.00   2561.00    6.1250
     30.00    180.00    7.0000
     42.00   1116.00    7.2500
     53.00    778.00    8.2500
     55.00   1735.00    5.8750
     57.00   1932.00    7.0000
     61.00    372.00    8.1250
     63.00   1789.00    8.8750
     65.00    163.00    9.0000
     71.00    659.00    7.0000
     91.00   1663.00    7.3750
     89.00   1731.00    8.1250
     91.00    624.00    8.5000
     91.00    190.00    7.7500
     97.00    294.00    8.7500
     99.00   2217.00    7.6250
    101.00   1029.00    8.7500
    106.00   2055.00    5.7500
    105.00    726.00    8.0000
    107.00    100.00    9.3750
    120.00   1049.00    7.5000
    121.00    445.00    6.7500
    128.00   1180.00    7.2500
    139.00   2364.00    7.5000
    140.00   2004.00    8.0000
    149.00   1383.00    8.1250
    151.00    304.00    8.5000
    156.00   1200.00    6.5000
    156.00   2160.00    7.1250
    155.00   1834.00    8.1250
    161.00   1157.00    7.7500
    164.00   1335.00    8.5000
    165.00    206.00    9.0000
    170.00   1922.00    6.2500
    169.00   1659.00    8.1250
    182.00   1764.00    9.0000
    191.00    444.00    7.7500
    192.00    623.00    6.6250
    200.00   1875.00    8.2500
    202.00    223.00    4.6250
    201.00   1098.00    8.2500
    207.00   1437.00    7.7500
    206.00    360.00    9.2500
    220.00    254.00    7.2500
    225.00   2368.00    9.1250
    227.00   1971.00    8.0000
    232.00   2586.00    7.5000
    232.00   1755.00    7.6250
    237.00    491.00   11.7500
    252.00    799.00    7.5000
    257.00   1472.00    6.1250
    260.00   1509.00    7.3750
    271.00    173.00    7.8750
    273.00   2433.00    6.2500
    271.00   2357.00    6.6250
    280.00   2124.00    8.0000
    286.00   1283.00    7.5000
    289.00    594.00    5.8750
    290.00   1690.00    8.9040
    299.00   1126.00    8.3750
    298.00   2005.00    8.3750
    298.00   2478.00    8.8750
    304.00   1765.00   12.1630
    310.00    667.00   10.3750
    316.00   1290.00    6.7500
    315.00   1021.00    8.8750
    316.00   2249.00    6.6250
    322.00    373.00    7.7500
    324.00   2221.00    6.1250
    328.00    709.00    7.6250
    337.00    189.00    8.2500
    336.00   1462.00    6.3750
    347.00   2059.00    8.3750
    354.00   1724.00    7.1250
    354.00   1898.00    7.6250
    357.00   1386.00    7.1250
    364.00    106.00    7.2500
    366.00    538.00    7.3750
    365.00    963.00    6.7500
    365.00    883.00    9.8750
    381.00   2469.00    6.0000
    385.00    205.00    9.2500
    384.00   1330.00    7.8750
    385.00    502.00    7.0000
    388.00   2534.00    8.1250
    387.00    559.00    7.6250
    391.00   1834.00    9.2500
    400.00   2345.00    7.1250
    403.00     78.00    6.6250
    404.00    453.00    8.0000
    410.00   2114.00    7.6250
    413.00   2404.00    7.8750
    413.00    777.00    7.5000
    424.00    999.00    6.6250
    427.00   1336.00    6.7500
    438.00   1394.00    7.2500
    439.00    170.00    9.1250
    444.00     25.00    6.7500
    445.00    609.00    9.7500
    449.00   1637.00    8.7500
    450.00   1051.00    8.3750
    449.00    468.00    8.5000
    453.00    116.00    6.8750
    458.00    960.00    7.1250
    458.00   1202.00   10.1250
    458.00   1701.00    9.0000
    467.00   2577.00    7.1250
    470.00   1576.00    7.0000
    490.00   1955.00    9.3750
    498.00    374.00    8.0000
    502.00   2545.00    8.2500
    503.00   1147.00    9.6250
    506.00    151.00    8.7500
    509.00   2213.00    7.1250
    509.00   2583.00    6.5000
    524.00    831.00    8.3750
    527.00    893.00    6.6250
    532.00   1993.00    7.1250
    545.00   1923.00    9.3750
    549.00    644.00    8.8750
    557.00   1619.00    7.2500
    558.00    912.00    7.7500
    559.00    585.00    9.5000
    561.00   1005.00    9.1250
    569.00   1682.00    7.1250
    573.00   1786.00    7.6250
    580.00   1128.00    8.6250
    582.00   2575.00   10.1250
    581.00   1276.00    7.5000
    586.00   1729.00    6.6250
    588.00   2298.00    8.2500
    601.00   1673.00    8.2500
    609.00   1907.00    8.5000
    618.00    159.00    8.1250
    622.00   2235.00    8.2500
    628.00    985.00    9.8750
    630.00    265.00    7.0000
    632.00   1128.00    6.5000
    637.00    394.00    7.1250
    638.00   2507.00    8.8750
    638.00    338.00    7.8750
    643.00   1031.00    8.8750
    653.00    258.00    8.5000
    653.00   2389.00    7.5000
    657.00     66.00    9.6250
    667.00   1950.00    6.7500
    666.00   1674.00    8.5000
    670.00   1613.00    7.6250
    672.00   1980.00    7.5000
    675.00    141.00    8.0000
    677.00    870.00    6.1250
    680.00    817.00    6.6250
    682.00    219.00    9.8750
    688.00   2284.00    7.5000
    690.00   1075.00    6.8750
    692.00    325.00    6.5000
    697.00   2443.00    6.1250
    703.00    662.00    5.1250
    705.00    562.00    9.2500
    709.00   2013.00    6.8750
    712.00   2172.00    9.6250
    713.00    963.00    9.2500
    714.00   2420.00    8.2500
    719.00   1108.00   11.3750
    721.00     79.00    9.0000
    735.00   2298.00    6.2500
    741.00    380.00    6.1250
    740.00    722.00    7.7500
    744.00    883.00    9.6250
    746.00   1646.00    7.0000
    749.00   1557.00    9.0000
    748.00   2507.00    7.8750
    750.00    344.00    9.1250
    758.00   2131.00    9.3750
    760.00    236.00   10.0000
    769.00   1106.00    5.1250
    786.00    491.00   10.3750
    791.00    803.00    6.3750
    793.00   2113.00    6.8750
    805.00   1505.00    8.0000
    816.00    697.00   10.0000
    817.00   2298.00    7.1250
    824.00   1462.00    8.6250
    828.00    966.00    6.6250
    830.00    113.00    6.7500
    830.00   1487.00    5.8750
    835.00   1131.00    7.5000
    838.00   1924.00    6.2500
    843.00   2482.00    8.5000
    856.00    386.00    9.5000
    857.00    328.00    7.3750
    859.00   2265.00    9.0000
    861.00   1915.00    6.6250
    864.00   2425.00    5.8750
    872.00   1572.00    7.2500
    876.00    283.00    7.3750
    881.00   1443.00    9.1250
    886.00   1332.00    4.6250
    884.00   1511.00    5.5000
    888.00   1126.00    7.8750
    894.00   1488.00    7.0000
    899.00   1276.00    7.7500
    901.00   1329.00    7.6250
    905.00   1387.00    9.8750
    907.00   2104.00    9.3750
    915.00     58.00    7.1250
    921.00    288.00    7.0000
    926.00   1958.00    8.3750
    931.00   2522.00   10.9935
    933.00   2590.00    7.2500
    955.00   2196.00    8.3750
    954.00   1036.00    7.0000
    957.00   1122.00    8.2500
    963.00   1553.00    8.6250
    963.00   2334.00    8.2500
    965.00    950.00    7.6250
    970.00   2393.00    5.6250
    972.00   1057.00    7.8750
    974.00   1759.00    8.2500
    977.00    641.00    7.1250
    977.00   1588.00   10.0000
    986.00     65.00   10.8750
    985.00   1200.00    9.0000
    999.00    240.00    8.7500
   1001.00   2123.00    9.1250
   1001.00   1727.00    7.8750
   1004.00   1984.00    6.1250
   1006.00   1438.00    5.7500
   1006.00   2284.00    9.1250
   1010.00   1117.00    8.1250
   1017.00   1358.00    6.6250
   1024.00    896.00    8.3750
   1025.00    999.00    9.3750
   1025.00   2174.00    7.0000
   1034.00   1178.00    9.1250
   1033.00    475.00    8.5000
   1033.00   2330.00    7.5000
   1033.00    834.00    9.7500
   1037.00    743.00    8.6250
   1045.00   2146.00    6.5000
   1054.00   1252.00    9.0000
   1059.00   1467.00    7.6250
   1068.00   1845.00    8.0000
   1073.00     53.00    9.3750
   1079.00   1219.00    8.8750
   1079.00    899.00    7.6250
   1094.00   2174.00    7.1250
   1094.00   2210.00    6.5000
   1097.00   1500.00    7.6250
   1109.00   1204.00    6.0000
   1112.00   1728.00    7.0000
   1132.00   1873.00    8.6250
   1138.00   2579.00    7.7500
   1145.00    325.00    8.3750
   1144.00    461.00    6.7500
   1145.00   2268.00   10.7500
   1146.00    717.00    7.5000
   1151.00    126.00    6.0000
   1157.00    435.00    7.7500
   1166.00    931.00    9.7500
   1166.00   1070.00    6.7500
   1165.00   1199.00    8.0000
   1168.00   2371.00    6.5000
   1168.00    362.00    8.0000
   1188.00   1613.00    6.6250
   1188.00    313.00    6.6250
   1190.00   1042.00    9.0000
   1192.00   2330.00    6.5000
   1198.00   2546.00    8.3750
   1192.00   1185.00    7.8750
   1193.00   1761.00    9.3750
   1208.00   1472.00    8.7500
   1210.00   1132.00    8.5000
   1214.00    406.00    5.7500
   1217.00    318.00    4.8750
   1218.00   1628.00    6.5000
   1219.00    381.00    5.8750
   1224.00   2124.00    6.3750
   1231.00    796.00    7.6250
   1230.00    143.00    7.7500
   1233.00   1809.00    7.5000
   1239.00   2309.00    6.8750
   1238.00     83.00    6.6250
   1238.00   2202.00    5.7500
   1243.00   2109.00    7.1250
   1246.00   1592.00    7.8750
   1249.00   1512.00    5.6250
   1253.00   1837.00    8.7500
   1251.00    800.00    7.0000
   1261.00   2196.00    9.8330
   1267.00   2336.00    9.3750
   1267.00    200.00    6.0000
   1273.00    178.00    8.6250
   1274.00   1776.00    8.5000
   1276.00   1365.00    8.3750
   1277.00    720.00    7.2500
   1278.00    445.00    7.6250
   1280.00   1062.00    8.1250
   1280.00    942.00    8.0000
   1284.00    368.00    8.0000
   1293.00   1211.00    7.3750
   1290.00   2417.00    6.3750
   1294.00   2311.00    9.0000
   1295.00   1864.00    8.2500
   1296.00    281.00    6.8750
   1297.00   2465.00    7.1250
   1302.00    964.00    5.5000
   1308.00   1478.00    8.2500
   1310.00   2379.00    8.1250
   1321.00   1067.00    7.3750
   1325.00    722.00    8.6250
   1337.00     46.00    9.3750
   1337.00   1845.00    5.8750
   1340.00   1248.00    7.3750
   1343.00    757.00    7.8750
   1345.00   2084.00    6.6250
   1351.00   1037.00    8.8750
   1356.00    294.00    8.1250
   1357.00   1315.00    5.8750
   1374.00    165.00    8.1250
   1392.00   2036.00    9.8750
   1394.00    214.00    7.7500
   1398.00   1066.00    8.2500
   1402.00   1327.00    7.2500
   1406.00   1429.00    7.5000
   1407.00     92.00    9.2500
   1409.00   1205.00    8.3750
   1411.00   1375.00    5.5000
   1408.00   2190.00    6.2500
   1416.00    676.00    6.1250
   1419.00   1446.00    6.3750
   1419.00    319.00    8.5000
   1424.00    913.00    7.0000
   1420.00   1528.00    9.1250
   1422.00   1557.00    6.5000
   1427.00   1169.00    7.7500
   1431.00   1000.00    7.6250
   1432.00   2592.00    4.7500
   1438.00   1079.00    8.1250
   1452.00   1210.00   11.2500
   1457.00    748.00    8.0000
   1457.00    864.00    5.7500
   1460.00    530.00    5.0000
   1466.00     59.00    9.3750
   1469.00   2525.00    7.1250
   1472.00   1282.00    6.7500
   1477.00    303.00    6.6250
   1477.00    891.00    7.5000
   1479.00   1026.00    9.5000
   1480.00   2046.00    8.1250
   1485.00   1432.00    6.5000
   1504.00   1075.00    7.1250
   1507.00    605.00    4.7500
   1507.00   1356.00    5.3750
   1510.00   1744.00    6.5000
   1521.00    247.00    9.2500
   1524.00   1526.00    6.3750
   1524.00   2347.00    4.5000
   1528.00   1182.00    9.0000
   1530.00   1487.00    6.6250
   1534.00    472.00    9.1250
   1541.00   2346.00    5.7500
   1545.00    200.00    9.6250
   1550.00   2203.00    9.5000
   1550.00    718.00    6.1250
   1550.00   2119.00    8.8750
   1553.00    689.00    6.0000
   1555.00     18.00    7.0000
   1555.00     56.00    7.2500
   1560.00   2504.00    8.8750
   1569.00   1607.00    6.8750
   1570.00   1101.00    9.0000
   1575.00    387.00    7.5000
   1580.00   1347.00    6.7500
   1578.00   2023.00    7.6250
   1579.00   2460.00    6.7500
   1580.00   1531.00    6.6250
   1580.00    287.00    6.2500
   1582.00    533.00    7.3750
   1581.00     23.00    7.6250
   1584.00   1633.00    7.2500
   1588.00   1738.00    9.5000
   1591.00   1976.00    6.1250
   1591.00   1946.00    7.7500
   1597.00   1190.00    4.6250
   1599.00     46.00    8.8750
   1606.00    137.00    9.1250
   1606.00    784.00    8.2500
   1619.00   1997.00    5.8750
   1623.00    354.00    8.1250
   1624.00    908.00    7.8750
   1632.00   1284.00    5.5000
   1631.00   1099.00    3.8750
   1636.00   1086.00    8.5000
   1638.00    145.00    6.2500
   1637.00    294.00    7.1250
   1643.00    105.00    7.7500
   1651.00   1020.00    7.3750
   1655.00    463.00    8.0000
   1658.00   2347.00    7.7500
   1657.00   2413.00    7.0000
   1657.00   2034.00   10.7500
   1674.00    243.00    8.2500
   1678.00   1197.00    6.8750
   1679.00    556.00    8.5000
   1688.00    294.00    7.7500
   1692.00    814.00    6.5000
   1696.00   1516.00    6.3750
   1704.00   1066.00    7.3750
   1704.00   1571.00    8.0000
   1708.00   1683.00    7.1250
   1712.00   2212.00    8.1250
   1720.00   2422.00    7.2500
   1718.00   1245.00    7.7500
   1727.00    871.00    7.3750
   1735.00   2178.00    6.8750
   1739.00   1985.00    8.6250
   1741.00    115.00    8.1250
   1740.00    808.00    8.2500
   1744.00   2385.00    6.2500
   1756.00   1401.00    7.3750
   1756.00   1523.00    5.8750
   1766.00    409.00    8.1250
   1772.00   2078.00    5.7500
   1774.00   1204.00    8.1250
   1780.00   2165.00    7.1250
   1780.00    527.00    8.3750
   1787.00   2458.00    8.2500
   1789.00    860.00    8.2500
   1795.00   2185.00    6.5000
   1814.00    394.00    7.6250
   1821.00    649.00    6.5000
   1822.00   2528.00    6.6250
   1826.00   1755.00    9.6250
   1823.00   2095.00    8.0000
   1825.00   2437.00    9.1250
   1825.00    786.00    6.3750
   1828.00    451.00    7.0000
   1831.00    930.00    6.8750
   1832.00   1376.00    7.8750
   1844.00    129.00    6.7500
   1837.00   1525.00    6.6250
   1840.00   1102.00    6.8750
   1846.00   2577.00    9.0000
   1847.00    775.00    7.3750
   1849.00   2309.00    7.5000
   1854.00    642.00    9.2500
   1857.00    214.00    7.6250
   1861.00   1703.00    6.7500
   1875.00   2163.00    5.7500
   1879.00    433.00    8.0000
   1883.00   1567.00    5.8750
   1881.00   1772.00    9.2500
   1884.00   2136.00    8.5000
   1887.00    693.00    9.8750
   1893.00   2291.00    6.8750
   1904.00    405.00    5.7500
   1911.00   2037.00    5.8750
   1919.00    548.00    9.7500
   1922.00   2366.00    8.2500
   1920.00   1585.00    8.5000
   1929.00   2465.00    9.8750
   1932.00   2194.00    6.7500
   1934.00   1458.00    5.7500
   1943.00    139.00    7.3750
   1943.00   1790.00    8.5000
   1940.00   1351.00    8.5000
   1941.00   1396.00    7.1250
   1944.00    294.00    5.3750
    901.00   1163.00   10.5000
     31.00    246.00   10.4775
    128.00    248.00    8.9845
     95.00    431.00    8.9845
    102.00    879.00    6.3530
     80.00    867.00    8.9845
    189.00    492.00   10.1645
    210.00    859.00    9.2500
    284.00   1064.00    7.1875
    285.00   1035.00    8.9845
    265.00    682.00    6.6705
    274.00    659.00    7.5000
    426.00    503.00    8.9845
    418.00    294.00    8.5235
    490.00    311.00    9.1625
    455.00    276.00    7.7285
    433.00    264.00    8.0360
    358.00      6.00   10.2440
    401.00      4.00    8.9845
    551.00    445.00   10.2440
    608.00    770.00    9.2500
    621.00    721.00   10.4775
    660.00    704.00    5.8060
    651.00    690.00    7.8490
    849.00    667.00    7.1875
    875.00    659.00    8.1355
    942.00    898.00    7.7285
    923.00    879.00    9.2500
    627.00      1.00    9.9235
    761.00     44.00    7.4085
    775.00     22.00    7.7285
    797.00      6.00    7.7285
    823.00     45.00    6.8720
    836.00     30.00    8.0000
    984.00      1.00    7.6830
    932.00    567.00    6.0270
    925.00    549.00    7.8580
   1107.00    178.00    7.6830
   1011.00    694.00    9.5295
   1211.00    467.00    8.7855
   1218.00    425.00    7.4425
   1151.00    780.00    8.9900
   1371.00    623.00    7.2575
   1441.00    490.00    8.1975
   1500.00    337.00    7.8580
   1861.00    387.00    7.2575
   1887.00    493.00    6.6705
   1451.00    804.00    8.0860
   1922.00    832.00    5.5565
   1912.00    818.00    5.5565
   1893.00    815.00    6.1020
   1782.00    892.00    7.2575
   1782.00   1048.00    8.1975
   1893.00   1624.00    5.5565
   1903.00   1607.00    6.8720
   1821.00   1477.00    8.7950
   1642.00   1160.00    7.0905
   1625.00   1133.00    7.1585
   1648.00   1127.00    6.9530
   1437.00    895.00    7.0905
   1427.00    870.00    7.0905
   1164.00   1227.00    7.0905
   1394.00   1613.00    7.6800
   1141.00    985.00   10.9935
   1082.00   1103.00    9.7345
   1058.00    962.00    9.2765
    993.00    472.00    9.2765
    830.00   1353.00    7.9750
    781.00   1257.00    8.4015
    999.00   1768.00    6.8830
   1019.00   1762.00    8.3435
    907.00   1691.00    7.6800
    928.00   1687.00    7.4885
    913.00   1658.00    9.0655
    956.00   1654.00    7.9275
    987.00   1652.00    8.4585
    746.00   1736.00    7.9275
    761.00   1725.00    7.9275
    747.00   1526.00    7.4885
    466.00   1267.00    8.4015
    492.00   1530.00    7.1585
    515.00   1524.00    7.1585
    376.00   1198.00   10.6360
    358.00   1459.00    6.9530
    378.00   1438.00    7.4885
   1381.00   1204.00    8.1085
   1886.00   1933.00    8.7950
   1729.00   1872.00   10.9935
   1872.00   2521.00    7.9275
   1760.00   2389.00    7.0905
   1764.00   2283.00    8.1085
   1766.00   2218.00    6.9530
   1688.00   2352.00    8.1085
   1487.00   2484.00    9.2765
   1495.00   2431.00    8.1085
   1408.00   2397.00    7.4885
   1434.00   2356.00    5.7335
   1413.00   2340.00    6.9530
   1413.00   2289.00    7.6800
   1438.00   2262.00    8.0000
   1487.00   2181.00    7.4885
   1390.00   2146.00    7.6800
   1442.00   2090.00    7.5000
   1477.00   1984.00    5.9910
   1479.00   1964.00    6.3420
   1286.00   2081.00    7.0905
   1265.00   2073.00    7.4885
   1155.00   2096.00    7.0905
   1162.00   2069.00    6.9530
   1210.00   2306.00    6.5960
   1286.00   2553.00    7.9275
   1123.00   2488.00    7.6800
   1056.00   2527.00    6.9530
   1049.00   2505.00    7.9275
   1054.00   2474.00    9.0000
   1015.00   2482.00   10.2660
    999.00   2230.00    8.3435
    993.00   2201.00    7.9275
    985.00   2159.00    7.4885
    877.00   2557.00    7.8665
    793.00   2478.00    8.4585
    714.00   2452.00    8.5000
    765.00   2075.00    8.1085
    763.00   1967.00    7.9275
    795.00   1892.00    8.5000
   1221.00   2012.00    9.5450
   1032.00   1857.00    9.4545
    386.00   1370.00   11.1250
    590.00   1446.00   10.8115
    539.00   2095.00    8.2920
    554.00   2073.00    8.3950
    705.00   1886.00    6.8830
    730.00   1874.00    5.7335
    712.00   1863.00    7.9275
    397.00   1914.00    8.4585
    250.00   1845.00    7.9750
    236.00   1826.00    7.6800
    228.00   1805.00    7.4885
     39.00   2549.00    9.2765
    140.00   2496.00   10.2660
    193.00   2482.00    9.2765
    201.00   2458.00    7.9275
     57.00   2309.00    7.6800
     65.00   2285.00    8.4585
    719.00   2342.00   12.0875
   1815.00   1530.00    8.1085
   1636.00   2466.00   14.3170
   1668.00   1892.00   12.5925
   1479.00   1766.00   14.1815
   1916.00   1176.00   11.9625
    358.00   1581.00   12.5925
     36.00   2151.00   12.5925
    288.00   2210.00   13.9060
    877.00   1864.00   12.4380
   1738.00    248.00   12.4380
   1121.00   1628.00   12.5925
   1310.00   1707.00   13.9060
