#        y         x         r
      2.00   1553.00    9.3750
      1.00   1641.00    8.2500
      2.00   2386.00    9.1250
     14.00    496.00    6.8750
     27.00   1846.00    8.1250
     27.00    113.00    8.7500
     32.00   2093.00    8.1250
     31.00   2180.00    8.8750
     39.00   2469.00    8.5000
     42.00    335.00   10.0000
     44.00    432.00    6.3750
     49.00   1284.00    7.8750
     52.00   1578.00    8.2500
     52.00   1990.00    7.6250
     55.00   1917.00    8.8750
     60.00   2236.00    7.7500
     60.00    628.00    8.2500
     60.00   2351.00    7.5000
     64.00   1510.00    7.7500
     62.00    760.00    9.8750
     68.00    401.00    8.8750
     78.00   1019.00    7.2500
     86.00   1619.00    9.7500
     90.00   1838.00    9.6250
     92.00     39.00    5.8750
    107.00   1011.00    7.8750
    102.00   1745.00    8.2500
    105.00    534.00    8.3750
    109.00    705.00    6.7500
    112.00   1237.00    7.9210
    114.00   1181.00    9.2500
    113.00   1424.00    8.3750
    125.00    729.00    6.8750
    138.00    116.00    8.6250
    143.00    390.00    6.2500
    147.00   1093.00    7.1250
    148.00    523.00   10.7500
    147.00   2342.00    7.2500
    149.00   1482.00   10.6250
    150.00   2310.00    7.0000
    150.00   2102.00    9.3750
    151.00   2553.00    6.6250
    156.00    591.00   11.1250
    158.00   1245.00    6.5000
    167.00    931.00    8.6250
    170.00    136.00    6.1250
    171.00   2160.00    6.3750
    174.00    625.00    7.3750
    182.00   2056.00    8.7500
    185.00   1537.00    9.1250
    193.00    943.00    7.0000
    197.00    906.00    8.3750
    199.00   2297.00    7.6250
    201.00    252.00    6.0000
    203.00   2519.00    8.0000
    205.00    389.00    8.7500
    205.00   1111.00    6.2500
    209.00   1633.00    7.6250
    211.00   2191.00    9.3750
    214.00     93.00    6.6250
    215.00   1457.00    8.5000
    221.00   2536.00    6.6250
    224.00   2366.00    6.2500
    226.00   2279.00    8.8750
    238.00   1268.00    8.5000
    239.00   1862.00    7.5000
    244.00   2338.00    8.1250
    248.00   2584.00    7.6250
    251.00   1772.00    7.5000
    254.00    323.00   10.1250
    255.00    520.00    7.1250
    264.00    477.00   11.1250
    277.00    159.00    7.1250
    283.00    961.00    8.8750
    292.00     96.00    7.3750
    298.00   1725.00    8.1250
    302.00    160.00    9.2500
    308.00   1350.00    7.3750
    313.00   1762.00    7.8750
    314.00   1869.00    8.1250
    316.00    598.00    8.5000
    318.00   2036.00    7.8750
    321.00   1167.00    6.1250
    323.00    409.00    6.3750
    329.00    498.00    9.6250
    329.00   1710.00    7.7500
    329.00   2352.00    7.5000
    331.00     94.00    9.7500
    336.00    628.00    7.0000
    343.00      6.00    4.1250
    344.00    902.00    8.0000
    345.00   1266.00    8.2500
    348.00   1173.00    8.6250
    357.00   2282.00    7.8750
    359.00   1355.00    7.3750
    374.00    638.00    8.1250
    374.00   1637.00    7.7500
    378.00    312.00    6.2500
    386.00    139.00    6.6250
    387.00   2035.00    6.6250
    392.00   2160.00    7.8750
    395.00    572.00    7.8750
    403.00   1778.00    8.3750
    407.00   1652.00    7.3750
    408.00    895.00    8.1250
    413.00   1101.00    7.3750
    415.00   1205.00    9.3750
    423.00    195.00    8.5000
    428.00   2277.00    6.5000
    431.00   1499.00    9.0000
    437.00   2132.00    7.0000
    437.00   1257.00    7.2500
    438.00    282.00    7.5000
    439.00   2247.00    8.2500
    440.00    359.00    8.1250
    447.00    907.00    7.1250
    450.00   1440.00    8.3750
    459.00    646.00    7.5000
    470.00     65.00    6.5000
    472.00   1148.00    6.5000
    472.00   1452.00    5.8750
    474.00   1908.00    8.2500
    477.00    288.00    7.2500
    476.00   1581.00    8.5000
    490.00   2047.00   11.3750
    488.00    633.00    9.5000
    495.00   1340.00    9.5000
    514.00   1523.00    9.3750
    515.00   1230.00    7.7500
    521.00    664.00   10.3750
    520.00   2106.00    9.0000
    523.00     67.00    6.8750
    535.00   2391.00    6.0000
    535.00    316.00    6.6250
    536.00    370.00   10.1250
    553.00    718.00    8.0000
    554.00   2217.00    7.6250
    555.00   2268.00    7.0000
    564.00    129.00    9.3750
    562.00   1799.00    7.3750
    563.00    623.00   10.6250
    563.00    777.00    8.5000
    570.00   2341.00    7.2500
    571.00   1958.00    8.2500
    583.00    870.00    8.3750
    585.00   2121.00    6.2500
    586.00    658.00    8.8750
    588.00   2485.00    7.5000
    592.00   1024.00    7.2500
    598.00     49.00    6.8750
    597.00    129.00    8.2500
    597.00   1679.00    7.1250
    601.00   1364.00    5.6250
    608.00   1963.00    6.5000
    611.00   2072.00    7.8750
    611.00   1424.00    4.6250
    612.00   1644.00    7.0000
    613.00   2117.00    6.7500
    614.00    644.00    7.1250
    619.00   1920.00    8.3750
    620.00   2278.00    7.1250
    634.00     17.00    7.8750
    633.00    473.00    5.8750
    637.00    676.00    8.6250
    641.00   1258.00    6.5000
    642.00   1631.00    6.2500
    646.00   1119.00    6.1250
    652.00    992.00    7.2500
    660.00   2208.00    8.7500
    463.00    829.00    4.8750
    670.00   1155.00    6.2500
    667.00   1844.00    9.0000
    673.00   1038.00    5.0000
    673.00    569.00    7.3750
    676.00   1001.00    6.2500
    680.00   1119.00    8.8750
    678.00   1426.00    4.8750
    680.00   1072.00    6.6250
    687.00   1639.00    6.1250
    693.00   1419.00    6.2500
    703.00   1617.00    6.1250
    715.00   1431.00    6.7500
    720.00    487.00    8.2500
    721.00   1218.00    7.5000
    722.00    261.00    7.5000
    732.00   1890.00    6.3750
    747.00    877.00    6.6250
    748.00    759.00    6.6250
    747.00   1319.00    8.3750
    747.00    341.00   10.0000
    761.00    981.00    6.7500
    761.00   1569.00    9.5000
    766.00    448.00    6.5000
    768.00   1017.00    6.8750
    774.00    753.00    9.0000
    777.00    314.00    6.7500
    779.00    560.00    7.0000
    787.00   2156.00    9.3750
    795.00   1937.00    8.5000
    795.00    835.00    6.5000
    798.00   2360.00    7.3750
    798.00   1610.00    8.0000
    802.00   1276.00    8.1250
    811.00   1015.00    9.7500
    815.00     24.00    7.2500
    820.00   2284.00    8.8750
    825.00    377.00    8.7500
    826.00    167.00    9.1250
    828.00    797.00    8.1250
    832.00   1913.00    7.6250
    832.00   1605.00    7.5000
    833.00   1534.00    7.1250
    836.00   1097.00    7.2500
    841.00   1871.00    6.5000
    842.00   2549.00    7.2500
    842.00   1692.00    7.0000
    847.00   2384.00    8.3750
    853.00   1541.00    6.2500
    855.00   1571.00    8.3750
    860.00   1635.00    7.3750
    861.00   2160.00    7.3750
    867.00    458.00    9.8750
    867.00   1664.00    7.1250
    870.00    360.00    8.8750
    872.00   2353.00    8.0000
    888.00   1692.00    8.8750
    897.00    644.00    6.5000
    896.00   1225.00    8.8750
    909.00    941.00    8.2500
    912.00   2481.00    9.1250
    923.00   2084.00    8.5000
    927.00   1177.00    8.7500
    924.00   1657.00    9.7500
    938.00   1884.00    6.5000
    944.00   1785.00    9.6250
    940.00   2342.00    6.6250
    958.00   2322.00    6.8750
    960.00   1431.00    7.8750
    967.00   1337.00    6.7500
    968.00    197.00    9.1250
    972.00    931.00    8.8750
    976.00    814.00    7.1250
    975.00   1269.00    8.5000
    988.00   1329.00    8.1250
    989.00   1617.00    6.2500
    991.00    213.00    7.2500
    991.00   1803.00    5.2500
    993.00    238.00    5.8750
    996.00   1746.00    6.3750
   1012.00    674.00    7.2500
   1013.00   1369.00   10.0000
   1022.00   2375.00    7.2500
   1030.00   1490.00    8.6250
   1036.00    502.00    8.2500
   1038.00   1115.00    8.1250
   1048.00   1179.00    8.1250
   1054.00    719.00    7.5000
   1059.00     51.00   11.1250
   1063.00   2336.00    6.2500
   1066.00    927.00    7.0000
   1072.00     88.00    7.0000
   1074.00    589.00    7.2500
   1084.00    734.00   10.0000
   1095.00   2190.00    5.8750
   1097.00    926.00    8.6250
   1097.00    106.00    8.5000
   1098.00   1408.00    8.0000
   1099.00   2297.00    7.8750
   1110.00   1548.00    9.3750
   1112.00    139.00    7.1250
   1115.00    658.00    8.5000
   1117.00   2188.00    6.3750
   1118.00    268.00    8.3750
   1118.00   1600.00    7.7500
   1121.00     59.00    7.2500
   1124.00   2007.00    8.3750
   1135.00    960.00    7.7500
   1135.00    412.00    8.3750
   1144.00    708.00    7.6250
   1144.00    553.00    8.1250
   1159.00   1709.00    6.6250
   1168.00    166.00    9.1250
   1161.00   1152.00    6.2500
   1164.00   1966.00    5.8750
   1175.00   1335.00    9.1250
   1179.00   1635.00    7.2500
   1184.00   1253.00    7.1250
   1189.00   1384.00    7.1250
   1187.00   1975.00    6.8750
   1198.00   1851.00    7.0000
   1196.00   2101.00    9.3750
   1198.00   2509.00    6.6250
   1200.00   1736.00    9.5000
   1201.00    319.00    7.3750
   1210.00    849.00    6.6250
   1218.00   1788.00    7.0000
   1220.00    646.00    8.7500
   1222.00    310.00    9.2500
   1229.00   1749.00    6.2500
   1245.00     25.00    8.8750
   1244.00    475.00    9.3750
   1243.00   1764.00    6.1250
   1244.00    150.00    7.7500
   1244.00   1692.00    5.7500
   1251.00   1002.00    8.3750
   1250.00   1899.00    9.0000
   1252.00     56.00    7.0000
   1257.00   1794.00    9.3750
   1261.00   2254.00    6.1250
   1264.00    136.00    8.1250
   1263.00   1312.00    7.3750
   1270.00   2358.00    8.0000
   1271.00    335.00    7.2500
   1281.00    489.00    8.3750
   1280.00   2239.00    5.0000
   1285.00    298.00    7.8750
   1283.00   1156.00    7.8750
   1286.00   2423.00    7.1250
   1295.00    924.00   10.5000
   1301.00   2237.00    6.6250
   1304.00    782.00    6.8750
   1305.00   1510.00    7.7500
   1318.00   1563.00    9.8750
   1331.00    286.00    6.7500
   1332.00    631.00    5.6250
   1340.00    602.00    8.0000
   1342.00     90.00    8.8750
   1347.00   1738.00    7.6250
   1347.00   2584.00    7.2500
   1354.00    718.00    8.5000
   1356.00   1101.00    9.5000
   1357.00   1834.00    7.8750
   1363.00   2218.00    5.2500
   1366.00   2177.00    8.0000
   1368.00   2520.00    8.7500
   1374.00   1929.00    7.7500
   1381.00    546.00    7.1250
   1389.00   1855.00    9.7500
   1389.00   1604.00    7.7500
   1391.00   1387.00    8.1250
   1392.00   1672.00    7.1250
   1401.00   1172.00    7.2500
   1402.00    847.00    9.5000
   1416.00   1490.00    8.6250
   1415.00   1442.00    8.1250
   1416.00   2384.00    6.7500
   1416.00    558.00    8.1250
   1432.00   2151.00    9.2500
   1437.00   2028.00    7.2500
   1443.00   2547.00    9.6250
   1445.00    859.00    6.7500
   1451.00   1789.00    7.7500
   1454.00    185.00    9.1250
   1456.00    498.00    7.8750
   1457.00   2415.00    7.5000
   1464.00    454.00    3.6250
   1463.00   1005.00    9.0000
   1464.00   2375.00    9.0000
   1466.00    391.00    8.0000
   1468.00    947.00    6.8750
   1472.00   1290.00    8.6250
   1475.00    446.00    9.2500
   1483.00    139.00    8.8750
   1485.00   1669.00    6.1250
   1486.00   2445.00    7.1250
   1489.00   2176.00    7.5000
   1494.00    938.00    8.6250
   1495.00   1154.00    9.7500
   1507.00    905.00    9.0000
   1517.00   1073.00    9.5000
   1536.00    566.00    5.8750
   1542.00   1172.00    9.5000
   1540.00    300.00    7.7500
   1543.00    606.00    6.1250
   1548.00   1556.00   11.1250
   1548.00    866.00    7.2500
   1551.00    444.00    6.6250
   1557.00    591.00    7.1250
   1561.00    247.00    7.5000
   1560.00    353.00    7.7500
   1566.00   2016.00    6.3750
   1565.00    808.00   10.2500
   1568.00   2144.00    7.0000
   1588.00   1592.00    7.6250
   1593.00   1307.00    8.0000
   1594.00    361.00    7.0000
   1595.00   1404.00    7.6250
   1600.00   1928.00    7.8750
   1600.00    717.00    8.0000
   1602.00   2584.00    7.3750
   1602.00    756.00    7.2500
   1604.00   2052.00    6.8750
   1605.00   1066.00    7.3750
   1605.00   2363.00    7.8750
   1606.00   1325.00    6.0000
   1610.00   2194.00    6.2500
   1614.00   1953.00    8.6250
   1620.00   1717.00    9.1250
   1621.00   1375.00    5.1250
   1630.00   1974.00    7.6250
   1632.00   1346.00    7.0000
   1638.00    713.00    7.8750
   1655.00   2411.00    9.0000
   1657.00   1297.00    6.1250
   1661.00     77.00    8.1250
   1660.00   2290.00    7.7500
   1672.00   1250.00    7.0000
   1679.00   1365.00    7.8750
   1682.00   2137.00    8.1250
   1688.00    229.00    9.1250
   1688.00   2249.00   10.2500
   1691.00    865.00    9.5000
   1697.00    957.00    8.3750
   1698.00   1028.00    8.3750
   1700.00    458.00    6.6250
   1705.00   1531.00    9.2500
   1712.00    311.00    7.8750
   1713.00   1748.00    7.1250
   1713.00   1976.00    6.5000
   1722.00   1834.00    9.3750
   1732.00   1651.00   11.1250
   1736.00   2425.00    7.7500
   1743.00    364.00    8.3750
   1745.00    232.00    7.2500
   1745.00   1919.00   10.7500
   1761.00   1252.00    8.0000
   1765.00   1461.00    9.6250
   1764.00    806.00    7.8750
   1768.00   1605.00    8.7500
   1774.00    501.00    9.6250
   1776.00   2254.00    5.6250
   1779.00   1074.00    7.8750
   1786.00    823.00    7.5000
   1786.00   2282.00    8.8750
   1788.00   1863.00    8.7500
   1792.00    603.00    7.1250
   1794.00   1347.00    7.5000
   1795.00   2588.00    5.8750
   1800.00   1185.00    6.1250
   1800.00   1746.00    7.0000
   1811.00    139.00    8.0000
   1817.00    377.00    7.1250
   1817.00    931.00    4.8750
   1816.00   2477.00    8.2500
   1832.00   1514.00    9.1250
   1834.00    533.00    8.0000
   1835.00   1635.00    9.0000
   1838.00    366.00    8.6250
   1854.00   2232.00   10.0000
   1847.00    701.00    6.1250
   1847.00   2330.00    7.3750
   1851.00   1889.00    8.3750
   1854.00   2138.00    7.2500
   1859.00   1481.00    6.6250
   1860.00    477.00    7.3750
   1859.00   1250.00    6.1250
   1862.00   1201.00    7.7500
   1865.00   1433.00    6.7500
   1870.00   2117.00    7.7500
   1870.00   2258.00    8.3750
   1888.00    717.00    8.3750
   1879.00    913.00    5.7500
   1884.00   1361.00   10.0000
   1887.00    536.00    8.6250
   1887.00   1081.00    7.1250
   1895.00   1983.00    8.1250
   1892.00   2414.00    2.8750
   1902.00    651.00    8.8750
   1898.00    278.00    7.3750
   1898.00   1515.00    8.1250
   1907.00   2412.00    9.1250
   1909.00   1344.00    8.5000
   1909.00    961.00    8.2500
   1911.00   2528.00    8.7500
   1913.00   1269.00   11.8750
   1923.00   1866.00    7.7500
   1926.00   1975.00    8.5000
   1928.00   2162.00    9.2500
   1929.00    868.00    7.2500
   1930.00    599.00    8.3750
   1938.00   2113.00    5.5000
   1940.00    788.00    5.7500
   1941.00    138.00    9.5000
   1655.00    595.00    6.5000
   1675.00    587.00    7.5000
   1691.00    620.00    7.5000
    633.00   1419.00    6.5000
    629.00   1393.00    9.0265
    152.00   2238.00    8.0860
    285.00   2411.00    7.2575
    286.00   2391.00    9.0405
    471.00   2581.00    7.6830
    709.00   2563.00   13.3750
   1843.00   2544.00    9.8110
   1820.00   2415.00    9.3855
   1884.00   2310.00    7.6830
   1937.00   2209.00    9.0000
   1427.00   2468.00    9.5000
   1643.00   2369.00    7.8580
   1503.00   2259.00    6.5000
   1528.00   2262.00    7.4425
   1511.00   2378.00    8.7855
   1663.00   2193.00    6.8720
   1644.00   2179.00    7.6235
   1668.00   2015.00    9.0405
   1895.00   1586.00    9.3855
   1811.00   1677.00    9.4335
   1853.00   1274.00    8.1420
   1693.00   1473.00    8.5235
   1645.00   1471.00    6.3925
   1643.00   1445.00    8.7855
   1606.00   1443.00    8.7855
   1697.00   1206.00    7.6830
   1500.00   1812.00    7.5000
   1489.00   1792.00    6.7385
   1500.00   1769.00    6.9375
   1408.00   1916.00    9.5295
   1502.00   1215.00    9.2500
   1582.00   1080.00    8.5235
   1607.00    846.00    5.0825
   1604.00    830.00    5.8570
   1807.00    473.00   10.0000
   1784.00    291.00    9.5450
   1839.00    288.00    7.8665
   1861.00    290.00    6.6850
   1577.00    494.00    7.6450
   1651.00    297.00    4.9925
   1661.00    282.00    5.5000
   1523.00    127.00    9.1775
   1498.00    852.00   10.2400
   1629.00    137.00   10.4885
   1647.00     15.00   10.8115
   1378.00    161.00    9.4545
   1331.00    460.00    8.2920
   1364.00    464.00    9.4545
   1277.00    539.00    8.3950
   1300.00    547.00    7.9750
   1332.00    548.00    7.5000
   1324.00    526.00    9.0655
   1156.00    346.00    9.9850
   1285.00   1371.00   10.8115
   1294.00   2091.00    6.8830
   1302.00   2067.00    7.6800
   1312.00   1955.00    5.7335
   1320.00   1935.00    7.9275
   1221.00   2177.00    9.6845
   1184.00   2148.00    7.9275
   1200.00   1949.00    8.4585
   1031.00   1953.00    9.6845
   1487.00   2041.00   10.4525
   1037.00   1632.00    4.9750
   1053.00   1633.00    5.5625
   1156.00   1579.00    5.5625
   1174.00   1570.00    5.9910
   1152.00   1418.00    6.3420
   1132.00   1396.00    7.8665
   1495.00    677.00   10.2400
   1535.00    671.00    8.7950
   1107.00   1080.00    8.3950
   1115.00   1034.00   10.5700
   1019.00   1088.00   10.2400
   1033.00    737.00    8.7950
   1068.00    972.00    9.8330
   1167.00    498.00    6.5880
   1148.00    485.00    6.4565
   1080.00    549.00    6.5555
   1376.00     87.00    8.7950
   1286.00    174.00    7.4745
   1152.00    114.00    7.0000
   1135.00     36.00    5.2850
   1120.00     25.00    7.2405
   1029.00    380.00    8.0020
    978.00    563.00   10.4885
    765.00   1676.00    9.4545
    633.00   1660.00    5.4055
    645.00   1676.00    6.0440
    655.00   1652.00    7.4745
    508.00   1391.00   10.0280
    482.00    973.00    8.1085
    799.00    966.00    7.5000
    757.00    814.00    4.9410
    761.00    803.00    7.4885
    588.00    891.00    6.9530
    528.00    689.00    7.5000
    492.00    705.00    7.4400
    486.00    680.00    6.8305
    716.00    511.00    7.3090
    876.00    725.00    8.6980
    874.00    764.00    9.7590
    802.00    780.00    8.8635
    926.00    443.00    5.5000
    905.00    442.00    6.6870
    859.00    289.00    5.9205
    837.00    290.00    7.3090
    734.00    309.00    5.5625
    737.00    286.00    7.0360
    614.00    425.00    9.5700
    269.00    608.00    6.5935
    280.00    586.00    6.2190
    189.00      0.00    6.7490
    239.00    983.00    8.2140
     19.00    447.00    6.8440
      8.00    431.00    7.4745
     91.00   1082.00   10.2565
     81.00   1205.00    6.6850
     89.00   1182.00    5.6390
     67.00   1148.00    9.0000
    147.00   1374.00    7.4745
    132.00   1355.00    8.0000
    343.00   1331.00    6.0000
    323.00   1322.00    6.8440
     29.00   1741.00   10.5000
    104.00   1636.00    7.9275
    169.00   1587.00    8.4015
    242.00   1587.00    7.0905
    242.00   1473.00    6.5960
    263.00   1473.00    7.0905
    148.00   1446.00    8.4015
     84.00   1949.00    8.1085
     89.00   1927.00    9.2765
    313.00   2171.00    6.5960
    321.00   2146.00    9.0000
    153.00    208.00   13.9060
    865.00   1440.00    9.1775
   1599.00   2275.00   12.7850
    911.00   2173.00   13.8750
    202.00   1982.00   14.8855
