#        y         x         r
      9.00    507.00   12.3750
     11.00     25.00    9.0000
     20.00     75.00    9.6250
     24.00   1759.00   10.1250
     27.00    358.00   10.6250
     29.00   2383.00    8.6250
     37.00   1414.00   11.0000
     41.00    748.00    7.7500
     46.00   1824.00    6.1250
     48.00   1970.00   10.0000
     57.00   1890.00    8.5000
     57.00   2362.00    8.8750
     67.00     64.00    9.5000
     76.00   1346.00    8.1250
     82.00    367.00    9.5000
     94.00   1670.00    8.7500
     96.00   2188.00    9.6250
     96.00    105.00    8.6250
    104.00   1792.00    8.3750
    108.00    276.00    5.8750
    110.00   1357.00    7.8750
    111.00    752.00    8.5000
    121.00    262.00    6.6250
    120.00   1847.00    8.0000
    129.00    238.00    8.2500
    131.00    545.00    6.5000
    131.00   1673.00    8.0000
    137.00    380.00    8.2500
    137.00   2285.00    6.1250
    140.00    315.00    9.7500
    142.00    160.00    8.8750
    148.00   1627.00    8.6250
    148.00   1720.00    5.0000
    152.00   1403.00    7.5000
    153.00    716.00    9.0000
    167.00   1488.00    8.7500
    169.00   2574.00    9.0000
    170.00   1352.00    8.8750
    169.00    583.00    8.0000
    173.00   1052.00    9.1250
    180.00   2380.00    7.3750
    185.00   1982.00    6.5000
    192.00   2139.00    8.7500
    198.00    663.00   10.2500
    210.00   1472.00    8.0000
    212.00   2178.00    9.7500
    213.00    286.00   10.0000
    215.00   1869.00    5.5000
    219.00   2399.00    7.1250
    223.00   1249.00    6.6250
    237.00   1861.00    6.5000
    240.00   1030.00    8.5000
    245.00   1615.00    8.7500
    250.00   1242.00    9.5000
    252.00   2345.00    8.3750
    253.00    878.00    8.5000
    258.00   2281.00    8.5000
    261.00    683.00    5.0000
    264.00   2188.00    6.8750
    265.00    445.00    7.2500
    264.00   1859.00    9.3750
    266.00   2377.00    9.0000
    270.00    721.00    6.3750
    272.00   1329.00   10.0000
    273.00   1446.00    7.1250
    281.00   1063.00    7.7500
    281.00   1771.00   10.1250
    282.00    848.00    7.7500
    282.00   1020.00    9.7500
    283.00     72.00    8.8750
    287.00   2233.00    8.3750
    294.00    227.00    8.0000
    301.00   1181.00    7.3750
    299.00    549.00    9.1250
    307.00    817.00    7.8750
    310.00    627.00    8.6250
    315.00   1256.00    6.6250
    318.00   1229.00    6.6250
    320.00   1370.00    9.6250
    328.00    885.00    8.7500
    351.00   1167.00   11.2500
    357.00   1896.00    8.3750
    361.00    991.00    4.5000
    366.00   2569.00    7.1250
    368.00   1038.00    5.7500
    372.00   2421.00    7.1250
    373.00    945.00    8.8750
    375.00    209.00    8.2500
    375.00   1456.00    7.1250
    382.00   1018.00    7.0000
    379.00   1796.00    5.7500
    390.00    992.00    7.2500
    392.00    524.00    8.5000
    394.00   1772.00    6.3750
    394.00   1847.00    7.5000
    395.00   2561.00    7.6250
    401.00   2117.00    6.0000
    406.00   1809.00    6.5000
    414.00    848.00    7.3750
    417.00    508.00    6.8750
    417.00    418.00    7.8750
    423.00   2454.00    8.5000
    433.00   1821.00    7.2500
    432.00   2237.00   10.7500
    441.00   1893.00   10.3750
    441.00    233.00    5.7500
    446.00   2313.00    7.0000
    453.00    453.00    7.5000
    461.00   2214.00    7.7500
    462.00    357.00    9.6250
    469.00   2324.00    6.1250
    472.00   1277.00    8.3750
    477.00    407.00   11.2500
    474.00   2272.00    7.5000
    474.00   1503.00   10.0000
    476.00   2453.00   11.6250
    479.00   1120.00    9.0000
    484.00    577.00   10.5000
    482.00    615.00    7.8750
    492.00    270.00    5.0000
    495.00    233.00    8.6250
    494.00   1438.00    7.8750
    509.00   2221.00    6.3750
    510.00   1952.00    5.8750
    517.00    521.00    9.0000
    526.00    250.00    7.8750
    527.00    786.00    8.7500
    529.00   1351.00    7.2500
    530.00   1742.00    8.1250
    530.00   1177.00    9.7500
    531.00   1496.00    8.8750
    533.00   1603.00   10.8750
    551.00   1348.00    9.8750
    557.00   2588.00    6.0000
    561.00     12.00    5.7500
    560.00   2161.00    9.6250
    565.00   1135.00    7.1250
    566.00    210.00    8.6250
    573.00   2059.00    9.0000
    575.00    340.00    9.0000
    582.00   1271.00    9.7500
    584.00    177.00    7.7500
    588.00   1521.00    8.2500
    600.00   2002.00    7.0000
    601.00   1110.00    9.2500
    609.00    779.00    9.7500
    609.00   1748.00    7.5000
    614.00   1044.00    8.6250
    626.00    932.00    8.7500
    630.00    314.00   11.5000
    632.00   2186.00    8.0000
    636.00    411.00    7.6250
    637.00   1116.00    6.7500
    646.00   2104.00    8.3750
    650.00    767.00   10.5000
    649.00    852.00    8.3750
    653.00   1961.00   10.0000
    659.00   2027.00    9.3750
    666.00    174.00    8.6250
    677.00   1736.00   10.6250
    682.00   1492.00    7.8750
    684.00     94.00    9.3750
    682.00   1524.00    8.1250
    683.00   1892.00    7.6250
    686.00   1121.00    7.8750
    689.00    890.00    7.1250
    688.00   1971.00    6.5000
    689.00    795.00   11.5000
    691.00   2266.00    7.6250
    699.00   1802.00    9.1250
    714.00     61.00    7.6250
    720.00   2207.00    8.6250
    727.00   2495.00    7.1250
    729.00    209.00    9.0000
    730.00   1128.00    7.8750
    737.00   2417.00    9.5000
    738.00    425.00    6.0000
    740.00   1935.00    8.5000
    743.00   1497.00    6.6250
    748.00   1709.00    8.6250
    747.00   1808.00    6.0000
    753.00    411.00    8.3750
    753.00    640.00    8.3750
    758.00   1041.00    7.7500
    758.00   2315.00    7.2500
    771.00    892.00   11.8750
    778.00   2387.00    7.0000
    785.00   1778.00    7.3750
    784.00   2367.00    6.7500
    791.00   2479.00    9.1250
    793.00   1639.00    6.8750
    795.00   1165.00    9.2500
    798.00    408.00    8.7500
    799.00   1310.00    8.0000
    806.00   2052.00    5.7500
    807.00   2355.00    7.3750
    810.00   1241.00    7.7500
    810.00   1552.00    7.0000
    813.00    173.00    7.7500
    818.00    229.00    8.7500
    813.00   2210.00    7.2500
    821.00   1688.00    8.7500
    831.00    995.00    9.3750
    837.00     79.00    8.2500
    847.00   1770.00    8.2500
    848.00   1503.00    7.6250
    848.00    848.00    8.7500
    853.00    234.00    9.0000
    865.00    559.00   11.1250
    864.00   1214.00    9.2500
    871.00   2102.00    6.5000
    877.00     69.00   10.7500
    875.00    931.00    9.8750
    879.00    228.00    5.2500
    879.00   1600.00    8.0000
    879.00    763.00    7.3750
    885.00    724.00    6.2500
    888.00   1410.00    7.1250
    893.00    215.00    8.0000
    897.00   2181.00    6.2500
    897.00   2028.00    8.5000
    897.00   1367.00    8.2500
    918.00   1507.00    9.0000
    920.00    513.00    8.0000
    929.00    282.00    8.2500
    941.00   2557.00   10.3750
    944.00   2209.00    8.1250
    944.00   2481.00    7.3750
    944.00   1086.00    7.3750
    953.00   1841.00    8.1250
    966.00    324.00   12.0000
    968.00    775.00    8.7500
    972.00   2446.00    9.3750
    971.00   1887.00    6.8750
    974.00    914.00    9.6250
    978.00   2066.00    5.6250
    978.00    395.00    7.0000
    979.00    965.00   10.1250
    982.00   2029.00    8.7500
    988.00   2531.00    7.2500
    992.00   1895.00    6.6250
    994.00    340.00    8.0000
    999.00   2453.00    7.1250
   1006.00   1042.00   10.1250
   1005.00   1964.00    7.6250
   1014.00   2072.00   10.1250
   1019.00   1288.00   11.5000
   1029.00    272.00    7.8750
   1040.00    360.00    8.2500
   1044.00    160.00    8.3750
   1045.00   1366.00    7.6250
   1055.00   2338.00    7.6250
   1061.00   2275.00    8.0000
   1066.00   1534.00    7.7500
   1066.00   2054.00    7.2500
   1071.00   1920.00    9.5000
   1073.00   2219.00    7.2500
   1078.00    389.00    7.8750
   1091.00    283.00    7.1250
   1092.00   2516.00    7.5000
   1101.00    552.00    5.6250
   1105.00   2093.00    7.6250
   1114.00     83.00    9.5000
   1114.00   2206.00    6.7500
   1119.00   2423.00    7.8750
   1132.00    845.00    6.6250
   1137.00    503.00    9.3750
   1134.00   1056.00    6.3750
   1139.00   1377.00   10.7500
   1140.00    721.00    7.3750
   1146.00    182.00    7.5000
   1157.00   2502.00    7.0000
   1160.00    695.00   10.3750
   1174.00    235.00   10.6250
   1178.00    453.00    8.5000
   1182.00    608.00    7.3750
   1187.00    533.00    9.5000
   1187.00   2079.00    8.2500
   1203.00   1668.00    7.6250
   1200.00   1718.00    7.1250
   1207.00   2591.00    3.7500
   1209.00   2509.00    9.0000
   1208.00    308.00    8.7500
   1209.00   1432.00    7.0000
   1208.00   1466.00    7.7500
   1212.00   1636.00    6.3750
   1211.00   1756.00    8.7500
   1212.00   1153.00    9.0000
   1214.00   1273.00    7.3750
   1213.00   1069.00    9.2075
   1224.00   2026.00    8.1250
   1229.00   1367.00    7.7500
   1229.00   2563.00    9.3750
   1231.00    930.00    7.3750
   1234.00   1445.00    7.0000
   1237.00   2270.00    7.6250
   1236.00   1130.00    8.1250
   1246.00    621.00   10.6250
   1253.00    193.00    6.5000
   1253.00    430.00    8.7500
   1255.00   2442.00    6.6250
   1258.00   2535.00    9.6250
   1264.00   2367.00    5.6250
   1265.00   2321.00    7.2500
   1274.00   2216.00    8.2500
   1278.00    847.00    8.2500
   1282.00   1415.00    8.1250
   1283.00   1945.00    7.7500
   1289.00    960.00    6.8750
   1292.00    572.00    8.0000
   1296.00   1042.00    9.5000
   1296.00   1237.00    5.7500
   1296.00   1977.00    7.1250
   1305.00    157.00    7.3750
   1305.00    502.00    8.0000
   1305.00     54.00    8.5000
   1304.00    231.00    8.3750
   1306.00   2076.00    6.0000
   1308.00   1108.00    8.1250
   1309.00    289.00   10.2500
   1315.00   1839.00    7.3750
   1320.00   1235.00    6.8750
   1330.00   1515.00    6.0000
   1334.00   1580.00    7.0000
   1353.00   1066.00   10.2500
   1344.00   1945.00    7.3750
   1348.00    972.00    7.7500
   1354.00    229.00    9.6250
   1357.00    415.00    8.3750
   1359.00    809.00    8.3750
   1372.00    996.00    8.3750
   1372.00   1913.00    9.3750
   1373.00   2087.00    9.8750
   1382.00     75.00   10.0000
   1377.00    139.00    7.1250
   1377.00   1213.00    8.0000
   1388.00    918.00    9.6250
   1396.00    729.00    7.5000
   1397.00   2484.00    7.2500
   1397.00   1259.00    8.0000
   1400.00   1859.00    6.5000
   1401.00    154.00    9.3750
   1405.00    630.00    6.6250
   1415.00    803.00    6.5000
   1429.00   1818.00    8.3750
   1435.00    647.00    9.7500
   1444.00   1076.00    7.5000
   1448.00   2242.00    7.6250
   1449.00    804.00    9.2500
   1457.00    665.00    8.6250
   1459.00    886.00    7.2500
   1467.00    268.00    7.7500
   1472.00   2179.00    7.8750
   1474.00   1738.00    7.1250
   1475.00    373.00    9.2500
   1478.00    993.00    8.8750
   1479.00   2580.00    8.8750
   1482.00    398.00    7.8750
   1485.00   2420.00    6.8750
   1491.00    785.00    8.2500
   1492.00    717.00    9.0000
   1499.00   2497.00    7.6250
   1499.00    829.00    6.7500
   1499.00   1730.00    8.8750
   1501.00    741.00    7.2500
   1509.00   1505.00    7.0000
   1504.00   1891.00    8.7500
   1517.00    967.00    8.6250
   1512.00   1630.00    6.8750
   1511.00   1967.00    8.2500
   1527.00   2043.00    8.6250
   1530.00   1570.00    6.2500
   1539.00    343.00    7.3750
   1539.00    751.00    6.5000
   1539.00   1957.00    8.0000
   1540.00   1595.00    8.8750
   1545.00   2089.00    7.6250
   1549.00   1444.00    9.1250
   1552.00   1868.00    7.5000
   1553.00    218.00    9.7500
   1551.00   1012.00    9.5000
   1555.00    915.00    9.0000
   1556.00    423.00    8.2500
   1569.00    390.00    9.0000
   1562.00     51.00    6.8750
   1576.00    112.00    8.0000
   1571.00    281.00    7.7500
   1575.00     65.00    5.3750
   1577.00   2493.00   11.1250
   1582.00    359.00    9.0000
   1582.00   2008.00    6.5000
   1595.00    101.00    7.6250
   1601.00    878.00    7.3750
   1605.00    542.00    6.7500
   1606.00   2158.00   12.1250
   1608.00    512.00    8.0000
   1612.00   2234.00    6.5000
   1622.00   1115.00    8.5000
   1624.00   2365.00    6.7670
   1633.00   1340.00    7.5000
   1636.00   2579.00    7.5000
   1637.00    961.00    6.1250
   1638.00   1987.00    7.8750
   1643.00   1663.00    7.7500
   1645.00   1371.00    9.0000
   1647.00   2289.00    6.3750
   1648.00   1081.00    9.0000
   1650.00   1553.00    8.3750
   1648.00   1698.00    6.0000
   1650.00   2468.00    6.2500
   1655.00   2518.00    8.7500
   1659.00     36.00    9.2500
   1668.00   1417.00    8.8750
   1672.00    343.00    8.0000
   1677.00    646.00    7.3750
   1674.00    228.00    8.7500
   1679.00   2452.00    8.2500
   1690.00   2032.00    7.2500
   1694.00   1898.00    8.5000
   1695.00   1179.00    9.0000
   1700.00   1509.00    8.1250
   1703.00   1625.00   10.1250
   1708.00   1996.00   11.6250
   1714.00    931.00   10.1250
   1720.00    290.00    9.7500
   1720.00    811.00    8.6250
   1724.00    978.00    7.0000
   1735.00    407.00    8.6250
   1733.00    491.00    7.0000
   1736.00   2581.00    7.5000
   1737.00    193.00   10.6250
   1739.00   1710.00    8.0000
   1744.00   1905.00    9.0000
   1745.00   1135.00    7.5000
   1755.00    999.00    4.6250
   1757.00     84.00    8.1250
   1766.00   2242.00    9.5000
   1770.00   1652.00   11.7500
   1785.00    328.00   10.0000
   1783.00    690.00    6.8750
   1784.00   1857.00    7.5000
   1787.00   1305.00    9.6250
   1795.00    594.00    9.5000
   1803.00   1459.00   10.5000
   1801.00   1029.00   10.0000
   1809.00   1952.00    6.4870
   1802.00   2312.00    6.7500
   1805.00    704.00    6.3750
   1819.00   2484.00    7.5000
   1824.00    939.00   10.6360
   1829.00   2525.00    6.0000
   1832.00   2134.00    8.7500
   1836.00   2326.00    9.2500
   1845.00    996.00   12.2500
   1850.00   1103.00    8.7500
   1849.00   1074.00    8.7500
   1856.00    904.00    7.2500
   1859.00     82.00    7.8750
   1872.00   2431.00    6.1250
   1872.00    121.00    9.8750
   1872.00    641.00    9.1250
   1875.00    450.00   10.0000
   1880.00    506.00    7.8750
   1882.00    583.00    6.5000
   1880.00   1694.00    7.3750
   1883.00   1237.00    8.2500
   1889.00    558.00    9.0000
   1906.00   1961.00    8.8750
   1908.00   1845.00    5.8750
   1907.00    847.00    7.8750
   1912.00   2415.00    7.0000
   1915.00   2519.00    9.2500
   1919.00   1399.00    8.2500
   1926.00   1054.00    5.6250
   1930.00    129.00    7.6250
   1934.00    809.00    8.3750
   1939.00    649.00    7.1250
   1940.00   1812.00   10.0000
   1939.00   2265.00    6.8750
   1943.00   2397.00    6.0000
   1941.00   2457.00    8.5000
   1943.00   1696.00    7.5000
   1943.00   1188.00    8.3750
    701.00    281.00   12.0000
   1126.00    339.00   11.5000
   1117.00   1580.00   14.0000
   1155.00   1617.00   11.0000
      4.00    233.00   10.7815
     59.00    456.00    5.5500
     62.00    478.00    7.5000
    398.00    151.00    4.7850
    389.00    165.00    5.6010
    542.00     39.00    7.1235
   1056.00     14.00    7.9275
    754.00      0.00    8.2920
   1253.00     49.00    8.7950
   1477.00    191.00    9.5450
   1535.00    511.00   10.0000
    971.00    416.00    8.0990
    988.00    286.00    5.6055
    983.00    271.00    7.5000
   1384.00    350.00    8.3950
   1373.00    332.00    9.4545
   1360.00    476.00    7.6450
   1011.00    531.00    9.9850
    908.00    467.00   10.8115
    813.00    743.00    9.9850
   1135.00    777.00   10.2400
   1768.00    701.00    7.2525
   1809.00   1172.00    9.0655
   1752.00   1194.00    7.9275
   1760.00   1418.00    7.8665
   1701.00   1251.00    8.9040
   1357.00   1349.00    7.4630
   1260.00   1289.00    6.7210
   1249.00    995.00    6.5000
   1259.00    978.00    6.4870
   1274.00    803.00    9.1740
   1333.00    625.00    8.9690
   1497.00    882.00    8.3620
   1201.00   1124.00    7.0800
   1217.00   1107.00    7.1235
   1108.00    955.00    8.7950
    625.00    986.00    7.0360
   1786.00    766.00   11.8725
   1601.00   1304.00    9.5450
    995.00   1591.00    7.9275
   1001.00   1567.00    7.4885
    582.00   1215.00   10.1240
     75.00   1017.00    8.7950
    191.00   1005.00    9.8330
    183.00    962.00    7.8665
    220.00    980.00    7.6800
    244.00    983.00    8.1085
     40.00   1278.00    6.9530
     45.00   1251.00    7.4885
     67.00   1382.00    8.4015
   1206.00   1591.00   11.1250
    220.00   1735.00    7.8665
    631.00   1601.00   10.8610
    694.00   1205.00    9.0655
    108.00   2390.00   10.5700
    417.00   2178.00    8.1085
    388.00   2369.00   10.2610
    531.00   2475.00   10.5000
    211.00   2502.00    6.7670
    201.00   2486.00    7.7875
    666.00   2591.00    9.4400
    641.00   2297.00    5.9910
    621.00   2288.00    8.2130
    712.00   2233.00    6.3420
    953.00   1482.00   10.5540
   1474.00   1789.00   10.0125
   1565.00   2193.00    9.2075
   1285.00   2465.00    9.0000
    959.00   1982.00    9.8565
    981.00   2476.00    7.2525
   1129.00   2218.00    6.4870
   1087.00   1956.00    7.4745
   1109.00   1960.00    7.6730
   1134.00   2161.00    6.4895
   1151.00   2149.00    6.4895
   1800.00   1936.00    7.0000
   1927.00   2244.00    6.3420
   1914.00   2550.00    7.4210
   1840.00   2506.00    6.6750
   1594.00   2348.00    6.4870
   1598.00   2328.00    8.2130
   1042.00    777.00   10.0000
   1130.00   2334.00   13.5000
    272.00   2006.00   15.8555
   1849.00   1526.00   14.9775
   1912.00   1573.00   11.7995
   1939.00   1754.00   11.1250
   1813.00   1990.00   11.9625
    633.00   1436.00   14.3170
    578.00   1904.00   15.7330
    512.00    968.00   13.1925
   1322.00   1699.00   13.9060
   1786.00   2053.00   12.4380
   1562.00   2372.00   11.9625
