#        y         x         r
      2.00    470.00    6.1250
      1.00    697.00    8.1250
      1.00   1606.00    7.2500
      4.00   2415.00    6.1250
     14.00   2037.00    6.8750
     17.00   2381.00    8.3750
     26.00    103.00    9.1250
     25.00   1940.00    6.2500
     30.00    196.00    7.8750
     30.00    465.00    8.5000
     32.00    719.00    8.2500
     40.00   2026.00   10.1250
     36.00   2537.00    6.7500
     41.00    627.00   10.0000
     42.00    762.00    9.2500
     51.00   2186.00    7.6250
     53.00     86.00    9.1250
     65.00   1375.00    7.5000
     70.00    462.00    5.7500
     69.00    933.00   10.0000
     70.00   1777.00    9.3750
     75.00    184.00    8.0000
     88.00   1799.00    8.0000
     88.00    326.00    6.7500
     94.00    294.00    7.1250
     95.00   2545.00   10.5000
     97.00   2580.00    8.2500
    113.00   1313.00    9.3750
    121.00    616.00    8.2500
    119.00   2065.00    5.7500
    124.00   2122.00    7.5000
    128.00    176.00    7.0000
    130.00    260.00    7.0000
    133.00   1632.00    5.8750
    137.00   2230.00    6.5000
    142.00    825.00    6.3750
    144.00    191.00    6.3750
    149.00    635.00    9.0000
    151.00   1917.00    9.1250
    159.00   1715.00    5.3750
    162.00   1643.00    6.8750
    162.00   1691.00    8.6250
    172.00   1198.00    6.5000
    174.00   1277.00    8.6250
    178.00   1320.00    9.8750
    178.00   2239.00    6.8750
    187.00    660.00   10.7500
    187.00   2132.00    6.3750
    189.00   1422.00    8.6250
    192.00   1552.00    7.5000
    195.00   2468.00    8.6250
    201.00    289.00    9.6250
    200.00   1383.00    8.0000
    204.00   1492.00    8.6250
    211.00   1029.00    8.8750
    225.00   2003.00    6.0000
    226.00    657.00    8.0000
    229.00    602.00    9.1250
    233.00   1605.00    7.2500
    235.00   1509.00    5.1250
    242.00    446.00    6.3750
    243.00    704.00    6.5000
    244.00    942.00    8.3750
    250.00   1527.00    5.7500
    253.00   2077.00    6.3750
    256.00    511.00    6.6250
    257.00    686.00    6.5000
    256.00   1823.00    5.7500
    259.00   1443.00    8.6250
    266.00    200.00    8.6250
    271.00   1945.00    8.2500
    271.00    626.00    7.6250
    277.00   2137.00    6.8750
    281.00   1868.00    9.2500
    282.00    956.00    6.1250
    262.00      2.00    5.7175
    285.00   1727.00    7.6250
    287.00    993.00    9.1250
    291.00   2270.00    6.2500
    293.00   1986.00    7.2500
    298.00    717.00    7.5000
    315.00   2202.00    8.1250
    316.00    512.00    8.8750
    321.00   2232.00    6.6250
    342.00   1418.00    7.5000
    344.00   2212.00    6.2500
    349.00   1811.00    6.3750
    353.00   1720.00    7.3750
    358.00   1133.00    8.0000
    367.00     82.00    6.8750
    368.00    497.00    9.6250
    373.00    137.00    9.1250
    376.00     10.00    5.2500
    377.00   1227.00    7.5000
    385.00    188.00    9.7500
    385.00   1548.00    7.5000
    394.00   1847.00   10.6250
    414.00    347.00    7.8750
    416.00    210.00    8.8750
    422.00   2246.00    9.5000
    422.00   1761.00    7.1250
    423.00   1866.00    8.1250
    425.00   1812.00    6.3750
    437.00   2521.00    7.5000
    446.00    642.00    7.7500
    449.00   2138.00    4.8750
    455.00     64.00    9.0000
    458.00   1751.00    7.0000
    461.00   1279.00    8.0000
    469.00   1659.00    9.0000
    472.00   2568.00    7.5000
    473.00   1938.00    5.6250
    473.00   1855.00    6.7500
    478.00    873.00    7.6250
    483.00     77.00    6.8750
    484.00   1005.00    9.8750
    489.00   2124.00    8.3750
    497.00    888.00    6.5000
    497.00   2079.00    6.3750
    500.00   1271.00    6.8750
    498.00   2258.00    6.5000
    501.00   1424.00    8.5000
    501.00   1797.00   11.8750
    505.00    180.00    9.0000
    507.00   2170.00   10.6250
    511.00   2332.00    6.5000
    514.00   1511.00    7.8750
    539.00    479.00    7.5000
    539.00   2066.00    7.7500
    546.00   1524.00    8.5235
    546.00   1885.00    7.8750
    545.00   1929.00    7.7500
    551.00    827.00    7.8750
    557.00   2215.00    7.5000
    563.00    289.00    7.6250
    563.00   2045.00    8.3750
    566.00   1542.00    7.7500
    574.00   1962.00    6.7500
    575.00   2375.00    8.1250
    585.00    902.00    7.8750
    595.00   1330.00    7.7500
    595.00    701.00    7.7500
    595.00   1465.00    7.6250
    597.00   1252.00    8.3750
    610.00    239.00    8.0000
    606.00    741.00    7.8750
    607.00   1546.00    6.1250
    608.00     82.00    9.5000
    610.00    306.00    8.1250
    610.00   1303.00    7.8750
    614.00   1184.00    8.3750
    616.00    930.00    9.6250
    618.00   1889.00    9.6250
    630.00   1794.00    9.0000
    629.00   2493.00    8.2500
    632.00    583.00    8.2500
    639.00   2330.00    7.6250
    638.00   1412.00    6.0000
    654.00    736.00    7.1250
    656.00    817.00    9.3750
    661.00    985.00    9.1250
    672.00    698.00   12.5000
    678.00   2030.00    8.5000
    682.00   1120.00    8.8750
    682.00   1264.00    9.1250
    685.00    382.00    8.7500
    686.00   1197.00    6.7500
    686.00    109.00    9.2500
    685.00    273.00    8.0000
    688.00   2412.00    7.6250
    688.00   1157.00    8.5000
    695.00    665.00    6.6250
    694.00   1412.00    8.0000
    696.00   1724.00    7.3750
    697.00   2139.00    8.7500
    708.00     18.00    7.7500
    716.00    806.00    7.5000
    715.00   1210.00    8.5000
    726.00   2399.00    7.8750
    726.00    439.00    8.2500
    736.00   1715.00    6.6250
    738.00     93.00    7.8750
    742.00   2524.00    7.6250
    753.00   2308.00    8.8750
    753.00   1905.00    7.2500
    767.00   2580.00    7.7500
    763.00    765.00    6.1250
    769.00   1074.00    7.8750
    772.00   1112.00    6.8750
    776.00   1758.00    8.0000
    778.00   2279.00    8.8750
    791.00    457.00    8.1250
    793.00    760.00    7.5000
    795.00   1172.00    7.6250
    797.00    602.00    7.7500
    799.00    292.00    9.3750
    805.00    402.00   10.3750
    814.00   2209.00   10.2500
    817.00   1160.00    8.0000
    824.00    330.00    7.6250
    830.00    432.00    9.6250
    835.00   1102.00    8.0000
    837.00   2448.00    8.7500
    844.00     71.00    7.2500
    848.00    124.00    8.6250
    854.00   1606.00    6.2500
    858.00    572.00    8.1250
    863.00    741.00    6.2500
    864.00   1232.00    6.5000
    865.00    902.00    7.7500
    866.00     48.00    6.5000
    874.00   1940.00    7.3750
    878.00    729.00    8.5000
    879.00   1456.00    7.0000
    880.00   1966.00    6.3750
    885.00    299.00    7.7500
    888.00    449.00    9.2500
    889.00   1419.00    7.3750
    887.00   2243.00    9.3750
    893.00   1658.00    9.3750
    900.00   1495.00    9.3750
    902.00   1033.00    7.6250
    908.00   2130.00    7.2500
    908.00    959.00    8.3750
    915.00    158.00    9.5000
    913.00    619.00    6.5000
    913.00    812.00    7.8750
    936.00    523.00    6.3750
    936.00     57.00    8.2500
    940.00   2306.00    6.5000
    940.00   1178.00    6.3750
    944.00   2229.00    7.7500
    943.00   1815.00    6.6250
    950.00    353.00    8.0000
    950.00   2253.00    6.8750
    961.00   2005.00    6.1250
    962.00    273.00    8.6250
    968.00   2275.00    6.7500
    975.00   1825.00    6.5000
    978.00   2240.00    5.5000
    983.00   1539.00    9.1250
    990.00   2098.00    8.5000
    989.00   2466.00    7.8750
    995.00    280.00    7.7500
    998.00    494.00    7.5000
   1009.00   1138.00    8.5000
   1015.00    511.00    7.7500
   1017.00   2569.00    7.8750
   1022.00   2050.00    9.0000
   1024.00   2146.00    9.3750
   1033.00   1620.00    9.3750
   1036.00    400.00    9.5000
   1038.00   1835.00    7.8750
   1041.00   2403.00    7.2500
   1044.00   2474.00    7.5000
   1052.00   1879.00    7.3750
   1077.00    410.00    7.3750
   1079.00    618.00    9.1250
   1087.00    532.00    7.2500
   1084.00    940.00    6.2500
   1085.00    435.00    7.3750
   1087.00    901.00    9.3750
   1088.00    112.00    8.5000
   1094.00    257.00    8.8750
   1103.00   1734.00    7.7500
   1107.00   1581.00    7.5000
   1111.00     55.00    8.5000
   1117.00   1428.00    7.8750
   1120.00   1937.00    8.8750
   1133.00    572.00    8.7500
   1132.00   1460.00    7.5000
   1141.00    345.00    6.8750
   1148.00   1264.00    6.7500
   1151.00   1761.00    9.5000
   1148.00   2024.00   10.8750
   1155.00    177.00    7.0000
   1153.00   2081.00   10.2500
   1169.00    773.00    8.2500
   1174.00   2373.00    6.5000
   1177.00   1727.00    7.7500
   1178.00    106.00    9.6250
   1181.00   1919.00   10.3750
   1189.00   1129.00    7.3750
   1203.00    839.00    8.5000
   1204.00    718.00    8.8750
   1212.00   2367.00    7.0000
   1213.00   1505.00    7.1250
   1216.00    577.00    5.8750
   1219.00   1923.00    5.8750
   1234.00     22.00    8.2500
   1233.00   1257.00    8.8750
   1240.00   1594.00    9.0000
   1241.00   2044.00    6.6250
   1244.00   1461.00    8.1250
   1248.00   2100.00    8.0000
   1249.00   2271.00    8.8750
   1253.00   1544.00    7.3750
   1264.00   2407.00    7.1250
   1272.00    168.00    9.7500
   1273.00     28.00    6.6250
   1280.00    234.00    8.2500
   1280.00   1981.00    8.7500
   1286.00   1235.00    8.8750
   1289.00   1707.00    8.1250
   1296.00   2295.00    8.7500
   1297.00    735.00    7.3750
   1300.00    481.00   10.0000
   1299.00    982.00    8.8750
   1300.00   1429.00    6.8750
   1311.00    515.00    5.5000
   1316.00   2036.00    6.7500
   1319.00   2502.00    7.5000
   1320.00   1498.00    7.6250
   1321.00   2433.00    7.1250
   1325.00    911.00    7.5000
   1335.00   1599.00    6.2500
   1337.00   1300.00    8.0000
   1340.00    256.00    9.3750
   1341.00   2352.00    6.6250
   1341.00   2471.00    8.6250
   1342.00    611.00    8.2500
   1341.00   1121.00    9.0000
   1358.00   2207.00    8.3750
   1357.00   1865.00    9.2500
   1375.00   1187.00   10.2500
   1379.00   2089.00    9.7500
   1381.00   1306.00    6.3750
   1394.00    585.00    8.6250
   1400.00   1875.00    7.5000
   1401.00    221.00    6.3750
   1409.00   1659.00    6.3750
   1410.00   1003.00   10.5000
   1417.00   1782.00    7.5000
   1418.00   1062.00    9.2500
   1419.00   2451.00    7.7500
   1428.00   1477.00    8.5000
   1430.00   1113.00    8.0000
   1435.00    178.00    7.0000
   1441.00   1295.00    7.1250
   1448.00    317.00   10.5000
   1448.00   1145.00    6.3750
   1449.00   1362.00    7.3750
   1450.00   2070.00    6.1250
   1458.00   2045.00    5.7500
   1461.00    615.00    5.6250
   1472.00   2281.00    7.6250
   1483.00    759.00    7.7500
   1489.00   1538.00    8.7500
   1495.00     93.00    8.2500
   1508.00    158.00    7.3750
   1510.00    773.00    7.0000
   1510.00    949.00    8.7500
   1512.00    204.00    9.5000
   1515.00    556.00    6.1250
   1525.00   1159.00    7.1250
   1533.00   2363.00    9.6250
   1531.00     82.00    9.1250
   1536.00   2478.00   10.5000
   1531.00   1566.00    9.6250
   1534.00    168.00    7.3750
   1535.00   2569.00    6.8750
   1538.00   1233.00   10.1250
   1542.00    259.00    5.6250
   1544.00   1831.00    8.5000
   1549.00    689.00    5.8750
   1551.00   2260.00    8.7500
   1556.00    355.00    8.3750
   1556.00    665.00    5.7500
   1557.00   1006.00    6.3750
   1560.00   1327.00    6.6250
   1564.00   1252.00    8.6250
   1564.00     62.00    8.7500
   1564.00   2441.00    5.7500
   1568.00    270.00    6.5000
   1577.00    953.00    6.8750
   1575.00    987.00    6.7500
   1586.00   1049.00    9.1250
   1586.00   2115.00    5.5000
   1587.00   2418.00    9.7500
   1589.00   1974.00    5.7500
   1589.00    359.00    7.8750
   1592.00   1076.00    6.2500
   1602.00   1347.00    7.8750
   1604.00   1683.00    6.7500
   1603.00    929.00    6.3750
   1605.00   2112.00    5.6250
   1606.00   1886.00    5.3750
   1606.00   2559.00    9.6250
   1615.00    279.00   10.3750
   1618.00    541.00    6.2500
   1622.00   1146.00    7.5000
   1624.00   1869.00    6.1250
   1622.00   1408.00    7.0000
   1630.00     66.00   10.3750
   1633.00    305.00    7.5000
   1639.00   1576.00    6.2500
   1643.00   1015.00    8.2500
   1644.00   2332.00    6.5000
   1651.00    936.00    7.0000
   1662.00   2379.00    5.7500
   1677.00    356.00    6.8750
   1681.00    848.00    7.7500
   1694.00   2330.00    7.7500
   1698.00    314.00    8.0000
   1696.00    346.00    8.5000
   1696.00   1536.00    9.3750
   1704.00   1013.00   10.0000
   1711.00   2053.00    7.7500
   1710.00    640.00    7.8750
   1714.00   1431.00    9.0000
   1719.00   2253.00    6.7500
   1717.00    949.00    6.8750
   1720.00   1070.00    8.6250
   1723.00    563.00    8.5000
   1724.00   1672.00    6.3750
   1726.00     96.00    6.5000
   1733.00    179.00    8.1250
   1734.00   1107.00    7.2500
   1737.00    443.00    9.0000
   1735.00   1640.00    7.8750
   1740.00   1546.00    8.3750
   1743.00   1689.00    6.0000
   1746.00    529.00    5.8750
   1746.00    333.00    8.7500
   1760.00    727.00    6.5000
   1760.00    861.00    6.1250
   1764.00    518.00    8.3750
   1763.00   1115.00    6.3750
   1767.00   1458.00    8.2500
   1778.00   2117.00    6.3750
   1792.00   2081.00    5.1250
   1795.00   1043.00   11.8750
   1793.00    314.00    7.1250
   1797.00    919.00    8.8750
   1798.00    431.00    7.2500
   1809.00   1261.00    9.8750
   1806.00   2042.00    6.7500
   1806.00    571.00    7.8750
   1810.00   1193.00    5.2500
   1818.00   1238.00    6.7500
   1819.00   1862.00    9.8750
   1823.00   1933.00    7.1250
   1825.00    403.00    8.2500
   1825.00   2314.00    5.6250
   1827.00   1210.00    7.5000
   1834.00    752.00    7.3750
   1836.00   1568.00    7.0905
   1835.00   1622.00    6.3750
   1849.00   2053.00    8.1250
   1846.00     10.00    5.0000
   1850.00    152.00    7.7500
   1852.00    511.00    7.7500
   1856.00    275.00    8.2500
   1859.00   1545.00    8.2500
   1865.00   2238.00    6.7500
   1866.00   2476.00    8.1250
   1867.00    108.00    6.5000
   1872.00   2522.00    8.2500
   1877.00   1479.00    9.1250
   1876.00   1840.00    6.5000
   1889.00    774.00    9.2500
   1893.00    627.00    8.5000
   1895.00   1813.00    9.3750
   1895.00    346.00    7.8750
   1899.00   1285.00    7.8750
   1901.00   2082.00    6.2500
   1907.00   1338.00    7.0000
   1915.00   2558.00    6.2500
   1916.00    108.00    6.2500
   1921.00   2185.00    9.2500
   1925.00   1483.00    5.7500
   1927.00   2489.00    9.1625
   1927.00   1582.00    6.0000
   1928.00    730.00    9.0000
   1931.00   2322.00    6.5000
   1935.00    378.00    5.7500
   1938.00    419.00    8.6250
   1943.00   1799.00   10.7500
     89.00   2001.00   12.0000
    248.00   1217.00    9.5000
   1714.00   2215.00    9.0000
   1915.00   1767.00    9.5000
   1886.00     53.00   10.0000
    282.00      0.00    8.7855
     28.00    258.00   11.5055
     15.00    417.00   10.2440
     79.00    441.00    9.6765
     78.00    678.00    8.9845
    133.00   1076.00    9.1625
    103.00   1247.00   10.8560
      2.00   1760.00    6.8425
      1.00   1714.00    8.5235
     33.00   1714.00    8.9845
     84.00   1705.00   11.0000
     86.00   1929.00   10.4775
    188.00   2270.00    5.9540
    201.00   2254.00    7.6235
    274.00   1824.00    8.1975
    259.00   1147.00    7.1920
    245.00   1125.00    8.1040
    281.00   1121.00    7.5085
    296.00   1159.00    7.6235
    342.00   1050.00    7.1030
    334.00   1029.00    6.3530
    321.00   1013.00    7.2435
    359.00    926.00    5.4650
    350.00    910.00    7.4360
    420.00   1497.00    9.1625
    449.00   1470.00   10.7815
    413.00   1441.00    9.9235
    431.00   1412.00   10.3075
    377.00    777.00   11.7995
    395.00    519.00    9.5450
    342.00    399.00   11.7995
    435.00    328.00    9.2705
    476.00    308.00    5.2770
    473.00    289.00    7.2525
    532.00    344.00   10.5700
    557.00    222.00    8.3435
    569.00    118.00   11.7265
    586.00    592.00   12.3685
    640.00    347.00   10.8115
    588.00    244.00    8.7950
    726.00    375.00    9.4545
    756.00    464.00   12.0875
    715.00    216.00    6.2930
    732.00    208.00    7.8665
    833.00    205.00   10.8115
    892.00    265.00   10.5000
    901.00    341.00    6.6850
    923.00    340.00    6.3420
    985.00    193.00    6.1440
   1001.00    182.00    8.3620
   1124.00    512.00    7.4630
   1137.00    497.00    7.2525
   1004.00    399.00    8.4725
   1546.00    104.00    6.3420
   1609.00    338.00    7.6800
   1650.00    248.00    9.6845
   1672.00     98.00    9.6845
   1693.00    175.00   10.1240
   1735.00    120.00    8.7950
   1788.00    238.00    9.0655
   1807.00    185.00    9.2765
   1746.00     29.00    9.0655
   1916.00    281.00    9.0655
   1942.00    175.00    7.8665
   1920.00    158.00    7.2525
   1852.00    846.00    9.2705
   1621.00    752.00   11.5000
   1672.00    907.00    9.9850
   1681.00   1066.00    8.7950
   1702.00   1166.00   11.0000
   1555.00    529.00    7.6800
   1540.00    510.00    8.7950
   1443.00    663.00    8.3435
   1367.00    612.00    8.4585
   1331.00    507.00    9.8330
   1341.00    925.00   10.5700
   1504.00   1035.00   11.2020
    955.00    622.00    9.9850
    826.00    635.00    7.9275
    826.00    612.00    9.3285
    800.00    783.00    9.2765
    726.00    767.00    8.4015
    753.00    746.00    5.5065
    764.00    733.00    6.6750
    843.00    978.00    6.6750
    831.00    955.00    5.5625
   1684.00   1397.00   10.4885
   1487.00   1244.00    9.5450
   1546.00   1174.00    8.1085
   1514.00   1495.00    9.0655
   1261.00   1340.00    6.9530
   1263.00   1324.00    7.5000
   1343.00   1479.00   12.8210
   1330.00   1546.00    8.4015
    515.00    821.00    9.4545
    557.00    944.00    7.6800
    578.00    949.00    9.0655
    312.00   1238.00   13.4985
    515.00   1585.00   10.8115
    630.00   1227.00   11.2785
    636.00   1477.00   10.5700
    604.00   1598.00    7.9750
    626.00   1585.00    9.5450
    542.00   1744.00    9.0000
    594.00   1806.00    8.5090
    587.00   1762.00    5.9910
    584.00   1741.00    7.0360
    828.00   1193.00    6.2930
    841.00   1178.00    8.4725
    868.00   1272.00    5.7270
    867.00   1255.00    6.7670
    908.00   1272.00   10.5700
    896.00   1158.00   10.5700
    947.00   1120.00    8.3950
    935.00   1431.00   11.7265
   1770.00   1628.00    8.3950
   1866.00   1652.00   11.2020
   1939.00   1554.00    6.5960
   1938.00   1534.00    7.0000
   1789.00   1754.00    6.9530
   1194.00   1435.00   10.0000
   1174.00   1482.00   11.8725
   1626.00   1741.00    9.5000
   1786.00   1985.00    7.0905
   1782.00   1965.00    7.4885
   1799.00   2159.00    6.9530
   1933.00   2295.00    7.4885
   1589.00   2274.00   10.2660
   1884.00   2543.00    7.4885
   1569.00   2043.00    5.9910
   1568.00   2022.00    7.4210
   1462.00   1925.00    8.9690
   1397.00   1781.00   10.5700
   1269.00   1880.00    7.0360
   1271.00   1861.00    6.9530
   1289.00   1807.00    7.4630
   1269.00   1807.00    6.7670
   1238.00   1802.00    7.7475
   1182.00   1822.00    9.8565
   1860.00   1847.00    7.4885
   1499.00   2173.00   10.5000
   1471.00   1729.00   10.9935
   1481.00   2083.00   10.4525
   1314.00   2171.00   10.2660
   1052.00   1983.00   10.5700
   1109.00   2144.00   10.4885
    896.00   1887.00    9.2705
    706.00   1821.00   12.3685
    707.00   2067.00    6.0000
    693.00   2073.00    4.6035
    690.00   2056.00    6.4510
    429.00   2343.00    8.2920
    454.00   2344.00    8.8500
    722.00   2425.00    8.9040
    730.00   2462.00   10.4525
    889.00   2476.00    9.6845
    887.00   2425.00    6.5960
    901.00   2413.00    7.6800
    934.00   2393.00    7.9275
   1169.00   2556.00   11.7995
   1270.00   2558.00    7.0905
   1314.00   2570.00    7.8665
   1294.00   2553.00    9.0000
   1428.00   2591.00    9.0000
   1455.00   2591.00    7.5000
   1449.00   2541.00   10.9935
   1634.00   2574.00    9.0655
   1499.00   2541.00    9.8330
   1927.00   1607.00   10.5700
    130.00    952.00   12.4380
    267.00   1605.00   16.2170
    771.00   1428.00   13.9060
    815.00   1316.00   13.7665
    858.00   2537.00   14.3170
   1758.00   2045.00   12.4380
