#        y         x         r
      2.00    579.00    5.8750
      1.00    617.00    8.1250
      2.00   2293.00    9.8750
      6.00   2397.00    6.3750
     14.00   2449.00    8.6250
     15.00   1622.00   12.3750
     16.00   2224.00    7.8750
     26.00   1505.00    9.6250
     22.00   2176.00    7.5000
     28.00   1167.00    8.3750
     32.00     90.00    7.7500
     44.00   2463.00    7.8750
     48.00   1413.00    8.3750
     55.00    103.00    6.1250
     54.00    452.00    9.0000
     56.00   2511.00    8.1250
     57.00   1521.00    7.0000
     60.00   1734.00    7.7500
     66.00    649.00    9.6250
     72.00    832.00    6.8750
     72.00   1357.00    7.5000
     77.00   1818.00    7.5000
     81.00   1588.00    9.3750
     86.00   1493.00    9.2500
     93.00   1026.00    7.8750
     93.00   2463.00    8.6250
     95.00   1989.00    7.6250
    110.00   2020.00    6.5000
    110.00    373.00    8.6250
    112.00    881.00    8.8750
    111.00    918.00    6.2500
    112.00   1503.00    7.0000
    117.00   1466.00    8.5000
    119.00   1102.00    7.7500
    132.00    127.00    9.7500
    136.00   2272.00    8.2500
    136.00    408.00    8.5235
    148.00    579.00    6.8750
    156.00   1121.00    8.0000
    159.00   1948.00   10.0000
    162.00   1432.00    9.5000
    166.00     21.00    8.7500
    177.00   2222.00    7.1250
    180.00   1645.00    7.3750
    186.00     24.00    6.5000
    185.00   1745.00    8.2500
    190.00   1182.00   10.3750
    197.00    808.00    8.0000
    203.00   2013.00    9.1250
    200.00    683.00   11.1250
    204.00    494.00    7.8750
    205.00   1492.00    6.2500
    205.00   1846.00    7.6250
    208.00   1614.00    8.5000
    215.00    600.00    7.8750
    220.00   2042.00    7.1250
    222.00   1445.00    8.0000
    225.00    328.00    5.3750
    227.00   1518.00    7.8750
    234.00   1579.00    6.5000
    235.00    511.00    7.0000
    244.00     81.00    8.8750
    241.00    217.00    5.6250
    245.00    650.00    6.2500
    257.00    450.00    7.1250
    257.00    734.00    7.8750
    268.00    834.00    9.1250
    286.00    351.00    7.6250
    294.00   1404.00    9.2500
    296.00   2248.00    7.8750
    297.00    915.00    9.5000
    303.00    157.00    8.6250
    309.00    689.00   10.7500
    313.00    530.00    6.0000
    314.00    981.00    7.7500
    315.00   2471.00    6.8750
    318.00    487.00    6.8750
    318.00   1809.00    8.2500
    322.00   2167.00    6.7500
    323.00   2419.00    6.5000
    327.00    131.00    6.5000
    330.00   1126.00    7.3750
    329.00   2569.00    9.0000
    335.00    734.00    7.3750
    341.00    115.00   10.2500
    344.00    477.00    8.8750
    350.00   1275.00    5.6250
    363.00     15.00    6.8750
    364.00   1675.00    8.1250
    366.00    123.00    7.6250
    376.00   1478.00    8.1250
    384.00    570.00    6.7500
    388.00   1520.00    8.0000
    394.00    760.00    7.0000
    398.00    675.00    9.2500
    402.00    794.00    8.3750
    408.00    625.00    9.0000
    410.00   1103.00    9.6250
    408.00   2556.00    7.3750
    416.00    364.00    7.1250
    421.00   1473.00    6.8750
    421.00   2412.00    8.6250
    428.00   1734.00    8.5000
    428.00    334.00    9.3750
    428.00    810.00    7.6250
    429.00   1357.00    6.3750
    429.00   2542.00    9.2500
    437.00    685.00    9.3750
    438.00    497.00    9.1250
    443.00    930.00   11.7500
    444.00    287.00    9.1250
    453.00    868.00    9.1250
    456.00    353.00    8.1250
    455.00    641.00    8.3750
    460.00   1937.00    7.8750
    464.00     35.00    8.7500
    473.00   2490.00    6.7500
    478.00   2579.00    7.5000
    497.00    209.00    8.2500
    496.00    934.00    6.5000
    499.00   1370.00    8.6250
    513.00   1702.00    7.6250
    518.00   1281.00   11.1250
    519.00   1982.00    9.3750
    525.00    440.00    9.1250
    529.00   2250.00    7.6250
    531.00   1447.00    8.5000
    533.00    191.00    8.8750
    535.00   2493.00    8.2500
    536.00   2068.00    7.5000
    539.00    863.00    7.7500
    540.00    528.00    8.2500
    557.00   1116.00    7.6250
    561.00   2376.00    7.1250
    567.00   2340.00    6.1250
    569.00    408.00    8.1250
    570.00    725.00    8.0000
    570.00   2298.00    7.6250
    572.00    439.00    6.3750
    573.00   1132.00    6.2500
    574.00   1497.00    8.1250
    575.00   1298.00    7.6250
    595.00   2223.00    9.5000
    603.00    303.00    9.0000
    608.00   1503.00    7.6250
    612.00   1694.00    6.6250
    613.00   2284.00    8.1250
    612.00    473.00    8.3750
    615.00   2560.00    7.5000
    615.00    763.00   10.8750
    625.00   1569.00    5.7500
    638.00   1034.00    9.6250
    645.00   2255.00    7.8750
    648.00    291.00    7.2500
    649.00    842.00    7.1250
    656.00   1353.00    7.5000
    660.00   1677.00    8.8750
    660.00   2503.00    6.8750
    665.00   2472.00    6.7500
    668.00   1831.00    8.0000
    672.00    706.00    5.3750
    673.00    567.00    9.3750
    685.00    945.00    7.7500
    690.00   2519.00    7.3750
    690.00   1196.00    7.5000
    693.00    658.00    8.6250
    699.00   1693.00    5.3750
    702.00   2029.00    5.5000
    705.00    459.00    8.1250
    708.00   2007.00    7.2500
    709.00   1871.00   11.0000
    716.00    306.00    6.1250
    715.00   1399.00    7.5000
    720.00   1268.00    8.8750
    723.00   1178.00    5.8750
    723.00    465.00    5.1250
    733.00   1757.00    7.1250
    734.00   2260.00    6.6250
    733.00    730.00    8.3750
    747.00    262.00    7.3750
    762.00   2248.00    8.1250
    762.00    669.00    9.0000
    764.00   1453.00    8.8750
    777.00    939.00    8.7500
    778.00   1746.00    8.2500
    780.00    292.00    7.3750
    788.00   1800.00    7.3750
    801.00   1030.00    8.3750
    806.00   1611.00    6.7500
    820.00   1802.00    7.7500
    821.00     62.00    8.1250
    826.00    152.00    5.6250
    835.00    526.00    8.0000
    837.00   1209.00    8.1250
    836.00   2046.00    6.5000
    838.00     23.00    9.2500
    848.00    222.00    7.1250
    846.00    873.00   10.1250
    855.00   2573.00    5.7500
    860.00   1834.00   10.5000
    864.00   1026.00    8.0000
    869.00     54.00   10.0000
    879.00   1232.00    7.3750
    882.00   1780.00    6.0000
    882.00    594.00    9.0000
    883.00   1946.00    5.5000
    894.00   1870.00    7.3750
    897.00    510.00    8.8750
    905.00   2081.00    5.2500
    915.00    131.00    9.5000
    921.00    226.00    6.6250
    926.00   2018.00    9.1250
    929.00    360.00    6.7500
    931.00   2186.00    5.6250
    931.00    985.00    6.5000
    931.00    280.00    8.6250
    938.00     15.00    6.2500
    942.00    856.00    7.3750
    953.00   2022.00    6.1250
    958.00    775.00    9.1250
    961.00    474.00    9.5000
    975.00     95.00    8.0000
    977.00   1527.00    7.1250
    986.00   1374.00    7.1250
    987.00   1483.00    9.5000
    994.00   2185.00    8.0000
   1001.00    354.00    9.5000
   1002.00   2020.00    7.3750
   1009.00   1221.00   10.0000
   1016.00   1766.00    7.3750
   1018.00   2271.00    7.8750
   1019.00   1328.00    7.2500
   1021.00     93.00    8.6250
   1026.00   1089.00    7.6250
   1035.00   1885.00    7.1250
   1041.00   2038.00    6.3750
   1051.00    341.00    8.5000
   1053.00   2558.00    7.1250
   1064.00   2417.00    6.1250
   1065.00   1023.00    7.6250
   1080.00    262.00    8.2500
   1080.00   1591.00    7.1250
   1083.00    459.00    6.6250
   1089.00   2400.00    7.7500
   1093.00   1432.00    8.6250
   1096.00   1005.00    9.8750
   1098.00   1962.00    7.5000
   1099.00    474.00    4.6250
   1102.00   1232.00    7.3750
   1104.00    689.00    6.7500
   1104.00   1272.00    7.3750
   1105.00   1843.00    8.5000
   1110.00   2091.00    8.3750
   1114.00   2138.00    6.3750
   1125.00    536.00   10.3750
   1124.00   1937.00    7.1250
   1124.00   1381.00    7.1250
   1125.00   1764.00    7.7500
   1125.00   1460.00    9.8750
   1140.00   2215.00    8.7500
   1148.00    913.00    8.1250
   1148.00   2433.00    9.1250
   1152.00   2464.00    7.5000
   1163.00    843.00    6.8750
   1168.00   2179.00    6.1250
   1167.00   1911.00    9.1250
   1181.00    129.00    7.7500
   1190.00   1174.00    7.1250
   1194.00   2173.00    6.6250
   1196.00   2425.00   10.7500
   1200.00   1053.00    9.3750
   1216.00   1167.00    8.2500
   1222.00   1506.00    7.6250
   1222.00   2325.00    7.8750
   1228.00    348.00    6.6250
   1227.00   1679.00    6.5000
   1230.00    446.00   10.3750
   1230.00   1469.00    6.5000
   1236.00   2127.00    8.7500
   1243.00   2281.00    6.8750
   1245.00   2455.00    9.8750
   1251.00    796.00    8.2500
   1257.00    375.00    8.0000
   1258.00   1902.00    7.7500
   1266.00    604.00    7.2500
   1267.00    345.00    9.5000
   1268.00   2587.00    5.1250
   1267.00   1214.00    7.1250
   1280.00   2492.00    9.1250
   1275.00   2565.00    8.6250
   1280.00    846.00   10.3750
   1281.00    417.00    8.8750
   1288.00   2258.00    7.5000
   1290.00    553.00    9.1250
   1300.00   2584.00    7.6250
   1300.00   1980.00    7.6250
   1307.00   1511.00    6.6250
   1307.00   2297.00    9.2500
   1310.00   1372.00    5.8750
   1313.00    742.00    7.8750
   1313.00    407.00    7.0000
   1315.00    460.00    6.5000
   1315.00    507.00    8.0000
   1318.00   1327.00    5.5000
   1328.00    895.00    8.8750
   1330.00   1907.00    9.5000
   1335.00   1560.00    8.7500
   1340.00    452.00    7.6250
   1347.00   1175.00    8.8750
   1353.00    553.00    6.3750
   1354.00   2519.00    7.5000
   1358.00   1948.00    7.0000
   1362.00   1273.00    8.3750
   1369.00   2399.00    8.3750
   1371.00   1235.00    9.2500
   1373.00   2146.00    6.8750
   1376.00   2349.00    7.5000
   1388.00   1867.00   10.1250
   1390.00   2163.00    7.1250
   1400.00    171.00    6.7500
   1396.00   2092.00    8.6250
   1401.00    951.00    9.8750
   1407.00    676.00    7.7500
   1411.00    148.00    8.2500
   1414.00   1474.00    7.8750
   1415.00   1555.00    7.3750
   1418.00   1755.00    7.3750
   1422.00   1396.00    5.3750
   1429.00    483.00    8.5000
   1441.00    195.00   10.3750
   1442.00    263.00    7.5000
   1443.00   2575.00    7.3750
   1450.00   1778.00    9.2500
   1450.00   2081.00    6.8750
   1455.00    903.00    6.6250
   1472.00   1871.00    6.6250
   1477.00    402.00    9.6250
   1484.00   1320.00    8.0000
   1484.00   2280.00    6.8750
   1487.00   1348.00    5.2500
   1491.00   1277.00    7.0000
   1494.00    481.00    7.8750
   1497.00   2572.00    7.3750
   1499.00   1677.00    7.0000
   1509.00   1712.00    8.1250
   1512.00    710.00    8.8750
   1516.00     21.00    7.6250
   1514.00   2147.00    9.6250
   1518.00    511.00    7.3750
   1526.00   2350.00    8.0000
   1533.00    218.00    9.1250
   1552.00    493.00    7.2500
   1551.00    704.00    7.1250
   1563.00   1068.00    6.6250
   1566.00   2180.00    6.8750
   1567.00   2266.00    5.8750
   1572.00   1617.00    6.2500
   1574.00   1965.00    4.7500
   1581.00    311.00    8.5000
   1582.00    733.00    7.3750
   1588.00    425.00    6.8750
   1590.00   1944.00    7.3750
   1590.00   1833.00   11.3750
   1599.00    827.00    9.5000
   1608.00   1487.00    8.6250
   1609.00    974.00    6.3750
   1610.00   1973.00    8.0000
   1614.00   2399.00    7.1250
   1621.00   1070.00    8.3750
   1620.00   1440.00    9.0000
   1626.00   2534.00    9.2500
   1628.00   2167.00    7.7500
   1629.00    503.00    6.2500
   1630.00   2585.00    6.5000
   1636.00   2212.00    7.5000
   1641.00    401.00    8.2500
   1641.00   1762.00    8.6250
   1644.00   1236.00    6.1250
   1645.00   2444.00    7.3750
   1660.00    279.00    7.0000
   1658.00   2272.00    7.8750
   1663.00    652.00    7.8750
   1665.00   1552.00    8.2500
   1677.00   2290.00    5.3750
   1689.00    138.00    7.6250
   1688.00     35.00    5.6250
   1691.00   1835.00    6.6250
   1702.00    258.00    8.2500
   1707.00   1815.00    6.8750
   1720.00    386.00    7.7500
   1719.00   1959.00    6.8750
   1727.00    819.00    7.3750
   1748.00   2163.00    6.2500
   1766.00    535.00    6.3750
   1769.00   1649.00    8.8750
   1768.00   1773.00    9.8750
   1776.00   2497.00    9.3750
   1780.00    955.00    8.0000
   1784.00    462.00    8.5000
   1788.00   1490.00    7.7500
   1789.00    237.00    9.7500
   1799.00    983.00    7.5000
   1806.00   1191.00    7.8750
   1806.00   2393.00   10.2500
   1815.00    851.00    7.0000
   1822.00    732.00    9.0000
   1833.00    800.00    8.8750
   1839.00    418.00    8.5000
   1857.00     39.00    7.8750
   1860.00   2142.00    7.5000
   1866.00   1899.00    7.2500
   1867.00     87.00    7.7500
   1870.00   1165.00    7.6250
   1877.00    207.00    8.3750
   1884.00   2099.00    7.1250
   1885.00   2554.00    9.5000
   1887.00   1921.00    7.6250
   1908.00   2466.00    6.3750
   1913.00     70.00    7.6250
   1915.00   1414.00    7.5000
   1923.00   2087.00   12.3750
   1927.00    508.00    9.7500
   1931.00   1255.00    8.7500
   1930.00   2351.00    6.7500
   1934.00   2456.00    6.5000
   1936.00    832.00   11.8750
   1934.00   1643.00    6.2500
   1943.00   1371.00    6.0000
     79.00      0.00   10.0280
     39.00    319.00   10.9935
    113.00    601.00   12.0875
    135.00    803.00   10.5700
    206.00    966.00   11.7265
     37.00   1095.00   11.1250
    176.00   1128.00    9.2705
    241.00   1307.00   12.4380
    327.00    846.00    9.5000
    312.00    936.00   11.7265
    339.00    808.00    9.5450
    392.00   1155.00   10.4885
    428.00    759.00    6.3420
    435.00    743.00    8.2130
    483.00    796.00    8.0990
    444.00   1036.00    9.2705
    476.00   1038.00    6.9530
    480.00   1016.00    5.5625
    496.00   1013.00    8.0990
    131.00   1548.00    9.0655
    208.00   1552.00   10.0000
     36.00   1638.00   10.8115
     55.00   1876.00   10.5700
     42.00   2082.00    9.1775
     32.00   2055.00    8.1085
    238.00   1896.00    5.9910
    222.00   1880.00    5.9910
    245.00   1873.00    8.0990
    251.00   2024.00    7.2525
    303.00   1915.00    9.7305
    307.00   2069.00   10.2660
    342.00   2149.00   10.5905
    348.00   2228.00   10.9935
    224.00   2317.00    7.8665
     89.00   2187.00   10.6360
    266.00   2213.00   10.5905
     11.00   2321.00   11.7265
     50.00   2573.00   11.7995
    454.00   2419.00    8.5000
    454.00   2387.00    7.8665
    540.00   2137.00   11.4670
    590.00   2049.00   10.4525
    486.00   2067.00    9.8820
    236.00   2296.00   13.1760
    388.00   2153.00   13.1110
    388.00   1295.00   13.4985
    620.00    105.00    7.9750
    613.00     80.00    8.2140
    745.00     53.00    7.4210
    808.00    140.00    9.4400
    846.00    441.00   11.0000
    806.00    509.00   10.0280
    652.00   1459.00   10.9935
    519.00   1666.00   10.1240
    767.00   1245.00   10.1240
    773.00   1564.00    9.2765
    832.00    997.00    9.8330
   1013.00    873.00   10.6360
    979.00    842.00    7.9275
    944.00    177.00   10.5905
   1064.00    124.00    8.4015
   1081.00    793.00    6.5555
   1068.00    781.00    6.1845
   1091.00    610.00    5.5625
   1087.00    595.00    7.4745
   1298.00     26.00   10.2400
   1382.00    331.00   11.1250
   1213.00     82.00   12.3685
   1444.00     64.00   12.3685
   1475.00    268.00    8.0000
   1708.00    287.00    9.0000
   1868.00    287.00    6.3420
   1889.00    284.00    6.1440
   1757.00    495.00    8.5090
   1943.00    443.00    9.4725
   1935.00    678.00    7.6800
   1843.00    834.00    9.0655
   1788.00    788.00    5.4055
   1784.00    769.00    6.5555
   1754.00    804.00    6.7490
   1611.00    589.00    5.1200
   1610.00    566.00    5.9000
   1701.00   1033.00    9.0655
   1691.00   1003.00    8.7950
   1681.00    976.00    8.0000
   1586.00    941.00    5.7270
   1594.00    923.00    7.1235
   1857.00   1432.00    9.4725
   1774.00   1442.00    8.4725
   1343.00    915.00    6.2930
   1368.00    921.00    7.1235
   1645.00   1309.00    6.7670
   1643.00   1284.00    7.2525
   1270.00   1431.00    5.2850
   1265.00   1413.00    7.5000
   1884.00   1750.00    5.9360
   1890.00   1738.00    7.8935
   1695.00   1676.00    8.4725
   1568.00   1327.00    9.8330
   1715.00   1886.00   10.0280
   1803.00   1931.00   11.2785
   1863.00   2219.00   10.5700
   1781.00   2130.00   10.2400
   1828.00   2500.00    9.1775
   1688.00   2335.00   10.8115
   1699.00   2240.00    7.8665
   1711.00   2220.00    8.0000
   1595.00   2513.00    9.0655
   1388.00   2420.00    8.8500
   1300.00   2340.00    7.6800
   1184.00   2382.00    9.8820
   1603.00   2077.00    9.0655
   1385.00   1929.00    8.3435
   1471.00   1658.00   11.8725
   1310.00   1812.00   12.0875
   1295.00   1771.00   10.5700
   1341.00   1734.00    7.8665
   1359.00   1706.00    8.7950
   1387.00   1562.00    6.1440
   1368.00   1549.00    7.1235
   1584.00    212.00   10.5700
   1365.00   1031.00   12.0875
   1076.00   1326.00   12.0875
   1029.00   1406.00   10.4525
   1158.00   1703.00    8.3435
   1151.00   1678.00    8.1085
   1019.00   1589.00    7.8665
   1036.00   1577.00    9.0655
   1001.00   1567.00    9.3285
    989.00   1857.00   10.8610
    990.00   1634.00    6.9685
    924.00   1600.00    6.4565
    938.00   1611.00    6.0440
    952.00   1634.00    8.5000
    775.00   1823.00   10.8115
    690.00   1604.00   11.7265
    676.00   1144.00   14.8855
   1104.00   2172.00    7.6830
    724.00   2157.00    7.6830
    726.00   2132.00    7.2575
    749.00   2131.00    8.0860
    811.00   2270.00    6.7385
    833.00   2266.00    8.1420
    888.00   2566.00    8.7855
    917.00   2514.00    9.0000
    919.00   2489.00   11.0000
    145.00   2395.00   18.0810
    496.00   1856.00   13.3410
   1429.00   2199.00   14.8855
