#        y         x         r
      1.00    401.00    7.5000
      6.00   1510.00    6.8750
      7.00     69.00    7.6250
     10.00   1288.00    8.2500
     12.00    556.00    9.0000
     24.00    222.00   10.2500
     25.00   1808.00    7.3750
     28.00   1997.00    7.1250
     46.00    394.00    9.2500
     59.00   2016.00    6.7500
     65.00   1095.00    7.3750
     80.00    823.00    6.6250
     88.00   1946.00   10.6250
     88.00    214.00    7.8750
     89.00    863.00   11.6250
     96.00   1148.00    7.5000
    103.00    411.00    8.0000
    107.00    511.00    8.2500
    109.00   1060.00    8.8750
    120.00   1220.00   10.6250
    124.00   2218.00    7.5000
    136.00    529.00    6.2500
    137.00   1862.00    9.2500
    145.00    115.00    8.3750
    149.00    213.00    8.0000
    150.00    442.00    8.8750
    156.00   1262.00    9.6250
    166.00    823.00    7.1250
    167.00   1138.00    8.8750
    172.00    891.00    6.8750
    172.00   1751.00    7.3750
    174.00    178.00   10.1250
    174.00    940.00    7.3750
    186.00   1202.00   11.3750
    186.00    993.00    9.0000
    189.00   2203.00    6.5000
    193.00   1807.00    6.2500
    198.00   1396.00    8.5000
    201.00   1637.00    9.2500
    201.00   1980.00    8.0000
    201.00   1148.00    6.3750
    200.00   1696.00    6.7500
    203.00    417.00    8.1250
    205.00   2231.00    7.7500
    209.00   2430.00    8.2500
    213.00   1555.00    7.2500
    222.00     21.00    8.1250
    225.00    464.00    6.2500
    231.00   1823.00    8.2500
    229.00   1500.00    6.6250
    238.00   1753.00    7.8750
    239.00   1472.00    8.1250
    244.00    848.00    8.1250
    252.00   2515.00    8.3750
    254.00   1860.00    6.8750
    257.00    207.00    6.5000
    256.00   2401.00    6.5000
    261.00    602.00    6.1250
    270.00    537.00   10.1250
    277.00    634.00    8.0000
    275.00    676.00    5.6250
    289.00   2223.00    7.5000
    294.00    962.00    8.1250
    292.00   1086.00    7.3750
    291.00    443.00   10.1250
    295.00   1039.00    7.3750
    302.00     11.00    5.1250
    309.00    868.00    9.4725
    316.00   1617.00    7.6250
    319.00   2556.00    8.1250
    325.00    922.00    9.0000
    327.00    271.00    8.7500
    334.00   2243.00    8.1250
    351.00    352.00    7.5000
    350.00   1630.00    7.1250
    352.00    750.00    7.8750
    365.00    144.00    8.2500
    373.00   2282.00    7.0000
    376.00   1442.00    7.6250
    387.00    101.00    7.6250
    393.00   1309.00    6.7500
    398.00   2447.00    6.2500
    407.00   1389.00    6.6250
    409.00   2375.00    7.8750
    417.00    340.00    7.6250
    424.00   2440.00    7.8750
    426.00   1771.00    7.5000
    426.00   2550.00    7.5000
    429.00   1231.00    6.8750
    433.00    960.00    6.8750
    434.00   1662.00    8.6250
    437.00    110.00    7.3750
    436.00   1736.00    7.0000
    437.00   2510.00    6.6250
    437.00   1890.00    6.7500
    443.00    869.00   10.3750
    449.00   2342.00    8.2500
    455.00   2270.00    7.3750
    452.00   1272.00    6.0000
    456.00   2088.00    7.1250
    460.00   1347.00    7.2500
    458.00   1903.00    6.5000
    462.00    138.00    9.7500
    464.00    520.00    3.6250
    481.00    522.00    9.6250
    484.00    822.00    7.7500
    485.00   2225.00    8.8750
    491.00   2487.00    6.6250
    490.00   2567.00    8.3750
    492.00   1309.00    9.6250
    506.00    421.00   11.3750
    511.00   1261.00    7.8750
    511.00   2426.00    7.2500
    516.00     69.00    7.0000
    520.00   1122.00    8.0000
    534.00    566.00    7.7500
    543.00    421.00    5.6250
    544.00    624.00    7.8750
    548.00    227.00    7.7500
    545.00    394.00    9.0000
    554.00   2029.00    9.0000
    558.00   1179.00   10.2500
    571.00    550.00    7.3750
    571.00    364.00    6.2500
    573.00   2382.00    8.8750
    576.00    651.00   10.8750
    579.00   1449.00    6.7500
    588.00    733.00    7.7500
    590.00    946.00    6.8750
    606.00    492.00    8.6250
    610.00    678.00    8.0000
    619.00    114.00    7.1250
    629.00   1022.00    8.2500
    628.00   2276.00    8.8750
    631.00    311.00    7.3750
    635.00   1636.00    6.1250
    639.00   1284.00    7.6250
    638.00    420.00    9.3750
    651.00   1831.00    9.7500
    653.00   1910.00    6.6250
    658.00   1623.00    7.2500
    659.00    309.00    9.0000
    680.00   1937.00    7.8750
    682.00   1730.00    6.7500
    686.00    427.00    7.2500
    699.00   2047.00    7.1250
    700.00     66.00    8.7500
    704.00     26.00    8.7500
    709.00    227.00    7.6250
    719.00   2461.00    7.1250
    723.00   2401.00    7.2500
    723.00    249.00    7.8750
    729.00    383.00    8.0000
    729.00   1478.00    8.3750
    740.00    559.00    7.2500
    749.00    318.00    7.6250
    754.00   1082.00    6.8750
    758.00   2492.00    9.0000
    759.00   2229.00    7.7500
    768.00    893.00    7.2500
    768.00   1546.00    6.5000
    776.00    267.00    7.7500
    781.00   1705.00   10.6250
    781.00   1301.00    6.2500
    783.00    743.00    7.5000
    798.00    911.00    8.5000
    809.00    408.00    8.3750
    808.00   1112.00    8.7500
    811.00   1169.00   11.0130
    810.00   1545.00    7.0000
    828.00    786.00    9.0000
    829.00    385.00    7.0000
    834.00   1395.00    7.6250
    836.00    560.00    7.0000
    838.00    645.00    7.8750
    839.00    521.00    7.8750
    847.00   1020.00    9.6250
    847.00   1263.00    7.0000
    850.00    356.00    8.8750
    855.00   2427.00    6.6250
    861.00    487.00    8.8750
    870.00   1467.00    7.0000
    873.00    162.00    6.3750
    878.00    750.00    7.2500
    881.00    215.00    6.5000
    882.00    242.00    6.5000
    884.00     90.00    5.3750
    886.00   1664.00    5.6250
    889.00   1592.00    8.0000
    888.00   2455.00    8.2500
    891.00    710.00    8.7500
    896.00    882.00    8.2500
    898.00   1497.00    7.3750
    897.00   1640.00    7.1250
    905.00    114.00    7.3750
    907.00   1892.00    8.1250
    909.00     32.00    9.2500
    932.00    265.00    9.7500
    934.00   1878.00    8.2500
    943.00   1280.00    7.6250
    947.00    410.00    7.3750
    946.00   2280.00    6.3750
    952.00    298.00    7.6250
    953.00    365.00    7.2500
    973.00   1702.00    7.3750
    975.00   1092.00    7.3750
    979.00     78.00    8.3750
    981.00   1733.00    8.5000
    982.00   1789.00    8.0000
    985.00   1573.00    7.8750
    997.00   2211.00    9.6250
   1001.00   2498.00    8.5000
   1009.00    921.00    6.1250
   1009.00    288.00    9.5000
   1019.00   2059.00    7.5000
   1023.00   2542.00   10.8750
   1027.00   2258.00    8.1250
   1034.00    133.00    8.6250
   1041.00    465.00    8.0000
   1056.00    318.00    8.2500
   1059.00    675.00    6.0000
   1059.00    208.00    8.3750
   1065.00   1177.00    5.7500
   1072.00   2155.00    9.0000
   1070.00   1053.00    7.7500
   1073.00    780.00    8.2500
   1082.00   1616.00    8.1250
   1083.00   1670.00    8.2500
   1086.00    738.00    8.5000
   1097.00   2438.00    8.0000
   1101.00   2014.00    7.8750
   1101.00    348.00    6.7500
   1104.00   1962.00    9.0000
   1106.00   1503.00    6.5000
   1107.00    248.00    7.6250
   1108.00   1276.00    7.8750
   1108.00   2188.00    8.6250
   1113.00    314.00    9.2500
   1114.00    569.00    8.0000
   1119.00    709.00    7.2500
   1124.00    806.00    7.7500
   1128.00   1191.00    7.0000
   1138.00   2116.00    7.7500
   1141.00    767.00    9.3750
   1150.00    694.00    7.7500
   1153.00   1608.00    9.5000
   1155.00   1843.00    7.7500
   1161.00   2059.00    9.7500
   1168.00    583.00    7.1250
   1174.00   1257.00    7.8750
   1177.00   1618.00    8.0000
   1180.00     99.00    7.1250
   1190.00    199.00    5.5000
   1193.00    176.00    8.8750
   1196.00   1391.00    6.6250
   1204.00   1501.00    8.7500
   1206.00    807.00    5.0000
   1214.00   1804.00    6.8750
   1216.00    729.00    7.6250
   1218.00    904.00    8.6250
   1226.00    358.00    9.0000
   1227.00    796.00    7.7500
   1234.00   1465.00    6.3750
   1237.00   1612.00    7.1250
   1243.00    872.00    9.2500
   1244.00     63.00    6.0000
   1247.00   1332.00    7.5000
   1248.00   2046.00    6.8750
   1258.00    309.00    8.7500
   1260.00   1715.00    7.8750
   1264.00   1376.00    6.1250
   1266.00   2590.00    5.6250
   1267.00    408.00    6.6250
   1274.00   1878.00    7.0000
   1282.00    538.00    8.6250
   1282.00   2099.00    6.8750
   1295.00   1225.00    9.1250
   1305.00   1990.00    8.6250
   1316.00   1657.00    6.2500
   1317.00   2106.00    6.3750
   1323.00   1078.00    6.5000
   1324.00   1738.00   10.5000
   1328.00     38.00   10.2500
   1330.00    462.00    8.5000
   1330.00   1280.00    7.6250
   1341.00   1610.00    6.6250
   1341.00   1475.00    8.0000
   1344.00    781.00    7.7500
   1348.00   2191.00    6.5000
   1350.00    944.00    7.5000
   1350.00     79.00    6.2500
   1353.00   1812.00    7.6250
   1361.00   1746.00    9.0000
   1366.00    845.00    9.0000
   1363.00   1378.00    8.5000
   1365.00   2207.00    5.8750
   1368.00    126.00    6.6250
   1372.00   1088.00    7.2500
   1378.00   2078.00   12.0000
   1378.00    248.00    6.5000
   1379.00    311.00    6.1250
   1385.00    209.00    8.0000
   1393.00   1021.00    8.2500
   1390.00   1708.00   10.5000
   1392.00    903.00    8.7500
   1391.00    269.00    6.6250
   1391.00   2280.00    6.4870
   1400.00   2565.00    6.2500
   1407.00    145.00    6.6250
   1406.00   2165.00    6.3750
   1415.00     15.00    5.8750
   1417.00    684.00    8.1250
   1425.00   1125.00    6.3750
   1424.00    373.00    7.6250
   1423.00   2538.00    8.1250
   1437.00    595.00    9.0000
   1445.00   2111.00    6.3750
   1452.00   1075.00    7.5000
   1455.00    205.00    8.0000
   1470.00   1910.00    7.3750
   1470.00   1671.00    7.1250
   1473.00   1496.00    8.7500
   1478.00   1299.00    7.3750
   1480.00     22.00    7.0000
   1487.00   1734.00    7.8750
   1490.00    956.00    6.5000
   1493.00   2572.00    7.8750
   1496.00   1094.00    8.2500
   1504.00    384.00    7.5000
   1518.00   1353.00    9.3750
   1522.00   1008.00    8.1250
   1524.00   1497.00    9.0000
   1526.00    175.00    7.3750
   1529.00    958.00    8.7500
   1539.00   1312.00    6.7500
   1543.00   2412.00    9.9850
   1544.00   1943.00    6.1250
   1568.00    998.00    8.0000
   1573.00   1319.00    5.2500
   1578.00   1154.00    9.7500
   1578.00    216.00    6.0000
   1584.00   2255.00    6.8750
   1593.00    617.00    7.2500
   1606.00   2447.00    7.1250
   1605.00    389.00    9.0000
   1605.00   1753.00    8.1250
   1608.00   1310.00    6.3750
   1608.00     35.00    7.3750
   1614.00   1035.00    7.7500
   1628.00    871.00    7.3750
   1637.00     13.00    5.6250
   1636.00    486.00    7.1250
   1640.00   1221.00    8.1250
   1645.00    816.00    8.1250
   1668.00   1219.00    5.1250
   1670.00    912.00    7.5000
   1676.00   1394.00    7.2500
   1681.00   1888.00    6.6250
   1688.00    364.00    8.6250
   1694.00    629.00    6.0000
   1702.00   1304.00    7.5000
   1704.00   1132.00    8.5000
   1705.00    757.00   11.0000
   1713.00    962.00    8.7500
   1717.00   1708.00   10.1250
   1715.00    175.00    7.3750
   1719.00    440.00    9.0000
   1732.00    570.00    6.8750
   1730.00   1335.00    7.2500
   1737.00   1380.00    7.7500
   1737.00    712.00    6.6250
   1745.00    835.00    8.2500
   1743.00   2184.00    8.1250
   1744.00   2323.00    6.2500
   1749.00     80.00    9.5000
   1751.00   1511.00    8.8750
   1758.00   1360.00    8.6250
   1760.00   1905.00    6.6250
   1770.00   1180.00    7.3750
   1773.00   1487.00    8.3750
   1777.00   1524.00    7.0000
   1780.00   1805.00    8.6250
   1780.00   2162.00    6.5000
   1781.00   2541.00    7.2500
   1782.00   1439.00    6.1250
   1792.00    468.00    6.1250
   1789.00    806.00    8.0000
   1795.00   2378.00    8.1250
   1800.00    252.00    9.3750
   1806.00   1431.00    9.7500
   1810.00   1313.00    7.3750
   1828.00   2252.00    8.6250
   1822.00   1187.00    8.2500
   1844.00   1574.00    7.6250
   1846.00   1139.00    7.3750
   1850.00   2419.00    8.2500
   1847.00   1998.00   11.2500
   1848.00   1290.00    6.2500
   1852.00   1225.00    8.3750
   1853.00   1020.00   10.1250
   1854.00   2082.00    6.6250
   1862.00   1810.00    9.5000
   1863.00   1615.00    9.0000
   1874.00    494.00    8.2500
   1878.00    670.00    8.8750
   1878.00   2230.00    7.0000
   1880.00   1155.00    8.6250
   1880.00   1946.00   10.7500
   1886.00   1298.00    8.7500
   1888.00    700.00    9.5000
   1896.00    546.00    6.6250
   1901.00   1478.00    8.3750
   1906.00    907.00    7.3750
   1906.00   1036.00    6.2500
   1905.00   1066.00    7.0000
   1910.00    571.00    6.7500
   1914.00   1641.00    7.3750
   1914.00   1567.00   11.1250
   1918.00   2122.00    7.2500
   1920.00   2279.00    7.3750
   1922.00   1135.00    5.8750
   1930.00   1261.00    7.2500
   1935.00    543.00    6.8750
   1937.00    714.00    8.3750
   1943.00    161.00    4.7500
   1918.00    390.00   12.0000
    202.00    600.00    6.8425
    223.00    601.00    7.6235
    390.00    497.00    8.8940
    399.00    436.00   12.4380
    444.00    470.00   10.5700
    467.00    224.00    8.7950
    681.00      0.00    7.1585
    826.00      0.00    8.7950
   1052.00     12.00    8.4015
    891.00    197.00    8.7950
    962.00    157.00    7.0000
    983.00    177.00    5.7270
    988.00    159.00    6.7670
   1147.00     75.00    9.9850
   1131.00    177.00   11.2020
   1236.00    278.00   10.5700
   1270.00    204.00    9.4545
   1247.00    107.00   10.8115
   1431.00    117.00    9.4545
   1458.00      1.00    8.9040
   1457.00    338.00    8.4585
   1520.00     90.00    8.0000
   1638.00    100.00    7.4885
   1683.00     77.00    8.4585
   1740.00    122.00    9.0000
   1711.00    151.00    8.4015
   1860.00    155.00    6.9530
   1843.00    680.00    6.9530
   1944.00    928.00    6.9530
   1942.00    962.00    6.8830
   1924.00    997.00    7.4885
   1774.00    969.00    9.3285
   1786.00   1090.00    9.0655
   1886.00   1333.00    7.0905
   1772.00   1288.00    7.6800
   1607.00    808.00    9.0655
   1552.00    584.00    8.1085
   1581.00    551.00    9.0000
   1495.00    582.00   10.0000
   1503.00    541.00    9.3285
   1274.00    598.00    9.0655
   1280.00    472.00    9.6845
   1396.00    788.00    4.6640
   1405.00    813.00    5.3180
   1416.00    801.00    5.3180
   1433.00    797.00    4.6385
   1453.00    803.00    6.2575
   1517.00    717.00   11.2785
   1128.00    483.00    9.9850
   1074.00    431.00    8.7950
    954.00    584.00    9.6845
   1001.00    665.00    9.8820
   1064.00    864.00    6.3420
   1053.00    845.00    7.9055
   1451.00    728.00    9.3285
   1328.00    812.00    7.9275
   1870.00   1237.00    9.0655
   1880.00   1642.00    8.1085
   1827.00   1599.00    8.4015
   1792.00   1658.00    5.3180
   1771.00   1653.00    4.5330
   1641.00   1709.00    8.5220
   1775.00   1830.00    8.2130
   1616.00   1811.00    8.0990
   1655.00   1816.00    8.0000
   1609.00   1945.00    7.0000
   1573.00   1953.00    7.0360
   1583.00   1974.00    6.3420
   1596.00   1968.00    6.1440
   1675.00   2204.00    8.0990
   1717.00   2289.00    8.5090
   1753.00   2223.00    7.2525
   1868.00   2381.00    7.8665
   1744.00   2389.00    6.7670
   1738.00   2407.00    7.0360
   1734.00   2434.00    7.0000
   1769.00   2566.00    8.5090
   1789.00   2504.00    7.1235
   1807.00   2500.00    8.0000
    449.00    700.00    7.3290
    466.00    684.00    7.0000
    499.00    878.00    8.5000
    359.00   1024.00    6.7670
    268.00   1116.00    7.2525
     89.00    917.00    8.3620
     84.00   1308.00    8.0000
    100.00   1289.00    8.5090
    234.00   1403.00    8.3620
    298.00   1326.00    6.7670
    558.00   1261.00    8.5090
    684.00   1116.00    7.4630
    712.00    647.00    9.8820
    834.00    740.00   10.4525
    958.00    452.00   10.9935
    885.00    637.00   10.4525
    964.00    680.00    9.2765
    856.00    948.00   10.4525
    521.00    722.00   11.8815
    783.00   1014.00   11.2020
    956.00   1243.00    7.0905
    901.00   1196.00   10.4525
    863.00   1137.00    8.7950
    743.00   1157.00    6.3420
    743.00   1136.00    8.5000
    696.00   1137.00    8.5090
    663.00   1184.00    9.8565
    238.00    665.00   11.2630
   1204.00   1215.00    9.8330
   1632.00   1369.00    9.8820
   1784.00   1245.00   10.4525
   1917.00   1373.00    9.8330
   1395.00   1483.00    7.1235
   1410.00   1464.00    8.6890
   1323.00   1870.00    8.7950
   1343.00   1840.00    8.0990
   1447.00   1947.00    7.8665
   1463.00   1973.00    9.0000
   1488.00   1981.00    7.4630
   1438.00   2447.00   10.1240
   1294.00   2503.00    9.4725
   1271.00   2563.00    5.7270
   1289.00   2564.00    6.6750
   1282.00   2380.00    8.0990
   1211.00   2404.00    5.9910
   1192.00   2396.00    7.9055
   1193.00   2371.00    7.4210
   1197.00   2328.00    8.7950
   1220.00   1057.00   11.2785
    948.00   1431.00    7.2525
    931.00   1423.00    7.9055
   1044.00   1569.00   10.4885
    950.00   1581.00   10.8115
   1249.00   2258.00   11.2785
   1542.00   2243.00   10.5700
    763.00   1771.00    9.9850
    565.00   1569.00   10.8115
    331.00   1483.00    7.4885
    303.00   1551.00    7.4885
    321.00   1534.00    8.1085
    614.00   1328.00   10.5905
    675.00   1508.00    9.6845
    126.00   1591.00    7.0360
    149.00   1583.00    6.3420
    151.00   1554.00    8.3620
     63.00   1820.00    8.5090
    136.00   1732.00    7.0360
    149.00   1713.00    6.6750
    185.00   1721.00    6.6750
    163.00   1943.00    8.3620
    142.00   2009.00    9.1740
    135.00   2142.00    8.0990
    184.00   2061.00    7.5000
    204.00   2047.00    7.8665
    378.00   1930.00    8.4725
    340.00   1908.00   10.5000
    347.00   1755.00   10.9285
    444.00   1684.00    7.8665
    218.00   1707.00    8.9040
    339.00   1695.00    9.2075
    335.00   1665.00    8.5090
    367.00   2038.00    8.2130
    334.00   2024.00    6.2930
    315.00   2015.00    6.5000
    446.00   2176.00    7.7875
    458.00   2044.00    5.6390
    462.00   2026.00    6.7490
    712.00   1965.00    7.9275
    810.00   2071.00    9.3285
    769.00   2175.00    9.0655
    696.00   2297.00   10.0000
    643.00   2081.00    7.2525
    606.00   2072.00    6.3420
    535.00   2177.00    4.6355
    541.00   2163.00    5.4055
    535.00   2190.00    7.0605
   1003.00   1994.00    9.0655
    938.00   2116.00   11.2115
   1408.00   2292.00    7.5000
    871.00   2375.00    6.4870
    869.00   2353.00    8.0990
    655.00   2454.00    7.4210
    643.00   2403.00    7.7875
    535.00   2482.00    8.3620
    545.00   2352.00    8.3620
    497.00   2357.00   11.5000
    294.00   2336.00    9.5050
    255.00   2284.00    7.8665
    162.00   2196.00   10.0740
    186.00   2130.00   11.1805
    128.00   2380.00   10.0280
     92.00   2458.00    8.5000
     43.00   2429.00    8.4015
   1047.00   2353.00   11.7995
    811.00   2021.00   10.6360
   1341.00   2340.00   13.9060
   1255.00   2147.00   15.8555
    753.00   1193.00   12.3685
    463.00   1422.00   11.7265
   1269.00     53.00    8.5090
    169.00   2531.00   11.2115
   1908.00   2063.00    9.7345
    407.00    757.00   11.7995
    179.00    535.00   10.9935
     85.00    305.00   10.9935
