#        y         x         r
      1.00    563.00    4.8750
      2.00   1423.00    8.8750
      1.00   2047.00    6.8750
      2.00   2265.00    6.1250
      8.00   1247.00    9.5000
      8.00   1913.00    8.5000
      9.00    458.00    7.2500
     20.00    483.00    8.1250
     21.00   1123.00    8.5000
     23.00   2044.00    8.0000
     28.00    933.00    8.7500
     31.00   1057.00   10.2500
     40.00   2524.00    8.2500
     45.00    575.00    9.2500
     58.00    360.00    8.6250
     64.00     84.00   10.6250
     65.00   1062.00    6.7500
     70.00    306.00   10.8750
     70.00   2087.00    7.8750
     77.00    237.00    8.5000
     81.00   1879.00    7.7500
     85.00    337.00   11.6250
     84.00   1547.00    7.6250
     89.00   2035.00    9.3750
     89.00   1252.00    9.0000
     98.00   1062.00    7.6250
    102.00   1573.00    7.3750
    108.00   2454.00    5.8750
    112.00    639.00    5.3750
    112.00   2002.00    6.2500
    115.00   2378.00    6.2500
    121.00    583.00    9.8750
    131.00   2272.00    7.1250
    133.00   2448.00    8.6250
    143.00   1265.00    6.8750
    147.00    476.00    8.5000
    144.00   1054.00    6.0000
    152.00    124.00   11.7500
    157.00   2559.00    6.5000
    158.00   1477.00    8.2500
    159.00   1664.00    7.0000
    168.00    383.00    8.6250
    172.00   1526.00    6.3750
    173.00   2305.00    8.1250
    175.00   2544.00    9.5000
    185.00    957.00    8.5000
    187.00   1504.00    9.3750
    193.00    865.00    8.0000
    193.00   2461.00    7.8750
    212.00    178.00   10.2500
    222.00   1439.00    9.3750
    225.00    400.00    8.0000
    242.00   1570.00   11.6250
    239.00    651.00    8.8750
    241.00   1067.00    7.5000
    252.00    495.00    8.2500
    264.00   1318.00    8.8750
    265.00   2300.00    8.1250
    270.00   1167.00    7.6250
    276.00   1241.00    8.0000
    276.00    425.00    8.6250
    277.00   2330.00    6.6250
    286.00    381.00    8.2500
    283.00    757.00    7.1250
    290.00   1079.00    7.2500
    292.00    216.00    6.6250
    296.00   2103.00    8.6250
    296.00   2394.00    7.6250
    298.00    187.00    8.3750
    301.00    750.00    6.5000
    301.00   1932.00    8.1250
    304.00   2574.00    9.6250
    306.00    290.00    6.7500
    307.00    720.00    8.0000
    307.00   1172.00    8.2500
    327.00   2506.00    7.8750
    345.00   1550.00   10.6250
    359.00   1051.00    8.3750
    362.00    960.00    8.1250
    364.00   2120.00    7.6250
    365.00   1218.00    9.1250
    371.00    187.00   12.5000
    375.00    492.00    8.1250
    379.00   2345.00    7.1250
    381.00    411.00    8.6250
    387.00    651.00    8.3750
    388.00   1992.00    6.8750
    391.00    333.00    6.6250
    392.00   1783.00    8.2500
    407.00    901.00    6.6250
    412.00   1568.00    8.5000
    417.00    647.00    8.0000
    424.00   1033.00    8.2500
    428.00   1706.00    7.6250
    430.00   2340.00    7.3750
    429.00    286.00    9.3750
    435.00    231.00    9.6250
    444.00   1393.00    7.5000
    452.00    684.00    6.3750
    454.00   2216.00    7.7500
    462.00    360.00    6.8750
    462.00   2048.00    6.3750
    464.00    437.00    9.6250
    470.00   1903.00    7.7500
    473.00   2025.00    7.1250
    477.00    556.00    5.1250
    477.00    606.00    8.8750
    479.00   2230.00    7.2500
    484.00   1366.00    8.7500
    488.00   2335.00    7.6250
    491.00   2177.00    8.2500
    492.00    697.00    8.7500
    502.00   2393.00    7.8750
    510.00    870.00    8.5000
    514.00   1054.00    8.8750
    515.00    258.00    8.5000
    528.00   2320.00    5.1250
    539.00   1930.00    8.5000
    539.00   1016.00    8.5000
    540.00    362.00    9.0000
    543.00   2279.00    7.7500
    549.00   2410.00    6.1250
    552.00    885.00   11.3750
    554.00     50.00    8.0000
    555.00    424.00    8.2500
    556.00   1706.00    8.5000
    558.00   1253.00    8.1250
    694.00   2171.00    6.2190
    565.00   1134.00    7.7500
    579.00    983.00    8.6250
    583.00   2414.00    8.7500
    585.00   1057.00    9.6250
    587.00    540.00    9.0000
    598.00    570.00    7.6250
    598.00   1882.00    9.1250
    600.00   1949.00    7.6250
    601.00   1836.00    8.3750
    607.00   1306.00    9.7500
    620.00    554.00    9.1250
    628.00   1325.00    9.1250
    632.00     96.00    8.8750
    636.00    858.00    8.2500
    648.00   2368.00    7.8750
    650.00    309.00   10.8750
    656.00   1927.00    6.8750
    660.00   1729.00    5.7500
    661.00   1461.00    7.6250
    672.00    958.00    9.8750
    672.00   2348.00    9.2500
    673.00    910.00    9.7500
    680.00    241.00   10.8750
    681.00   2103.00    6.7500
    692.00    779.00    9.2500
    694.00   1815.00    8.2500
    695.00   1535.00    9.2500
    696.00    287.00    9.0000
    712.00   2321.00    7.5000
    710.00   2416.00    6.7500
    720.00   1109.00    9.7500
    721.00   1367.00   10.5000
    727.00   1627.00    6.6250
    727.00   2441.00    8.6250
    743.00   1957.00    8.1250
    747.00    388.00    8.8750
    750.00   1263.00    6.3750
    752.00   2190.00    7.8750
    753.00   1379.00    6.6250
    756.00   2290.00    6.3750
    757.00    426.00    8.5000
    758.00   2534.00    8.7500
    762.00   1978.00    6.8750
    772.00    200.00    8.7500
    778.00    923.00    9.8750
    785.00   1674.00    8.1250
    785.00    345.00    8.1250
    785.00    686.00   10.7500
    785.00   1953.00    7.0000
    790.00   2002.00    9.1250
    790.00   2111.00    7.0000
    796.00   1494.00    7.1250
    799.00    384.00    8.6250
    799.00   1263.00    9.1250
    805.00   1001.00    9.6250
    816.00   2123.00    7.0000
    820.00    227.00   10.8750
    828.00   1096.00    7.9750
    827.00   2469.00    6.8750
    831.00    832.00    8.0000
    836.00   2061.00    6.5000
    846.00   2026.00    7.8750
    841.00   1598.00    6.6250
    845.00   1046.00    8.8750
    847.00   2498.00   10.5000
    851.00   2285.00    6.6250
    854.00    481.00   10.6250
    861.00   2345.00    7.0000
    867.00   1930.00    9.0000
    873.00    727.00    8.6250
    892.00   1194.00    6.3750
    900.00    836.00   10.8750
    901.00   2503.00    8.0000
    904.00   1105.00    5.8750
    912.00    969.00    5.8750
    909.00   2464.00    7.6250
    913.00    682.00    8.6250
    912.00    883.00    8.3750
    915.00   2141.00    7.3750
    916.00   2336.00    9.1250
    924.00    576.00    8.6250
    931.00   1214.00    8.8750
    935.00   1830.00    7.2500
    936.00   2189.00    6.2500
    942.00    918.00    7.1250
    947.00   2382.00    7.5000
    942.00    409.00    9.2500
    949.00    956.00    6.1250
    952.00   2007.00    8.3750
    953.00   1864.00    7.0000
    978.00   1162.00    6.7500
    996.00    440.00    7.0000
   1002.00   1211.00    6.3750
   1019.00   1841.00    8.0000
   1024.00    418.00    7.0000
   1022.00   2448.00    8.2500
   1030.00   1486.00    8.3750
   1033.00   1791.00    8.1250
   1035.00   1212.00    7.6250
   1049.00   2358.00    7.3750
   1057.00   2591.00    5.1250
   1061.00   1284.00    9.2500
   1058.00   1857.00   10.2500
   1068.00    108.00   11.1250
   1072.00   2396.00   10.5000
   1089.00    384.00    7.6250
   1092.00   1039.00    7.8750
   1092.00   1566.00    7.0000
   1094.00    633.00    7.7500
   1102.00   1360.00    6.7500
   1107.00    687.00    9.5000
   1115.00     77.00    8.2500
   1114.00   1290.00    7.3750
   1115.00   1905.00    7.8750
   1120.00    418.00    8.6250
   1120.00   1317.00   10.0000
   1128.00   1809.00    7.1250
   1134.00   1032.00    8.3750
   1134.00    870.00    7.1250
   1138.00   1661.00    8.6250
   1145.00   2105.00   10.1250
   1171.00   1261.00    8.0000
   1179.00   2233.00    6.2500
   1181.00   1160.00    8.2500
   1183.00   2534.00    7.6250
   1189.00     98.00    7.0000
   1195.00     66.00    9.7500
   1197.00    639.00    9.6250
   1204.00   1321.00    7.7500
   1208.00    217.00    8.6250
   1211.00    141.00    6.3750
   1217.00   1153.00    7.3750
   1215.00   1933.00    8.6250
   1217.00    959.00    7.5000
   1219.00   2204.00    7.5000
   1218.00    723.00    9.1250
   1223.00    666.00    6.7500
   1237.00    112.00    9.0000
   1240.00    464.00   10.3750
   1240.00   1011.00    9.5000
   1248.00   2257.00    7.3750
   1253.00   1270.00    9.0000
   1259.00   1425.00    8.8750
   1264.00   1488.00    8.3750
   1269.00    785.00    9.2500
   1272.00   1355.00    8.0000
   1276.00    360.00    9.0000
   1281.00   1326.00   11.5000
   1288.00   2235.00    9.5000
   1311.00   2483.00    8.8750
   1314.00   2263.00    6.6250
   1315.00    276.00    9.3750
   1315.00   2091.00    7.1250
   1319.00   2115.00    5.8750
   1319.00   1417.00    6.5000
   1329.00   2329.00    8.8750
   1327.00   1296.00    9.0000
   1329.00    469.00    8.6250
   1333.00   2198.00    8.2500
   1349.00    567.00    8.6250
   1345.00   2514.00    9.0000
   1344.00   1694.00    7.0000
   1352.00    312.00    8.7500
   1352.00   1014.00    9.0000
   1355.00   1609.00    7.7500
   1356.00   2333.00    7.0000
   1368.00    417.00    9.5000
   1367.00    760.00    8.0000
   1377.00    986.00    6.2500
   1383.00   1582.00    7.8750
   1388.00    738.00    8.1250
   1388.00   1664.00    8.8750
   1416.00    907.00   12.3750
   1417.00   1119.00    8.1250
   1420.00   1000.00    7.6250
   1434.00   1683.00    7.1250
   1436.00   1237.00    8.0000
   1438.00   2494.00    8.0000
   1445.00   1015.00    8.5000
   1455.00    817.00    8.6250
   1461.00    314.00    9.1250
   1469.00   2512.00    9.8750
   1467.00    945.00    6.8750
   1484.00   1362.00    5.3750
   1491.00    512.00    7.3750
   1491.00   1589.00    6.8750
   1492.00   1697.00    7.8750
   1497.00   1961.00    7.5000
   1498.00   1322.00    7.2500
   1521.00   2056.00    8.0000
   1520.00   2389.00    9.0000
   1524.00   1137.00    8.2500
   1527.00    955.00    7.3750
   1536.00    813.00    7.5000
   1548.00   2045.00    9.1250
   1559.00   1062.00    9.7500
   1558.00   1171.00    5.6250
   1560.00   1371.00    8.0000
   1560.00   1557.00    7.5000
   1559.00   2453.00    8.7500
   1577.00   1159.00    9.7500
   1577.00    701.00   11.5000
   1580.00   1637.00    8.6250
   1586.00    191.00    9.5000
   1594.00   1722.00    7.8750
   1590.00    227.00    9.0000
   1593.00   1301.00    7.2500
   1599.00   1092.00   10.2500
   1600.00   1128.00    6.7500
   1601.00    427.00    7.6250
   1626.00   1509.00    6.7500
   1637.00   1729.00    8.2500
   1638.00    360.00    8.8750
   1645.00   2090.00    6.5000
   1643.00   1756.00    7.1250
   1647.00   1289.00    8.0000
   1673.00   1294.00    6.5000
   1676.00   2372.00    7.8750
   1683.00   1534.00    8.0000
   1679.00   2435.00    8.0000
   1691.00   1895.00    9.8750
   1696.00   1591.00    6.2500
   1698.00   1009.00    7.5000
   1701.00   1032.00    5.8750
   1703.00    826.00    8.3750
   1710.00   1135.00    6.7500
   1709.00   1542.00    6.8750
   1712.00   2520.00    8.5000
   1722.00   1814.00    9.2500
   1726.00    195.00   10.5000
   1731.00   2592.00    5.0000
   1750.00   2123.00    7.7500
   1750.00   2150.00    6.0000
   1766.00   2029.00    7.6250
   1768.00   2105.00    6.1250
   1767.00   1739.00    6.7500
   1771.00    300.00    8.2500
   1782.00   1989.00    7.2500
   1788.00    497.00    7.8750
   1788.00   1416.00    6.5000
   1798.00   2387.00    6.5000
   1798.00   2102.00    7.7500
   1800.00   2203.00   10.1250
   1798.00   1862.00    8.6250
   1807.00    761.00    8.7500
   1809.00    222.00    8.5000
   1811.00    367.00    9.1250
   1814.00     24.00    7.0000
   1817.00   1527.00    7.5000
   1817.00   1604.00    7.5000
   1821.00     81.00    6.8750
   1826.00   1281.00    4.8750
   1829.00    248.00    8.6250
   1831.00    411.00    9.5000
   1831.00   2034.00    8.1250
   1835.00    148.00    7.3750
   1843.00    344.00    6.2500
   1845.00   1710.00    7.5000
   1848.00    761.00    9.0000
   1851.00   1228.00    7.5000
   1857.00   2125.00    8.3750
   1862.00    505.00    8.2500
   1864.00   1303.00    7.7500
   1868.00    550.00    9.5000
   1871.00   1561.00    8.5000
   1878.00   1901.00    5.1250
   1877.00   1049.00    8.1250
   1882.00   2444.00    6.0000
   1880.00   1812.00    6.8750
   1889.00   1885.00    8.1250
   1888.00   1264.00    7.6250
   1898.00   1664.00    5.8750
   1904.00    217.00    9.5000
   1904.00    539.00    8.2500
   1912.00   2036.00    4.7500
   1913.00   2152.00    6.5000
   1914.00    735.00    8.3750
   1912.00   1077.00   10.3750
   1913.00   1127.00    9.7500
   1931.00   1931.00   12.0000
   1930.00   1307.00    8.7500
   1937.00    360.00    8.5000
   1932.00    973.00   10.0000
   1933.00   1243.00    8.6250
   1940.00   1443.00    9.7500
   1940.00   2002.00    9.1250
   1941.00   2264.00    5.7500
   1943.00    496.00    8.1250
   1943.00   1750.00    6.3750
      2.00    386.00   10.7815
    167.00    344.00   10.2440
    657.00      0.00    9.2500
    720.00    115.00   12.5140
    547.00    211.00   12.0540
    853.00     31.00   11.7140
    906.00     14.00    8.9845
   1034.00     19.00    9.3855
   1285.00      8.00   10.5255
   1719.00     27.00    8.1420
   1693.00     88.00    8.5235
   1575.00     61.00    8.7855
   1626.00    194.00    8.7855
   1708.00    396.00    9.0405
   1797.00    463.00    9.5770
   1523.00    210.00    8.5235
   1300.00    148.00    8.1420
   1324.00    132.00   10.0000
   1281.00     92.00    7.8580
   1699.00    547.00   11.1540
   1668.00    717.00    9.3855
   1820.00    891.00   10.9300
   1760.00    897.00   10.2440
   1881.00    974.00    7.4425
   1900.00    965.00    8.5000
   1765.00   1054.00    9.5295
   1792.00   1183.00    7.8580
   1777.00   1157.00    7.8580
   1645.00    861.00    8.7855
   1884.00   1326.00    8.6290
   1902.00   1361.00    7.6830
   1888.00   1393.00    9.2765
   1534.00   1463.00    7.4885
   1546.00   1524.00    6.8830
   1609.00   1625.00    9.0655
   1595.00   1699.00    7.9275
   1601.00   1672.00    9.8330
   1476.00   1556.00    9.0000
   1506.00   1550.00    8.9040
   1843.00   2321.00    7.4885
   1866.00   2324.00    8.3435
   1746.00   2417.00    8.9690
   1623.00   2419.00   11.1250
   1660.00   2155.00    9.9850
   1510.00   2419.00    9.2705
   1568.00   2059.00    6.9530
   1589.00   2051.00    7.4885
   1587.00   2004.00    7.8665
   1644.00   1621.00    7.4885
   1514.00   1900.00   10.1240
   1545.00   1855.00    9.5000
   1478.00   1777.00    9.7305
   1417.00   2350.00   13.0000
   1400.00   2120.00   12.3685
   1308.00   1918.00   11.2020
   1350.00   1882.00   11.2020
   1217.00   2513.00   11.1250
   1260.00   2512.00    9.4545
   1280.00   2485.00    9.4545
   1143.00   2535.00   10.0000
    934.00   2492.00    8.9040
   1097.00   2287.00   12.0000
   1123.00   2167.00    9.0655
   1168.00   2100.00    8.4585
   1299.00   1411.00    5.4080
   1304.00   1397.00    5.9205
   1523.00    869.00    9.2705
   1481.00    793.00   10.2400
   1474.00    756.00    9.4545
   1525.00   1217.00    9.4725
   1363.00   1198.00    7.8665
   1426.00    614.00    7.9055
   1400.00    822.00    9.2705
   1365.00    807.00    8.2920
   1296.00    918.00   12.0875
   1320.00    511.00   10.8610
   1150.00    932.00    9.2705
   1498.00   2298.00   11.8725
   1199.00   1359.00   10.2400
   1228.00    559.00   11.7265
   1204.00    366.00    9.4545
   1071.00    438.00   10.2400
   1002.00    603.00   10.2400
   1074.00    272.00    9.5450
   1125.00    270.00   10.5700
   1021.00    202.00    9.2705
    937.00    198.00    9.2705
    938.00    158.00    8.4015
    909.00    157.00    8.9040
   1132.00   1516.00    8.4585
   1153.00   1506.00    8.5000
   1078.00   1423.00    9.5000
    921.00   1692.00    9.4545
    923.00   1589.00    8.7950
    907.00   1552.00    7.8665
    838.00   1695.00    9.0655
   1111.00   1843.00    8.8500
    869.00   1869.00   12.3685
    833.00   1362.00    8.7950
    868.00   1351.00    9.5450
    797.00   1157.00   11.2020
    761.00   1041.00   10.2400
    617.00    983.00   11.2020
    811.00    632.00    9.7345
    724.00    714.00    9.0655
    683.00    610.00    6.2190
    703.00    610.00    6.5555
    655.00    501.00    7.9750
    502.00    348.00    7.1585
    643.00    810.00    7.2525
    619.00    783.00    6.5555
    639.00    785.00    6.5555
    369.00    561.00    5.4970
    372.00    548.00    7.4400
    330.00    646.00    7.5000
    352.00    659.00    6.5000
    402.00    677.00    6.4105
    427.00    680.00    6.5000
     73.00    928.00    9.0655
    303.00    974.00   10.4525
    427.00    948.00    7.9275
    476.00   1040.00    9.0655
    543.00   1214.00    9.8330
    183.00   1157.00    9.7345
    342.00   1375.00   10.1240
    582.00   1345.00    9.8330
    604.00   1577.00    9.6845
    566.00   1613.00    9.6845
    549.00   1650.00    9.6845
    549.00   1760.00    8.4015
    226.00   1619.00    7.4885
    301.00   1715.00    9.0655
    372.00   1798.00    7.9275
    427.00   1825.00    7.9275
    372.00   1839.00    9.2765
    360.00   1868.00    8.3435
    675.00   1874.00   13.1190
    706.00   2154.00    6.8305
    600.00   2126.00    7.0395
    589.00   2098.00    8.0000
    483.00   1781.00    5.6055
    534.00   2193.00    6.1605
    534.00   2169.00    6.0000
    538.00   2151.00    6.6145
    552.00   2137.00    5.3180
    560.00   2125.00    6.1605
    583.00   2592.00    6.1845
    516.00   2542.00    7.8935
    471.00   2468.00   10.4885
    514.00   2466.00    9.5450
    269.00   2572.00    8.2920
    299.00   2293.00    7.4885
    381.00   2057.00    9.1775
    208.00   2079.00    9.9850
    270.00   1874.00    9.2705
    235.00   1870.00    8.2920
    254.00   1845.00    9.8330
    183.00   1823.00    9.8330
    134.00   1801.00   12.5000
     96.00   2177.00   10.1240
    126.00   2142.00    8.4015
    334.00   2199.00   10.9935
    140.00   2309.00    9.8330
     59.00   2240.00   11.4670
     41.00   1884.00    9.5000
     41.00   1831.00    9.8820
    142.00   1736.00   10.5700
    176.00   1996.00   11.7265
    392.00   1373.00   10.2400
    514.00   1139.00   12.4380
     75.00   1219.00   10.5000
    321.00   1868.00   10.5905
    122.00   1263.00    9.3285
   1359.00   1977.00   13.3705
   1468.00   2001.00   10.5700
    965.00   1805.00   11.9865
   1011.00   1332.00   11.3645
