#        y         x         r
      1.00     18.00    7.6250
      2.00    781.00   11.5000
      5.00    318.00    7.2500
     15.00   2196.00    7.5000
     17.00     66.00    7.7500
     27.00    244.00   11.1250
     25.00   2476.00    9.3750
     26.00    403.00   10.1250
     27.00    572.00    7.8750
     29.00   1527.00    7.8750
     32.00   1659.00    7.5000
     38.00    334.00    6.8750
     40.00   1847.00    7.3750
     40.00   2517.00    7.2500
     53.00    710.00    6.8750
     53.00   1155.00   11.0000
     57.00    849.00    9.1250
     69.00   1803.00   10.3750
     75.00    695.00    7.2500
     79.00   1606.00    7.6250
     80.00   2279.00    7.6250
     94.00    103.00    7.8750
     97.00   1711.00    9.2500
    114.00    898.00    8.8750
    116.00    604.00    8.5000
    125.00    351.00    7.6250
    127.00   1888.00    7.7500
    126.00   1631.00    7.3750
    133.00   1585.00    8.5000
    136.00    418.00    8.5000
    138.00   1361.00    7.0000
    156.00    916.00    8.0000
    158.00   1552.00    8.7500
    160.00   1253.00    6.7500
    169.00    697.00    7.3750
    169.00    752.00    7.3750
    179.00    233.00    6.6250
    179.00    967.00    7.6250
    179.00    835.00    7.0000
    179.00   1575.00    6.0000
    180.00   1195.00    7.5000
    187.00    995.00    8.7500
    193.00    519.00    8.1250
    191.00   1246.00    9.0000
    195.00    702.00    6.2500
    199.00   1556.00    7.7500
    205.00    812.00    9.1250
    202.00   1119.00    9.6250
    204.00    270.00    8.3750
    213.00    120.00    6.7500
    218.00    216.00    7.1250
    221.00   1308.00    8.1250
    228.00   2272.00   11.2500
    240.00   2126.00    9.5000
    245.00   1837.00    8.7500
    250.00   2040.00    6.7500
    252.00    945.00   10.8750
    254.00    791.00    6.2500
    259.00   2392.00    8.8750
    289.00   1631.00    7.1250
    289.00    963.00    8.1250
    298.00   2111.00    7.5000
    301.00    341.00    8.1250
    307.00    633.00    7.3750
    313.00   1920.00    6.6250
    314.00    828.00   10.6250
    317.00   1864.00    7.3750
    318.00    674.00    6.0000
    324.00   2051.00    6.1250
    345.00    479.00    6.3750
    345.00   1229.00    7.0000
    360.00    153.00    9.0000
    364.00    114.00    8.3750
    375.00   1950.00    9.5000
    380.00    591.00    8.0000
    385.00   2340.00    9.0000
    388.00   1985.00    7.1250
    393.00    474.00    8.3750
    409.00    173.00    7.3750
    409.00   1863.00    7.5000
    422.00     41.00   10.6250
    430.00   1846.00    8.1250
    437.00   2543.00    7.6250
    457.00    510.00    7.3750
    472.00   2128.00    7.7500
    473.00    364.00    9.5000
    478.00   1504.00    7.6250
    482.00    170.00    6.7500
    484.00   2430.00    8.7500
    486.00   1239.00    6.2500
    490.00     10.00    5.3750
    492.00   1633.00    8.5000
    492.00   2030.00    7.0000
    495.00   1818.00    8.3750
    497.00   1036.00    6.8750
    502.00   1313.00    7.3750
    507.00   1526.00    8.2500
    511.00   1978.00    7.7500
    516.00   1180.00    8.3750
    523.00   2408.00    7.3750
    524.00   1580.00    6.0000
    537.00    209.00    8.3750
    553.00    267.00    6.8750
    547.00   1836.00    8.2500
    551.00    348.00    6.8750
    552.00    778.00   10.6250
    566.00   1279.00    9.1250
    566.00   1505.00    9.0000
    567.00   2174.00    7.3750
    577.00    569.00    7.3750
    592.00   1025.00    8.5000
    595.00   1945.00    6.5000
    602.00   1056.00    8.7500
    601.00   1643.00    8.8750
    603.00   1922.00    7.7500
    625.00    594.00   11.5000
    626.00    799.00    9.7500
    628.00     99.00    7.8750
    627.00    488.00    7.3750
    628.00   2030.00    6.3750
    631.00    859.00    9.0000
    632.00    967.00    7.2500
    641.00     70.00    8.0000
    647.00   1027.00    8.1250
    648.00    519.00   10.5000
    648.00   1496.00    9.0000
    657.00   1645.00    6.0000
    659.00     91.00    8.5000
    661.00   1062.00    6.0000
    660.00   2218.00    7.8750
    662.00   1582.00    8.0000
    664.00   2317.00    8.1250
    668.00   2475.00    7.5000
    693.00    977.00    6.7500
    696.00   1457.00    7.8750
    702.00   2106.00    7.5000
    705.00    487.00    7.3750
    712.00    586.00    9.2500
    716.00   2038.00    7.5000
    717.00    770.00    9.8750
    717.00    509.00    7.0000
    729.00   1583.00    9.7500
    733.00    926.00    8.1250
    737.00   1364.00    7.5000
    743.00   1082.00    8.1250
    747.00   1006.00    9.3750
    761.00   2284.00    8.0000
    768.00   1265.00    7.6250
    776.00   2215.00    7.3750
    777.00   1225.00    9.0000
    789.00   2086.00    8.6250
    809.00    924.00    8.2500
    821.00    987.00    7.8750
    820.00   1465.00    8.1250
    824.00    469.00    9.3750
    823.00   1966.00    6.5000
    827.00   1921.00    6.6250
    827.00    547.00    7.8750
    828.00    898.00    9.2500
    829.00   2319.00    8.5000
    831.00    340.00    9.0000
    852.00   1132.00    8.0000
    853.00   1037.00    9.1250
    859.00    709.00    7.6250
    862.00    619.00    8.2500
    870.00   2281.00    8.0000
    873.00   1871.00    8.3750
    874.00   1105.00    9.0000
    877.00   1217.00    7.8750
    881.00   2335.00    7.3750
    892.00     56.00    8.0000
    892.00    692.00    8.8750
    894.00    405.00    9.5000
    895.00   1198.00    9.0000
    901.00    227.00    7.6250
    906.00   1889.00    9.0000
    914.00   2454.00    7.3750
    915.00    862.00    8.5000
    918.00    804.00    7.8750
    922.00    767.00    7.7500
    923.00   2275.00    9.5000
    928.00   1130.00    8.5000
    929.00   1532.00    7.0000
    935.00   1234.00    8.2500
    939.00    683.00    9.3750
    942.00    892.00    7.7500
    948.00   2028.00    9.0000
    952.00    749.00    7.5000
    955.00   1808.00   10.1250
    962.00    450.00    7.2500
    962.00   1690.00    9.6250
    966.00    906.00    7.8750
    968.00   1476.00    8.5000
    985.00   1285.00    7.5000
    989.00   1741.00    6.1250
    990.00   1960.00    7.7500
    997.00    903.00    6.7500
   1000.00    616.00    6.2500
    999.00   1071.00    7.7500
   1008.00   1337.00    7.3750
   1008.00   2520.00    9.1250
   1012.00   1986.00    9.1250
   1023.00    182.00    8.3750
   1027.00   1621.00    8.5000
   1028.00    330.00    7.3750
   1033.00   2506.00    7.6250
   1035.00   1580.00    9.8750
   1037.00    584.00    7.6250
   1040.00   2151.00    7.2500
   1044.00    289.00    6.3750
   1051.00    318.00    6.0000
   1052.00   1014.00    7.3750
   1053.00   1603.00    8.0000
   1055.00   2236.00    7.6250
   1065.00   2538.00    8.2500
   1068.00   1463.00    6.6250
   1070.00   1330.00    7.7500
   1071.00   1561.00    8.1250
   1075.00   2143.00    9.1250
   1078.00    230.00    9.7500
   1078.00   1217.00    8.8750
   1099.00   1290.00   10.2500
   1094.00   2588.00    8.0000
   1104.00    743.00    7.1250
   1109.00    930.00    8.8750
   1104.00   1897.00    6.2500
   1107.00    369.00    8.3750
   1128.00   2523.00    7.6250
   1128.00     64.00    6.8750
   1139.00    721.00    8.5000
   1140.00   1608.00    8.0000
   1145.00    849.00    7.6250
   1150.00   1694.00    7.0000
   1158.00    389.00    8.7500
   1158.00   1997.00    7.5000
   1171.00    814.00    5.7500
   1166.00   2133.00    9.7500
   1168.00     13.00    6.7500
   1169.00    440.00    6.5000
   1169.00    678.00   11.0000
   1172.00    914.00   10.1250
   1174.00   1937.00   12.5000
   1175.00     56.00   10.7500
   1179.00    948.00    7.3750
   1180.00    373.00    8.6250
   1194.00   1551.00    8.7500
   1213.00    882.00    9.3750
   1219.00   1725.00    8.2500
   1224.00   1270.00    8.5000
   1226.00   1106.00    8.0000
   1227.00   1460.00    6.7500
   1239.00   1882.00    8.6250
   1241.00    983.00   10.3750
   1256.00    133.00    8.3750
   1258.00   2354.00    8.5000
   1257.00    444.00    9.3750
   1260.00   1987.00    8.1250
   1262.00    603.00    8.2500
   1267.00    242.00    9.1250
   1279.00    294.00    9.1250
   1279.00    120.00    3.1250
   1288.00     19.00    8.5000
   1296.00    111.00    9.0000
   1297.00     47.00    7.7500
   1304.00   1084.00    7.0000
   1304.00   2240.00   10.1250
   1305.00   2490.00    7.2500
   1309.00   2330.00    6.3750
   1316.00   2132.00    9.5000
   1327.00    561.00    8.8750
   1326.00   2412.00   10.6250
   1328.00   1795.00    8.8750
   1334.00   2506.00    8.3750
   1337.00    912.00    6.2500
   1342.00    979.00    7.3750
   1362.00    730.00    6.5000
   1370.00    626.00    8.6250
   1381.00   2177.00    6.3750
   1383.00   1666.00    8.5000
   1384.00   1751.00    8.5000
   1395.00    111.00    9.2500
   1397.00   2383.00    7.3750
   1396.00   1209.00    7.0000
   1401.00   2142.00    8.0000
   1402.00   1397.00    8.5000
   1406.00   1480.00    9.6250
   1407.00   1685.00    9.6250
   1414.00    233.00    7.3750
   1419.00    675.00    6.5000
   1419.00    733.00    7.3750
   1420.00   1199.00    7.2500
   1420.00    878.00   10.1250
   1427.00   1896.00    8.8750
   1429.00    208.00    9.3750
   1430.00   1529.00    7.0000
   1432.00    989.00    7.5000
   1437.00   2081.00    9.2500
   1437.00   2214.00    7.8750
   1446.00   1734.00    6.8750
   1446.00   1210.00    7.8750
   1466.00   1776.00    9.3750
   1471.00   1709.00    6.5000
   1473.00   2372.00    6.8750
   1485.00   2431.00   10.7500
   1488.00    899.00    8.0000
   1490.00   2062.00    8.8750
   1491.00     73.00    7.8750
   1493.00    270.00    9.5000
   1500.00    675.00    6.5000
   1506.00    647.00    8.2500
   1507.00   2541.00    8.0000
   1516.00   1373.00    7.8750
   1520.00    308.00    8.8750
   1529.00   2393.00    8.0000
   1533.00   1751.00    7.0000
   1534.00   1308.00    6.2500
   1537.00   1484.00    7.6250
   1550.00   2516.00    7.2500
   1559.00    858.00    7.2500
   1561.00    723.00    7.1250
   1561.00   1900.00    8.5000
   1563.00   1817.00    7.8750
   1567.00    115.00    7.6250
   1571.00   2545.00    6.5000
   1582.00   1362.00    7.1250
   1581.00   1493.00    7.2500
   1583.00   1753.00    6.1250
   1583.00   1329.00    8.7500
   1588.00    774.00    9.6250
   1597.00   2483.00    7.5000
   1598.00    221.00    8.2500
   1604.00   1158.00    8.7500
   1606.00   1738.00    5.5000
   1606.00   1019.00   11.7500
   1611.00   1615.00    7.3750
   1611.00    180.00    8.5000
   1624.00    256.00    7.0000
   1623.00   1497.00    9.2500
   1629.00   1169.00    9.0000
   1628.00   1330.00   10.8750
   1631.00    746.00    8.2500
   1633.00    109.00    7.7500
   1637.00   2102.00    7.1250
   1646.00   1387.00    8.6250
   1651.00    400.00   10.3750
   1657.00   1055.00    8.1250
   1655.00   1191.00    7.8750
   1657.00   1719.00    8.3750
   1656.00   2410.00    8.1250
   1666.00   2254.00    7.0000
   1668.00     73.00   10.1250
   1675.00    777.00    9.8750
   1673.00   1884.00    7.1250
   1684.00   1365.00    8.7500
   1689.00    148.00    6.6250
   1697.00    295.00    8.2500
   1699.00    227.00    7.8750
   1708.00    439.00    6.3750
   1709.00   2209.00    7.6250
   1717.00    959.00    7.5000
   1720.00   2258.00    6.8750
   1734.00    247.00    7.2500
   1745.00    885.00    7.8750
   1738.00   1145.00    7.5000
   1745.00   2094.00    6.2500
   1756.00    866.00    5.6250
   1758.00   1170.00    8.3750
   1760.00    415.00    7.2500
   1762.00   2295.00    6.5000
   1775.00   1710.00    9.2500
   1772.00    841.00    7.0000
   1777.00   1203.00    8.5000
   1779.00   1314.00    6.3750
   1789.00   1422.00   10.7500
   1798.00   2104.00    8.3750
   1801.00   1480.00    6.2500
   1801.00   1610.00    7.6250
   1810.00    359.00   10.1250
   1809.00   1702.00    7.6250
   1813.00   1190.00    7.3750
   1812.00   2124.00    8.3750
   1814.00    794.00    8.3750
   1822.00     75.00    8.2500
   1828.00   1400.00    7.8750
   1841.00    241.00    8.2500
   1850.00    171.00    9.2500
   1856.00   2082.00    8.0000
   1856.00   1969.00    8.7500
   1856.00    939.00    6.8750
   1870.00    560.00    8.5000
   1870.00   2060.00    9.3750
   1872.00   2404.00    9.1250
   1873.00    683.00    8.6250
   1878.00   1594.00    6.0000
   1883.00     85.00    7.5000
   1891.00    767.00   10.1250
   1895.00   2063.00    6.7500
   1903.00    233.00    7.2500
   1905.00   1633.00    7.0000
   1907.00   2299.00    6.5000
   1912.00   2407.00    7.6250
   1913.00   2325.00    9.2500
   1923.00   2259.00    7.7500
   1929.00   2133.00   10.1250
   1927.00    205.00    8.2500
   1938.00    502.00    9.2500
   1938.00   1145.00    9.1250
   1943.00   2271.00    6.0000
    660.00    756.00   11.5000
    133.00   1746.00   13.0000
     41.00    161.00    9.6765
     89.00    214.00    6.0815
    102.00    208.00    6.9005
    149.00    127.00    6.7490
    166.00    116.00    7.6450
    270.00     22.00   10.8115
    425.00     95.00   12.0875
     69.00    520.00   12.0875
    255.00    750.00   12.0000
    457.00    420.00   11.2020
    813.00      1.00   11.2785
     50.00   1217.00   12.0875
     97.00   1431.00   10.8115
    152.00   1406.00   10.2400
    272.00   1555.00   11.1250
    306.00   1378.00   10.2400
    287.00   1095.00   10.0000
    291.00   1229.00    7.4885
    303.00   1198.00    9.0655
    326.00   1184.00    9.0000
    378.00   1241.00    8.9690
    394.00   1227.00    9.5000
    457.00   1371.00    9.2705
    477.00   1293.00   11.1250
    445.00    903.00   11.8725
    425.00   1628.00    9.0655
    281.00   1729.00   10.0280
    523.00   1603.00    8.9040
    629.00   1520.00    7.6800
    466.00   1709.00   10.8610
    479.00   1007.00    7.8665
    456.00    998.00    8.6890
    655.00   1229.00    9.0655
    612.00   1158.00   10.5000
    380.00    831.00   13.4985
    452.00    688.00   12.0875
    548.00    682.00   11.7265
    877.00    832.00    9.4545
    895.00    621.00   10.5700
    908.00    574.00    9.5450
    974.00    542.00   11.7265
    808.00    216.00   10.9935
    950.00    205.00    7.9275
   1036.00    108.00    8.7950
   1061.00    481.00    6.5000
   1061.00    465.00    6.8830
   1146.00    466.00    6.2575
   1410.00    426.00    8.9690
   1464.00    281.00    9.5450
   1543.00    170.00   10.5700
   1011.00    754.00    7.9750
   1037.00    756.00    9.4545
   1044.00    935.00   11.1250
   1128.00    682.00   10.8115
   1272.00    822.00    8.4585
   1312.00    795.00    6.7670
   1317.00    772.00    8.7950
   1526.00    656.00    7.4210
   1549.00    652.00    9.0000
   1615.00    647.00    8.0000
   1611.00    621.00    6.6750
   1631.00    623.00    7.2525
   1628.00    702.00    7.8665
   1775.00    695.00    8.4725
   1759.00    553.00    8.7950
   1910.00    157.00    7.9055
   1942.00    804.00    7.9055
   1709.00   1056.00    8.6890
   1793.00    790.00    7.8665
   1549.00    810.00    8.9690
   1240.00    290.00    8.2130
    645.00    985.00    8.6530
    714.00    965.00    8.0225
   1057.00   1103.00    9.2075
   1320.00   1145.00    8.7950
   1208.00   1219.00    6.0440
   1212.00   1204.00    7.0000
   1239.00   1193.00    7.0905
   1340.00   1310.00    6.9685
    366.00   1277.00    9.7305
    867.00   1278.00    8.9040
    869.00   1390.00    9.2765
    940.00   1400.00    9.0655
    816.00   1687.00    9.3285
    779.00   1589.00   10.2660
   1678.00    938.00   10.8610
   1520.00   1242.00    7.4210
   1537.00   1231.00    7.8665
   1553.00   1290.00    8.7950
   1784.00   1452.00    8.2130
   1911.00   1893.00    6.3420
   1737.00   1935.00    7.4630
   1694.00   1746.00    8.4725
   1316.00   1581.00   10.5540
   1332.00   1664.00    8.9690
   1351.00   1853.00    8.0990
   1499.00   2175.00    8.3620
   1654.00   2199.00    7.9055
   1661.00   2300.00    7.2525
   1370.00   2317.00    7.7475
   1385.00   2100.00    8.0225
   1209.00   1631.00    9.0000
   1235.00   1698.00    6.9005
   1238.00   1678.00    6.3915
   1252.00   1658.00    7.5000
   1923.00   2449.00    7.4630
   1910.00   2432.00    6.0000
   1650.00   2537.00    7.2525
   1793.00   1241.00    8.0225
   1752.00   1446.00    8.9690
   1681.00   2417.00    4.7850
   1696.00   2420.00    5.9000
   1704.00   2458.00    7.3480
   1717.00   2482.00    6.4510
   1739.00   2476.00    5.8470
   1167.00   2067.00   10.5700
   1163.00   2410.00   10.2400
   1157.00   2376.00   11.2020
   1092.00   2294.00   11.2020
   1068.00   2179.00    9.9850
    777.00   1283.00    7.0605
   1129.00   2023.00    5.8635
   1113.00   2015.00    7.9750
   1061.00   2359.00    6.4565
   1066.00   2342.00    7.6450
    899.00   1349.00   10.0280
    852.00   2551.00    8.1085
    863.00   2037.00    9.8330
    696.00   1910.00    7.9275
    256.00   1866.00    9.0655
    234.00   1915.00    7.6800
   1129.00   1510.00   10.4525
    716.00   1953.00    7.4885
    797.00   2250.00    7.1585
    684.00   2437.00   10.1240
    576.00   1650.00    8.4585
    682.00   1841.00   11.0000
    435.00   2034.00   10.2660
    584.00   2246.00    9.8820
    500.00   2275.00   10.1240
    230.00   2508.00    7.9275
    242.00   2336.00    9.0655
    307.00   2338.00    9.2765
    378.00   2370.00    9.0000
    608.00   2523.00    7.8665
    629.00   2541.00    8.3435
    639.00   2515.00   10.5000
    126.00   2513.00    9.2705
    194.00   2443.00   10.2400
     48.00   2397.00   10.5700
    158.00   2258.00   12.0000
     37.00   1901.00   10.5000
    134.00   1998.00   11.2785
    175.00   2298.00   12.0875
   1505.00   2326.00   11.2020
   1712.00    655.00   13.1110
   1836.00    899.00   10.1240
    446.00   2276.00   11.2020
    672.00   2363.00   11.2785
   1435.00   1582.00   12.9125
   1215.00   1316.00   13.1110
    973.00   1523.00   11.8725
    871.00   1683.00   15.0000
   1475.00    559.00   14.1815
   1561.00   1412.00   15.3600
   1496.00   1109.00   15.8555
