#        y         x         r
      1.00    665.00    6.1250
      1.00   1302.00    8.6250
     13.00    142.00    6.1250
     13.00    322.00   10.6250
     15.00    506.00    9.8750
     19.00    700.00    8.6250
     22.00   2265.00    9.1250
     40.00   1998.00   10.1250
     39.00   2391.00    7.0000
     47.00    203.00    7.7500
     46.00   2464.00    7.8750
     59.00     71.00   10.2500
     60.00   1435.00    8.0000
     60.00   1913.00    9.0000
     65.00    546.00    9.5000
     73.00   1011.00    8.2500
     90.00    409.00    8.7500
     93.00   1146.00    9.0000
    101.00   1687.00    9.2500
    102.00   1353.00    9.5000
    113.00    885.00    9.7500
    115.00    193.00    7.7500
    119.00   2393.00    7.7500
    128.00    469.00    7.8750
    126.00   1748.00    6.3750
    136.00    990.00    7.6250
    147.00   2055.00    8.2500
    151.00   1230.00    7.5000
    151.00   2462.00   10.0000
    158.00   1488.00    7.1250
    162.00   1457.00    6.6250
    169.00    328.00    7.3750
    166.00    679.00    7.8750
    168.00   1947.00    9.5000
    170.00   1202.00    7.1250
    175.00    528.00    7.6250
    200.00    727.00   10.1250
    203.00   1609.00    8.3750
    209.00   1050.00    7.5000
    214.00   1443.00    7.6250
    216.00   1143.00    6.8750
    218.00    302.00    7.8750
    221.00   2521.00    9.5000
    228.00   1398.00    7.2500
    238.00    491.00    9.8750
    236.00   2581.00    6.6250
    244.00   1330.00    6.0000
    249.00   2152.00    7.3750
    247.00    359.00    8.6250
    251.00    389.00    6.5000
    269.00    620.00    9.8750
    269.00   2079.00    8.2500
    271.00   2483.00    7.8750
    274.00   1236.00    7.8750
    281.00    324.00    7.3750
    290.00    411.00    9.0000
    318.00   1981.00    8.3750
    321.00    548.00    7.8750
    339.00   2022.00   10.6250
    338.00   1458.00    6.0000
    341.00    427.00    6.8750
    348.00   2532.00    7.7500
    349.00   2580.00    8.6250
    363.00   1462.00    7.8750
    365.00    956.00    7.2500
    367.00   1151.00    8.0000
    390.00    519.00    7.5000
    397.00   1422.00    7.2500
    397.00   1516.00    7.5000
    405.00   1998.00    7.6250
    406.00   2157.00   10.3750
    407.00   1876.00    8.5000
    412.00    482.00    5.6250
    425.00     12.00    6.2500
    430.00    676.00    7.3750
    435.00   2063.00    9.2500
    441.00    902.00    7.2500
    442.00    767.00    9.5000
    444.00    268.00   10.0000
    448.00   2290.00    7.2500
    456.00   1116.00    8.5000
    457.00   1978.00    8.6250
    463.00    594.00    8.5000
    462.00   1234.00    7.2500
    476.00   1608.00    7.3750
    487.00   2479.00    8.7500
    495.00    691.00    6.8750
    505.00   1501.00    5.8750
    515.00    325.00    7.8750
    516.00   1176.00    6.2500
    522.00    106.00    7.0000
    528.00   2238.00    7.2500
    529.00    886.00    5.1250
    541.00   1111.00   10.3750
    545.00   2301.00    9.2500
    541.00   1515.00    7.3750
    545.00   1988.00    6.8750
    555.00   1949.00    7.3750
    557.00    850.00    6.3750
    561.00    900.00    8.7500
    564.00    444.00    7.3750
    578.00   1495.00    6.8750
    590.00    587.00    7.3750
    592.00   1768.00   11.1250
    595.00    451.00    7.0000
    595.00   2099.00    8.2500
    604.00    913.00    9.2500
    604.00   1507.00    6.5000
    608.00    427.00    8.5000
    617.00    701.00    8.2500
    618.00   1484.00    6.3750
    619.00    165.00    9.0000
    626.00   2220.00    7.2500
    628.00   2413.00    6.8750
    633.00   2459.00    6.6250
    635.00    810.00    8.7500
    635.00    957.00    9.1250
    638.00   1376.00    9.5000
    646.00    199.00    8.1250
    645.00    359.00   10.2500
    654.00   2371.00    7.6250
    656.00   1228.00    8.2500
    657.00    553.00    8.1250
    663.00   1423.00    7.8750
    672.00    697.00    6.3750
    676.00   2204.00    5.7500
    680.00     53.00    9.7500
    683.00   2511.00    7.5000
    685.00    461.00    9.2500
    690.00    804.00    8.8750
    708.00   2482.00    6.5000
    713.00   2092.00    8.5000
    717.00     64.00    9.3750
    723.00   1451.00    9.6250
    737.00    529.00    8.0000
    740.00   2485.00    6.8750
    745.00   1620.00    7.6250
    752.00   1712.00    8.0000
    757.00     32.00    8.3750
    763.00   2307.00    9.5000
    767.00   2138.00    6.2500
    776.00   1695.00    6.0000
    776.00   1976.00    9.3750
    782.00   1420.00    7.5000
    787.00   1925.00    6.3750
    800.00    224.00    9.2500
    802.00     21.00    7.8750
    809.00   1833.00    9.7500
    809.00   1351.00    6.2500
    822.00   2133.00    7.6250
    827.00   2566.00    9.0000
    830.00    265.00    8.3750
    834.00    864.00    6.3750
    843.00   2186.00    8.2500
    844.00   1122.00   12.1250
    845.00   2417.00    7.8750
    845.00    121.00    9.0000
    846.00   1952.00    8.8750
    860.00    250.00    8.5000
    859.00   1063.00    8.1250
    862.00    300.00    8.1250
    870.00   1542.00    7.2500
    871.00   1509.00    9.1250
    873.00   1824.00    4.8670
    877.00    791.00    6.7500
    881.00   1637.00    8.5000
    894.00    534.00    7.1250
    892.00   1263.00    8.8750
    899.00    204.00    9.1250
    897.00   1087.00    7.7500
    902.00    741.00    8.6250
    904.00    924.00    7.1250
    907.00   1692.00    9.7500
    911.00   1293.00    6.6250
    916.00   1749.00    7.5000
    938.00   1012.00    7.6250
    939.00    632.00    8.1250
    951.00   2521.00    7.5000
    953.00   2014.00    6.8750
    957.00    712.00    8.7500
    959.00     25.00   10.1250
    960.00   1833.00    9.2500
    960.00   2325.00    7.7500
    963.00    535.00    8.3750
    974.00   1147.00    7.1250
    986.00   2469.00    8.6250
    989.00   1411.00    7.7500
    992.00   2016.00    7.1250
    999.00    311.00    6.5000
   1003.00   1116.00    6.7500
   1004.00    235.00   10.8750
   1011.00    774.00    8.1250
   1019.00   1083.00    8.1250
   1019.00   1692.00   10.5000
   1018.00   1996.00    9.6250
   1017.00   2515.00    7.0000
   1022.00    799.00    7.5000
   1025.00   1504.00    8.3750
   1031.00    697.00    8.1250
   1037.00     51.00   10.6250
   1046.00    302.00    7.7500
   1047.00   1298.00    9.7500
   1051.00    157.00    8.0000
   1061.00    885.00    7.3750
   1063.00    810.00    8.8750
   1068.00   1398.00    9.2500
   1081.00    404.00    9.2500
   1081.00   2421.00    7.1250
   1092.00    577.00    5.8750
   1093.00   2079.00    9.0000
   1094.00    884.00    8.2500
   1101.00   2368.00    7.2500
   1099.00   1472.00    6.7500
   1106.00   1441.00    6.8750
   1122.00    654.00    7.7500
   1123.00   1131.00    9.0000
   1123.00   1227.00    8.0000
   1126.00    413.00    7.8750
   1129.00   2582.00    7.1250
   1133.00   2413.00    8.2500
   1134.00    289.00    7.7500
   1137.00   1731.00    8.5000
   1141.00   2505.00    6.1250
   1147.00   1105.00    7.3750
   1151.00     81.00   12.0000
   1152.00    276.00    9.5000
   1159.00   1994.00    6.7500
   1166.00   2442.00    9.1250
   1178.00   1358.00    5.7500
   1179.00   1490.00    8.1250
   1185.00    718.00    7.2500
   1183.00   2527.00    7.6250
   1191.00    246.00    8.8750
   1191.00    521.00    7.3750
   1196.00    639.00    7.5000
   1199.00   1175.00    7.0000
   1201.00   1920.00    9.6250
   1201.00   2032.00   11.8750
   1209.00   1756.00    5.7500
   1210.00    199.00    8.2500
   1214.00   1962.00    6.8750
   1215.00   2349.00    7.6250
   1228.00   1404.00    8.2500
   1228.00   1729.00   10.2500
   1237.00    985.00    8.5000
   1239.00   2216.00    8.1250
   1245.00   1991.00    8.0000
   1253.00    907.00    8.8750
   1258.00   1160.00    7.0000
   1260.00   1096.00    7.7500
   1263.00   1043.00    6.1250
   1264.00    375.00    8.0000
   1268.00   1271.00    8.1250
   1270.00   1511.00   10.2500
   1271.00     47.00    9.6250
   1271.00    318.00    8.5000
   1283.00   2070.00    8.7500
   1286.00    751.00    9.6250
   1288.00    590.00    7.5000
   1291.00   1888.00    7.0000
   1309.00   1858.00    6.2500
   1313.00   1947.00    7.8750
   1313.00    337.00    9.2500
   1314.00   1156.00    7.2500
   1312.00   1624.00    9.6250
   1316.00   1534.00    7.7500
   1316.00     49.00    6.7500
   1315.00   2540.00    7.1250
   1324.00   1807.00    7.3750
   1328.00   2395.00    7.5000
   1336.00   2157.00    8.0000
   1344.00   1306.00    7.7500
   1353.00   1426.00    8.0000
   1356.00   2528.00    8.6250
   1357.00    177.00    8.0000
   1361.00   1230.00   10.2500
   1365.00   2158.00    7.6250
   1368.00   1935.00    6.0000
   1370.00   1548.00    6.5000
   1373.00   1339.00    8.0000
   1377.00   1070.00    6.7500
   1378.00   1903.00    6.8750
   1379.00    442.00    8.0000
   1380.00   1767.00    7.5000
   1393.00   2004.00    9.3750
   1393.00   2407.00    7.7500
   1394.00   1514.00    8.8750
   1402.00   2241.00    7.6250
   1403.00    550.00    9.7500
   1404.00    790.00    8.2500
   1408.00   1757.00    8.3750
   1409.00   2446.00    9.1250
   1425.00   2572.00    9.1250
   1428.00    476.00    6.7500
   1429.00    910.00    7.3750
   1438.00   2499.00    8.7500
   1443.00   1413.00    7.7500
   1445.00    122.00   11.2500
   1445.00   1587.00    6.7500
   1452.00   1704.00    7.3750
   1458.00    889.00    8.3750
   1465.00   2128.00    9.8750
   1460.00   1661.00    7.3750
   1462.00    472.00    7.2500
   1463.00    519.00    7.3750
   1465.00   1885.00    8.6250
   1467.00    716.00    9.2500
   1472.00   1979.00   10.6250
   1469.00   2275.00    6.3750
   1482.00   1752.00    9.2500
   1483.00   1818.00    8.6250
   1484.00    507.00    5.0000
   1496.00   1653.00    7.5000
   1496.00   1946.00    7.0000
   1501.00   2428.00    6.5000
   1504.00    649.00    6.7500
   1501.00    898.00    7.3750
   1506.00    763.00    8.1250
   1504.00    967.00    6.7500
   1506.00    802.00    5.7500
   1516.00   2088.00    6.3750
   1516.00   2302.00    7.2500
   1516.00   1995.00    7.5000
   1526.00    611.00    6.7500
   1523.00   2220.00   10.0000
   1525.00   1639.00    7.2500
   1527.00    940.00   10.0000
   1526.00    660.00    7.8750
   1528.00    522.00    8.1250
   1537.00    396.00    8.0000
   1548.00    733.00    6.8750
   1547.00    909.00    7.7500
   1548.00   1697.00    9.3750
   1560.00   1828.00    8.3750
   1564.00     17.00    7.6250
   1572.00   1566.00    6.5000
   1569.00   2162.00    7.1250
   1573.00   2017.00    9.0000
   1576.00    320.00    7.7500
   1580.00    684.00    9.5000
   1577.00   1059.00    7.8750
   1580.00    582.00    6.1250
   1580.00    954.00    7.7500
   1587.00   1268.00    8.8750
   1591.00    825.00    7.8750
   1592.00    127.00    9.7500
   1596.00    864.00    7.7500
   1598.00   1813.00    9.6250
   1604.00   1462.00    7.1250
   1604.00    896.00    5.2500
   1614.00   1875.00    7.0000
   1628.00   2201.00    8.2500
   1643.00    996.00    9.7500
   1632.00    562.00    6.6250
   1636.00   1545.00    8.3750
   1636.00    417.00    9.1250
   1650.00   1701.00    6.8750
   1650.00   1147.00    6.5000
   1651.00    958.00    8.1250
   1656.00   1068.00    9.3750
   1656.00   2121.00    9.2500
   1661.00     85.00    8.5000
   1668.00   1452.00    7.3750
   1685.00   1121.00    6.7500
   1695.00    523.00    9.2500
   1702.00   1097.00    6.8750
   1706.00   1682.00    9.6250
   1714.00   1517.00    6.2500
   1722.00   1576.00    6.3750
   1723.00   2460.00    8.5000
   1726.00    834.00    7.1250
   1729.00   2552.00    7.3750
   1730.00    361.00    7.5000
   1736.00   1701.00    9.6250
   1740.00     87.00    8.1250
   1742.00   2502.00    7.1250
   1758.00    858.00    8.2500
   1768.00   1221.00    8.2500
   1766.00    603.00    8.5000
   1770.00   1165.00    7.7500
   1776.00    124.00    8.6250
   1782.00   2405.00    8.1250
   1780.00   1388.00    6.7500
   1789.00    951.00    7.0000
   1791.00    498.00    7.0000
   1793.00   2193.00    7.3750
   1794.00    906.00    7.5000
   1805.00    330.00    8.1250
   1814.00   1576.00    8.1250
   1815.00   2105.00    8.8750
   1817.00    272.00    8.7500
   1823.00   1239.00    7.8750
   1827.00   2227.00    9.1250
   1836.00   1088.00    7.8750
   1837.00   2373.00    7.7500
   1847.00    254.00   10.3750
   1848.00   1340.00    9.8750
   1848.00   1223.00    7.5000
   1857.00    882.00    6.0000
   1880.00    221.00    7.5000
   1883.00   1327.00    9.1250
   1899.00   1684.00    7.5000
   1913.00   2386.00    9.0000
   1938.00    834.00   11.5000
   1934.00   1621.00    8.5000
   1938.00   2021.00    9.0000
   1941.00   1509.00    7.0000
   1943.00   1193.00    8.6250
    248.00     97.00    9.0000
    135.00   1448.00    6.5555
     78.00   1081.00   11.0000
     67.00    305.00    7.4425
     86.00    296.00    8.7855
    248.00     69.00    9.3855
    263.00    227.00    9.5295
    425.00    230.00    9.5770
    235.00    452.00   12.5000
    137.00    623.00   10.4825
    140.00    707.00    9.8110
    106.00    758.00    5.2445
    123.00    759.00    6.6850
     17.00    824.00    7.3290
    131.00    908.00    8.1085
     54.00   1029.00    7.4630
     60.00   1629.00   11.8725
     67.00   1674.00    9.9850
     56.00   1812.00   14.4815
    119.00   1886.00   11.2020
     46.00   2088.00   11.7265
     89.00   2164.00   12.0875
    107.00   2346.00   10.5700
    129.00   1431.00    7.6450
     55.00   2509.00    8.2140
    178.00   2557.00    7.9210
    412.00   2502.00    9.4725
    380.00   2414.00    8.9690
    310.00   2361.00    8.5090
    288.00   2238.00    8.9690
    209.00   2058.00    7.8665
    186.00   2009.00   10.9285
    325.00   2127.00    8.3950
    327.00   2106.00    8.2920
    362.00   2225.00    6.0440
    378.00   2225.00    7.5000
    406.00   2370.00    9.5000
    453.00   2235.00    8.8195
    477.00   2125.00    6.9685
    503.00   2134.00    8.5220
    623.00   2592.00    9.0000
    742.00   2590.00    7.2405
    582.00   2292.00    8.0020
    575.00   2217.00    8.0020
    738.00   2439.00    7.5000
    796.00   2478.00    5.9810
    792.00   2463.00    6.8305
    903.00   2479.00   12.5000
   1009.00   2348.00   10.8115
    571.00   2067.00    9.4545
    590.00   1984.00    8.3435
    612.00   1967.00    9.3285
    596.00   1705.00    9.8330
    616.00   1725.00    9.0000
    689.00   1735.00    6.6750
    714.00   1735.00    7.4210
    689.00   1715.00    8.2130
    772.00   2006.00    7.2525
    907.00   2199.00   11.2630
    968.00   2148.00    8.0990
   1206.00   2412.00    9.5000
   1247.00   2466.00   10.5830
   1265.00   2293.00   10.5000
   1316.00   2243.00    9.0000
   1440.00   2427.00    7.8665
   1430.00   2327.00    7.2525
   1452.00   2337.00    8.4725
   1502.00   2378.00    8.5090
   1477.00   2306.00    9.5000
   1679.00   2576.00   10.4950
   1876.00   2426.00   10.2265
   1782.00   2251.00    9.1740
   1619.00   2283.00    7.8665
   1738.00   2169.00    9.1740
   1908.00   2128.00    6.3420
   1934.00   2129.00    7.0360
   1809.00   1970.00    8.2130
   1756.00   1917.00    4.7360
   1761.00   1908.00    5.9130
   1552.00   1963.00    8.7950
   1627.00   1968.00    7.8665
   1652.00   1988.00   10.2400
   1691.00   1783.00   13.1110
   1718.00   1482.00    9.5000
   1678.00   1471.00    7.1585
   1693.00   1442.00    6.1440
   1714.00   1442.00    5.5625
   1720.00   1398.00    7.5000
   1731.00   1385.00    7.5000
   1751.00   1383.00    7.0605
   1679.00   1251.00    7.4745
   1690.00   1228.00    7.4745
   1795.00   1174.00    7.5000
   1836.00   1576.00    8.3950
   1540.00   1353.00   12.4380
   1522.00   1193.00    9.1775
   1514.00   1127.00    9.1775
   1369.00   1146.00    8.7950
   1647.00    760.00   10.0000
   1685.00    739.00   11.2020
   1721.00    635.00    9.2705
   1886.00    839.00   11.8725
   1872.00    708.00   11.2020
   1886.00    608.00    9.9850
   1942.00    565.00    7.6450
   1943.00    595.00    8.2920
   1899.00    335.00    7.4630
   1890.00    312.00    7.0360
   1753.00      5.00    7.4210
   1786.00    416.00    6.2190
   1788.00    398.00    6.8440
   1426.00    672.00   10.4885
   1489.00    439.00   10.2400
   1451.00    317.00   10.8115
   1400.00    372.00   12.5000
   1287.00    818.00   10.2400
   1291.00    229.00   10.2400
   1211.00    369.00    9.4545
   1209.00    756.00   12.0875
   1276.00    614.00    8.7950
   1166.00    848.00   10.8610
   1210.00    987.00    9.0000
   1194.00   1044.00   11.0000
   1121.00   1060.00   10.5905
   1060.00    755.00    7.1585
   1031.00   1025.00   11.0000
   1178.00   1331.00    8.4015
   1208.00   1420.00   10.4525
   1137.00   1320.00    9.3285
   1086.00   1357.00    9.8330
   1581.00    490.00   11.0000
   1691.00    450.00   10.0280
   1271.00   2037.00    7.4885
   1288.00   1845.00    7.6800
   1194.00   1796.00    9.3285
   1147.00   1821.00    9.3285
   1153.00   1788.00    8.8500
    918.00   2018.00    9.0655
    895.00   1896.00    7.4885
    919.00   1902.00    7.6235
    896.00   1719.00   10.0000
    833.00   1668.00    9.4335
    658.00   1508.00   10.2635
    922.00   1193.00    6.9035
    931.00   1180.00    7.5470
   1081.00      1.00   10.2400
    983.00     47.00    6.2960
    995.00     63.00    8.7950
    783.00     69.00   10.8165
    698.00    132.00   10.4525
   1054.00    405.00    8.1085
   1259.00    419.00    9.8330
    976.00    905.00   10.5905
    696.00    665.00   11.2785
   1034.00    535.00   14.0000
    771.00    932.00    6.3420
    773.00    909.00    7.7475
    578.00    650.00    8.4725
    498.00    839.00    9.4725
    742.00   1851.00   13.5000
    680.00   1351.00    8.1085
    492.00   1398.00   10.4885
    414.00   1392.00   11.1250
    289.00   1404.00    9.9850
    271.00   1299.00   10.2400
    366.00   1315.00   10.8115
    480.00   1277.00   10.5700
    553.00   1180.00   12.3685
    355.00   1267.00   11.7995
    262.00   1027.00    6.5555
    279.00   1011.00    8.7950
    248.00    993.00    9.0000
    307.00   1084.00   10.4525
    262.00    824.00    9.0655
    240.00    798.00   10.5000
    407.00    769.00    9.6845
    362.00    688.00    7.0000
    327.00    680.00    7.1585
    326.00    661.00    8.0000
    296.00    657.00    7.4885
    274.00    651.00    7.5000
   1105.00   2176.00    9.9850
    649.00   1078.00   16.2170
