#        y         x         r
      1.00    895.00    8.6250
      1.00   1105.00    5.5000
      9.00   2096.00    8.1250
      9.00   1471.00   10.3750
     11.00   1138.00    6.2500
     11.00    527.00    8.5000
     12.00   1404.00   11.6250
     22.00    662.00    9.2075
     19.00   2165.00    9.5000
     22.00     99.00    7.5000
     20.00    374.00    7.8750
     44.00     80.00    6.6250
     45.00    553.00    7.5000
     54.00    979.00    9.2500
     49.00    465.00    7.0000
     49.00   1989.00    7.5000
     57.00   2032.00    8.6250
     66.00    856.00    9.2500
     66.00   1890.00    7.2500
     77.00    946.00    7.2500
     75.00   1502.00    7.6250
     75.00   2485.00    8.7500
     86.00   2529.00    7.5000
     87.00     89.00    7.6250
     88.00   1828.00    8.5000
     92.00   1535.00    7.4745
     94.00    912.00    9.2500
    113.00    217.00    7.8750
    113.00    928.00    6.1250
    117.00   1588.00    7.1250
    121.00   1730.00    9.6250
    123.00   1978.00    9.5000
    126.00   1041.00    7.6250
    131.00     54.00    8.6250
    133.00   1446.00    7.8750
    136.00   2184.00    7.1250
    143.00    162.00    9.5000
    149.00   2239.00    7.0000
    158.00   2460.00    6.8750
    166.00    202.00    6.8750
    170.00   1668.00   11.6250
    167.00    624.00    9.0000
    170.00    336.00    6.7500
    176.00   1722.00    6.7500
    187.00    506.00   10.0000
    196.00    292.00    7.8750
    199.00   1706.00    9.1250
    201.00    836.00    7.0000
    211.00   1367.00    6.6250
    227.00   1968.00    9.0000
    228.00   2456.00    7.5000
    232.00   2353.00    7.6250
    239.00    519.00    8.3750
    246.00    889.00    6.6250
    256.00   1153.00    7.1250
    254.00   1248.00    8.0000
    256.00   1676.00    6.7500
    265.00   1441.00    6.5000
    268.00    195.00    7.8750
    274.00   1932.00    8.7500
    279.00   1745.00    7.2500
    282.00     52.00    9.1250
    282.00   1704.00    7.0000
    282.00   1077.00   10.2500
    291.00    697.00    7.1250
    292.00   1325.00    7.6250
    298.00   1269.00    6.5000
    303.00    116.00   11.5000
    304.00   1339.00    4.8750
    303.00   1439.00    6.7500
    306.00   2441.00    7.8750
    316.00   1395.00    9.5000
    308.00     19.00    7.5000
    309.00    993.00    7.2500
    312.00   2492.00    6.2500
    312.00   1074.00    9.5000
    318.00   1706.00    8.2500
    322.00    144.00    6.5000
    340.00   1167.00    8.7500
    340.00   1368.00    7.5000
    341.00   1645.00    7.5000
    343.00    383.00    7.7500
    344.00   1083.00    5.6250
    350.00   2548.00    8.0000
    352.00   2198.00    6.6250
    353.00    513.00    8.0000
    368.00    913.00   12.0000
    370.00    822.00    7.1250
    376.00    723.00   10.5000
    383.00   1228.00    5.8750
    381.00   1158.00    5.0000
    382.00   2351.00    7.7500
    387.00   2492.00    9.7500
    393.00   2008.00    8.1250
    395.00   2115.00    6.1250
    400.00   1311.00    6.5000
    401.00     43.00    8.1250
    399.00    308.00    6.6250
    403.00   2081.00    7.7500
    408.00    608.00    7.2500
    414.00    285.00   10.7500
    414.00    554.00    9.0000
    424.00    943.00    8.1250
    422.00   2428.00    8.8750
    425.00    762.00   12.0000
    432.00   1928.00    7.2500
    433.00    837.00    6.8750
    441.00   1148.00    7.3750
    441.00   1362.00    7.6250
    442.00   1750.00   10.2500
    442.00    805.00    9.5000
    449.00   1033.00    6.2500
    459.00   1502.00   10.0000
    463.00   1595.00    9.2500
    464.00    625.00   10.3750
    465.00    927.00    8.0000
    471.00   1113.00    9.1250
    483.00   1798.00    8.1250
    482.00    531.00    7.5000
    493.00    219.00    6.1845
    495.00    552.00    6.0000
    499.00    686.00    7.5000
    500.00     61.00    6.8750
    528.00     56.00    8.0000
    532.00   2543.00    7.0000
    542.00   1110.00    6.8750
    544.00    321.00    8.0000
    544.00   1229.00    7.1250
    545.00   1487.00    7.3750
    552.00    838.00    7.5000
    562.00   1856.00    6.8750
    567.00   1648.00    8.0000
    577.00    326.00    8.6250
    583.00   1749.00    7.5000
    595.00   1780.00    8.5000
    598.00   1411.00    7.2500
    610.00   1203.00    7.3750
    611.00    531.00    6.5000
    616.00   2368.00    6.6250
    618.00   1083.00    8.8750
    617.00   1467.00    7.0000
    624.00   1169.00    9.2500
    624.00    298.00   11.0000
    636.00    627.00    8.8750
    640.00    415.00    7.7500
    642.00    567.00    8.1250
    645.00   2519.00    6.2500
    654.00   1810.00    9.7500
    655.00    270.00    7.0000
    659.00    502.00    9.3750
    665.00    698.00    8.1250
    673.00   2509.00    7.8750
    678.00   1260.00    7.1250
    686.00    500.00    5.7500
    704.00    484.00    8.0000
    704.00    242.00    7.6250
    708.00    715.00    7.1250
    710.00    187.00   11.1250
    722.00     66.00    8.5000
    724.00   2422.00    8.1250
    726.00    895.00    7.7500
    729.00   2450.00    6.3750
    736.00   1695.00    7.7500
    745.00   1852.00    8.3750
    747.00   2286.00    8.8750
    750.00   1964.00    8.7500
    759.00    923.00    7.0000
    760.00     75.00    7.5000
    765.00    784.00    6.2500
    764.00   1038.00    5.0000
    769.00   1358.00    8.0000
    774.00   1020.00    7.5000
    775.00   2557.00    7.6250
    781.00    555.00    9.3750
    788.00    925.00    8.3750
    790.00   1129.00    7.7500
    793.00   2226.00    8.3435
    819.00   1205.00    5.8750
    819.00   1782.00    8.0000
    829.00   1029.00    7.2500
    832.00   2364.00    6.8750
    834.00    802.00    8.1250
    846.00   2073.00    9.2500
    848.00   2192.00    9.7500
    851.00   1169.00    7.0000
    851.00   2125.00    7.5000
    851.00   1125.00    9.1250
    860.00    389.00   10.0000
    862.00   1259.00    7.7500
    866.00   2382.00    6.7500
    875.00   1422.00    7.5000
    890.00   1882.00    6.7500
    891.00    165.00    8.3750
    892.00    597.00    8.2500
    892.00   1305.00    6.1250
    901.00   2128.00    6.7500
    915.00    556.00    8.2500
    920.00   1253.00    7.0000
    925.00   1090.00    9.8750
    921.00   2098.00    7.0000
    928.00    357.00    8.3750
    928.00    429.00    9.3750
    932.00    647.00    8.5000
    966.00   1291.00    8.0000
    969.00    744.00    8.5000
    974.00   1059.00    7.5000
    977.00    397.00    7.5000
    986.00    354.00    9.0000
    991.00    429.00    6.8750
    992.00   1915.00    8.8750
    993.00    761.00    7.2500
    995.00     25.00    6.6250
   1003.00    605.00    8.0000
   1003.00   1508.00    6.1250
   1008.00    172.00   10.3750
   1015.00    483.00    6.6250
   1020.00    201.00    8.3750
   1024.00   2346.00    7.8750
   1035.00   1314.00    8.1250
   1035.00   1609.00    8.2500
   1044.00   1422.00    8.2500
   1039.00   1962.00    7.8750
   1046.00    182.00    5.8750
   1051.00   1532.00    7.7500
   1052.00   2507.00    8.8750
   1067.00   1323.00    8.5000
   1062.00   2397.00    7.5000
   1069.00    241.00    8.2500
   1074.00   1723.00   10.5000
   1090.00   1588.00   10.2500
   1092.00    327.00    7.1250
   1092.00   2340.00    7.3750
   1093.00     45.00    8.6250
   1098.00    519.00    7.7500
   1103.00    541.00    8.2500
   1108.00   1681.00    8.7500
   1111.00   2461.00    7.6250
   1123.00   2031.00    8.1250
   1118.00   1716.00    6.3750
   1128.00   1991.00    7.0000
   1126.00   1211.00   10.8750
   1129.00   1753.00    6.7500
   1129.00    634.00    8.7500
   1135.00   2376.00    7.5000
   1148.00   1453.00    8.5000
   1148.00   2170.00    8.6250
   1154.00    910.00    7.1250
   1158.00   1750.00   10.2500
   1160.00   1899.00    7.7500
   1166.00   2355.00    6.8750
   1182.00    820.00    9.6250
   1180.00    466.00   10.6250
   1179.00    573.00    9.5000
   1187.00   1950.00    6.8750
   1195.00   1145.00    8.3750
   1198.00   2557.00    9.1250
   1199.00   1927.00    9.6250
   1203.00   1694.00    7.0000
   1209.00    497.00    7.2500
   1218.00    258.00    8.6250
   1230.00   1108.00    7.5000
   1226.00   1001.00    9.3750
   1230.00   2475.00    9.5000
   1238.00   1245.00    8.1250
   1243.00   1077.00    9.1250
   1243.00   1553.00    6.5000
   1244.00   1323.00    6.2500
   1246.00   1376.00    7.7500
   1248.00   1633.00    7.5000
   1260.00    506.00    7.6250
   1261.00   1575.00    7.0000
   1264.00   1458.00    7.3750
   1268.00    201.00    7.3750
   1272.00   1615.00    8.2500
   1274.00   1986.00    8.0000
   1284.00   1485.00   10.1250
   1288.00    949.00    7.0000
   1285.00   1317.00    6.0000
   1293.00   1553.00    7.5000
   1296.00   2227.00    7.1585
   1306.00    344.00    7.5000
   1308.00   1020.00    8.6250
   1311.00   2563.00    7.2500
   1314.00   1347.00    8.3750
   1315.00   1755.00    7.8750
   1316.00   1786.00    6.2500
   1316.00   2347.00    7.0000
   1322.00   1416.00    6.8750
   1324.00    370.00    9.6250
   1325.00   1171.00    6.6250
   1332.00   1454.00    8.8750
   1339.00    766.00   10.2500
   1338.00   1566.00    7.7500
   1346.00    865.00   10.6250
   1347.00   1831.00    8.0000
   1351.00   2344.00    7.3750
   1354.00   1481.00    5.1250
   1356.00   2250.00    7.6250
   1360.00   2506.00    9.3750
   1361.00    129.00    7.6250
   1367.00   1659.00    8.2500
   1371.00   1402.00    8.6250
   1375.00   1116.00    7.2500
   1378.00   1492.00    6.2500
   1379.00   2428.00    8.0000
   1385.00    113.00    8.2500
   1391.00    651.00    8.3750
   1397.00   1385.00    8.5000
   1396.00   2459.00    9.3750
   1399.00    317.00    8.5000
   1401.00   2156.00    7.3750
   1408.00    970.00    7.5000
   1414.00   2125.00    7.8750
   1417.00   1083.00    9.3750
   1422.00    612.00    8.2130
   1425.00    378.00    8.7500
   1438.00   1952.00    6.8750
   1443.00   2477.00   10.0000
   1446.00   1552.00    7.5000
   1451.00    667.00    6.6250
   1451.00   1883.00    7.8750
   1454.00   1137.00    7.6250
   1458.00   1368.00    7.2500
   1460.00   2144.00    7.0000
   1472.00   2200.00    7.8750
   1478.00    376.00    7.8750
   1478.00   2347.00    6.3750
   1480.00   2422.00    7.7500
   1489.00    609.00   11.5000
   1489.00   1446.00    8.6250
   1489.00   2286.00    9.1250
   1492.00   1154.00    7.8750
   1498.00   1549.00    7.3750
   1504.00    811.00    8.0000
   1505.00   1934.00    9.3750
   1527.00   1603.00    7.1250
   1530.00   2469.00    9.0000
   1539.00   1652.00    9.0000
   1545.00    120.00    9.1250
   1545.00    526.00    8.5000
   1547.00    690.00    8.6250
   1563.00   2441.00    6.0000
   1566.00     17.00    7.2500
   1567.00    479.00    8.6250
   1582.00   2188.00    8.9690
   1584.00    413.00    7.0000
   1599.00   1668.00    7.6250
   1601.00   2558.00    7.8750
   1609.00   2268.00    8.7500
   1616.00    516.00    8.6250
   1615.00   1972.00    9.0000
   1636.00    180.00    6.1250
   1639.00   1139.00    7.0000
   1659.00   1968.00    7.3750
   1659.00    530.00    7.7500
   1658.00   2038.00    9.6250
   1668.00   1919.00    9.0000
   1674.00   1483.00    7.5000
   1681.00    301.00    6.8750
   1680.00   1241.00    6.2500
   1686.00    351.00    7.8750
   1686.00    810.00    7.6250
   1695.00   1966.00    7.0000
   1692.00    405.00    8.1250
   1702.00    666.00    7.7500
   1709.00   1173.00    7.7500
   1712.00   1245.00    7.1250
   1713.00   1466.00    8.2500
   1725.00   2419.00   10.7500
   1717.00     54.00    7.1250
   1726.00    125.00    8.1250
   1736.00    653.00    8.2500
   1744.00   1025.00    7.5000
   1745.00   1574.00    8.3750
   1749.00    598.00   11.3750
   1749.00   1849.00    6.5000
   1758.00   1252.00    8.0225
   1760.00    910.00    8.5000
   1773.00   1322.00    8.8750
   1779.00    951.00    7.5000
   1784.00    118.00    9.1250
   1786.00    426.00    8.6250
   1787.00    725.00    7.5000
   1795.00   1521.00    5.8750
   1799.00   2094.00    7.6250
   1805.00    937.00    8.6250
   1810.00    450.00    9.5000
   1819.00   1941.00    8.0000
   1824.00    355.00    8.1250
   1826.00    633.00    9.1250
   1825.00    734.00    8.5000
   1831.00   1408.00    7.7500
   1832.00    782.00    8.1250
   1837.00   1003.00    8.2500
   1854.00   2407.00    7.8750
   1854.00   2236.00   10.1250
   1856.00    382.00    6.0000
   1873.00    371.00    7.8750
   1883.00    269.00    6.6250
   1887.00   2179.00    7.6250
   1894.00    741.00    9.1250
   1902.00    241.00    8.3750
   1926.00   1882.00    8.2500
   1936.00    110.00    8.0000
   1936.00    621.00    8.0000
   1942.00   2285.00    8.0000
   1943.00   1026.00    6.6250
   1943.00   1983.00    6.8750
    654.00    359.00   12.5000
    559.00    766.00   11.0000
     28.00   1920.00   12.0000
    407.00      3.00   11.0000
     20.00    130.00    8.6290
    132.00    263.00    6.0270
    149.00    266.00    5.9810
    177.00    459.00    8.0020
    313.00    340.00    7.4745
    271.00    248.00    6.2190
    280.00    229.00    8.0020
    477.00    211.00    5.9360
    510.00    241.00    9.0000
    507.00     94.00    7.9275
    580.00    144.00    8.1085
    592.00      1.00    9.0655
    614.00     33.00    9.3285
    834.00     39.00    7.9275
    848.00     49.00    8.5000
    828.00     91.00    9.8330
    832.00    205.00    8.7950
    881.00     31.00    8.5000
    940.00      4.00    9.5000
    918.00     92.00   10.2660
    944.00    132.00    8.5000
   1135.00     20.00   11.2115
   1127.00     83.00   12.5000
   1070.00    195.00   10.9935
   1290.00     49.00    8.4015
   1312.00     45.00    9.8330
   1738.00     67.00    8.1085
   1684.00    481.00    6.3420
   1704.00    478.00    6.3420
   1875.00    940.00    4.9925
   1864.00    926.00    6.5000
   1535.00    396.00    9.2705
   1564.00    282.00    9.9850
   1538.00    263.00   10.5700
   1419.00    179.00   13.4985
   1392.00    225.00   11.2785
   1325.00    221.00    9.5450
   1286.00    228.00   11.7995
   1251.00    315.00   11.7995
   1184.00    398.00   11.7995
   1084.00    414.00   10.5000
    718.00    439.00   13.5000
    581.00    465.00   10.5700
    494.00    470.00   11.5000
    120.00    566.00   12.0875
    199.00    753.00   13.0000
     35.00    629.00    7.8665
     59.00    635.00    7.0000
    460.00    728.00    8.3435
    476.00    842.00    9.0000
    616.00    728.00    9.6845
    614.00    875.00    9.5000
    855.00    683.00   11.2020
    520.00   1036.00    6.7670
    528.00   1019.00    8.2130
    716.00   1001.00    8.4725
     80.00   1360.00    7.0360
    100.00   1364.00    8.0000
     68.00   1253.00    7.2525
     65.00   1233.00    7.8665
    692.00    692.00    8.0000
   1075.00    856.00    7.5000
   1083.00    826.00    8.0990
   1121.00    853.00    7.2525
   1102.00    824.00    8.0000
   1036.00    816.00    8.6890
   1195.00    751.00    7.8665
   1465.00    564.00    7.7475
   1475.00    650.00    7.8665
   1500.00    654.00    5.9910
   1692.00    725.00    8.5000
   1659.00    849.00    5.6725
   1650.00    832.00    7.5000
   1425.00    756.00    8.7950
   1595.00    931.00    7.9055
   1573.00    917.00    7.8665
   1493.00    990.00    7.4630
   1534.00    995.00    6.7210
   1366.00   1029.00    8.7950
   1195.00    906.00    6.6750
   1226.00    913.00    9.5000
   1744.00   1202.00    7.7875
   1722.00   1096.00    5.0000
   1734.00   1089.00    7.0360
   1907.00   1273.00    7.5000
   1547.00   1349.00    7.5000
   1570.00   1324.00    7.5000
   1585.00   1312.00    7.2525
   1416.00   1332.00    8.2130
   1385.00   1320.00    8.6530
   1298.00   1283.00    9.5000
   1171.00   1159.00    7.2525
   1219.00   1384.00    8.6890
   1396.00   1474.00    9.5000
   1368.00   1563.00   11.7265
   1147.00   1399.00    7.4165
   1151.00   1371.00    7.0000
   1121.00   1070.00    7.9275
   1101.00   1048.00    8.3435
    892.00   1047.00    5.7270
    902.00   1038.00    7.0800
    735.00   1323.00    6.0000
    752.00   1312.00    7.1235
   1618.00   1309.00    9.5450
   1861.00   1741.00   10.5000
   1431.00   1776.00    7.6450
   1454.00   1789.00    7.9750
   1001.00   1363.00   10.1240
    987.00   1483.00   10.8610
   1068.00   1644.00   10.8610
     16.00   1606.00    6.9685
     80.00   1693.00    7.2405
     81.00   1559.00    6.5000
    101.00   1555.00    6.5000
    229.00   1592.00    7.9210
    274.00   1548.00    6.6850
    115.00   1860.00    9.1070
   1502.00    964.00    8.9690
   1225.00    728.00    9.8330
    203.00   1408.00   10.2660
    391.00   1627.00   10.6360
    494.00   1558.00    8.4585
   1558.00   1786.00    7.9275
    337.00    766.00   10.8115
    360.00   1912.00   10.5700
    345.00   2038.00   12.0000
    412.00   2041.00   11.7995
    292.00   1871.00   10.4885
    155.00   1952.00   11.7995
    169.00   2223.00    8.2920
    207.00   2234.00    8.3950
    258.00   2166.00    9.2705
    286.00   2186.00   11.7265
    342.00   2134.00   10.0000
    517.00   1770.00    9.0655
    722.00   1717.00    7.4885
    293.00   2073.00    7.0905
    280.00   2053.00    9.2765
    346.00   2309.00    8.1085
    476.00   2232.00    6.9530
    467.00   2207.00    8.4015
    572.00   2110.00   10.9935
    598.00   2031.00   10.1240
    631.00   2171.00   11.2115
    610.00   2252.00   11.5095
    557.00   2382.00    9.0655
    696.00   2429.00    8.7950
    759.00   1809.00   11.5000
    923.00   1772.00   10.4525
   1031.00   1772.00   11.0000
   1036.00   1725.00    9.0000
   1015.00   1866.00    8.4015
   1186.00   2089.00   12.0000
   1310.00   1898.00   10.9935
   1324.00   2102.00   12.0000
   1770.00   2002.00   12.0000
   1884.00   2094.00   11.0000
   1788.00   2193.00    9.2765
   1813.00   2177.00    7.4885
   1837.00   2181.00    7.4885
   1797.00   2478.00   10.5000
   1746.00   2500.00    9.5000
   1679.00   2248.00    7.4885
   1711.00   2191.00    9.7345
   1683.00   2173.00    9.5000
   1581.00   2087.00    7.9275
   1601.00   2091.00    7.1235
   1585.00   2344.00    9.7345
   1437.00   1732.00    8.5000
   1426.00   2285.00    6.8830
   1408.00   2269.00    9.2765
   1310.00   2153.00    7.6800
   1316.00   2470.00    7.9275
   1327.00   2452.00    8.5000
     22.00   2532.00   10.2400
     12.00   2433.00   12.0875
    210.00   2530.00    9.5450
    267.00   2521.00   11.2785
    502.00   2590.00   10.8115
    963.00   2570.00    9.5450
    811.00   2420.00    8.7950
    828.00   2405.00   10.5700
    811.00   2228.00    9.0655
    844.00   2275.00    7.0905
    848.00   2256.00    8.5000
    885.00   2203.00    7.6800
    944.00   2393.00    9.5000
    981.00   2423.00    6.5000
   1001.00   2415.00    7.4885
    989.00   2393.00    8.0000
   1066.00   2313.00    7.8665
   1088.00   2305.00    9.0655
    987.00   2238.00    8.5000
    984.00   2184.00    6.7670
   1001.00   2181.00    7.4210
   1064.00   2048.00    8.0000
    877.00   1800.00   13.0000
    934.00   2271.00   10.8115
    681.00   1437.00   12.3685
    726.00   1464.00   12.4380
    595.00   1626.00   12.5000
