#        y         x         r
      2.00   2092.00    8.7500
      2.00   2146.00    8.6250
      2.00   2262.00    5.5000
      1.00   2441.00    7.3750
      1.00   2519.00    5.7500
      4.00   2025.00    6.7500
      9.00     65.00    8.2500
     10.00   1418.00    7.6250
     13.00    518.00    9.5000
     14.00   2250.00    6.1250
     17.00    972.00   10.3750
     21.00    674.00    8.3750
     21.00   2390.00    8.1250
     35.00    344.00   11.1250
     34.00   1936.00   10.5000
     35.00   2236.00    7.5000
     37.00    119.00    7.2500
     39.00   1333.00    8.7500
     47.00   1186.00    8.0000
     51.00   2123.00    8.2500
     56.00   2510.00    9.8750
     61.00    109.00    8.2500
     61.00   1218.00    8.8750
     67.00   1800.00    8.0000
     70.00   2029.00    7.5000
     68.00    481.00    9.7500
     71.00   2328.00    7.3750
     84.00   2371.00    6.6250
     87.00   1783.00    6.0000
     91.00   1256.00    8.6250
    100.00   1822.00   10.7500
    100.00    979.00    7.8750
    105.00   1948.00    8.6250
    105.00    223.00    8.2500
    109.00   1670.00    7.0000
    115.00   1585.00    8.0000
    120.00    300.00    7.3750
    119.00   1995.00    8.3750
    121.00   1444.00    7.1250
    128.00   1794.00    8.2500
    133.00   1258.00    8.3750
    138.00   2247.00    7.0000
    138.00   1288.00    5.8750
    149.00    390.00    7.2500
    148.00    282.00    5.2500
    157.00    701.00    9.7500
    158.00   2323.00    6.5000
    161.00   2118.00    8.3750
    174.00   2299.00    6.7500
    175.00    287.00    9.0000
    177.00   1689.00   10.1250
    177.00    403.00    8.3750
    184.00    127.00    9.5000
    182.00   1543.00    8.5000
    188.00   1759.00    9.1250
    194.00   1159.00    7.5000
    198.00   1621.00    7.5000
    197.00   1710.00    8.5000
    202.00   1653.00    8.2500
    202.00    960.00    8.3750
    203.00   1252.00    9.5000
    205.00    302.00   10.1250
    206.00     79.00   10.3750
    210.00   2051.00    8.6250
    219.00   1787.00    7.3750
    222.00    205.00    9.8750
    242.00   1261.00    9.8750
    250.00   1471.00    9.3750
    256.00    187.00    6.0000
    260.00   1051.00    6.8750
    263.00    879.00    9.2500
    264.00   2521.00    8.3750
    266.00   1666.00    9.3750
    267.00   2546.00    6.1250
    277.00   1032.00    6.8750
    278.00   1152.00    9.0000
    279.00   1595.00    6.5000
    283.00   1691.00    8.6250
    286.00   2181.00    8.1250
    287.00     88.00   10.0000
    313.00   1283.00    9.8750
    318.00    661.00    6.3750
    323.00   2499.00    8.5000
    345.00   1287.00    7.5000
    349.00   1790.00    7.2500
    358.00   1557.00    8.2500
    358.00    546.00    6.3750
    366.00    758.00    8.8750
    371.00   1191.00    7.0000
    370.00    267.00    8.0000
    394.00    378.00   10.0000
    395.00   1796.00    6.1250
    401.00   1907.00    6.7500
    406.00   1355.00    9.7500
    416.00    180.00    9.0000
    416.00   1968.00    5.8750
    416.00   1300.00    7.1250
    421.00     53.00    9.2500
    429.00   1378.00    6.0000
    430.00    100.00    7.6250
    433.00   1322.00    6.3750
    438.00   1193.00   10.0000
    433.00   2121.00    8.5000
    435.00   1518.00    9.8750
    441.00   1818.00    8.8750
    442.00    479.00    9.0000
    442.00   1586.00   10.3750
    454.00   1882.00    8.1250
    457.00   2143.00    7.7500
    461.00    454.00    7.3750
    467.00    414.00    9.6250
    465.00    770.00    6.2500
    467.00   1899.00    6.3750
    474.00   1313.00   10.6250
    475.00    357.00    6.5000
    479.00   1187.00    9.0000
    482.00    688.00   10.0000
    492.00   1541.00    7.5000
    492.00   2250.00    7.5000
    498.00   2358.00    8.8750
    498.00   2455.00    9.5000
    505.00     69.00    9.3750
    516.00   2517.00    5.7500
    520.00   1740.00    8.2500
    518.00    395.00   10.3750
    524.00   1505.00    8.6250
    527.00   2224.00    8.5000
    527.00   2253.00    6.5000
    541.00   1318.00    9.3750
    540.00   1783.00    8.7500
    553.00   1450.00    7.6250
    569.00   2279.00    9.1250
    575.00     96.00    8.2500
    579.00   1510.00    8.6250
    583.00   1789.00    9.3750
    595.00    659.00    7.7500
    599.00   1949.00    7.2500
    620.00    223.00   12.5000
    617.00   2315.00    7.5000
    619.00   2460.00    8.8750
    624.00    965.00    7.5000
    626.00   2266.00    7.2500
    647.00   1305.00    7.7500
    649.00    684.00    8.8750
    650.00    870.00    9.8750
    657.00    398.00    6.7500
    658.00    571.00    7.8750
    667.00   1043.00    8.0000
    669.00   1699.00    8.6250
    672.00   1913.00   10.0000
    675.00    180.00    9.0000
    676.00    390.00    9.0000
    697.00   2321.00    8.6250
    703.00    959.00    8.2500
    703.00   2564.00    7.0000
    708.00    921.00   10.2500
    717.00   2526.00    6.5000
    722.00    316.00    8.8750
    724.00   2300.00    6.5000
    735.00    693.00    7.0000
    740.00    661.00    9.8750
    743.00    370.00    6.6250
    752.00    169.00    6.7500
    784.00   1001.00    9.6250
    787.00   1081.00   10.8750
    787.00   1157.00    8.2500
    791.00    263.00    8.6250
    791.00   1887.00   10.6250
    796.00   2557.00    7.7500
    798.00    326.00    8.8750
    801.00    935.00    9.0000
    804.00   1759.00    8.1250
    807.00   1812.00   10.1250
    815.00   1437.00    7.1250
    819.00    228.00    9.0000
    818.00   2378.00    6.0000
    826.00   1957.00    9.5000
    829.00    784.00    8.2500
    832.00    259.00    8.2500
    835.00   1520.00   11.5000
    838.00    154.00    8.7500
    841.00    192.00    8.6250
    846.00    239.00    6.6250
    853.00    303.00    7.8750
    853.00   1817.00    6.1250
    854.00    647.00    9.8750
    856.00    348.00    9.0000
    856.00   2571.00    7.1250
    865.00   1964.00    7.5000
    871.00   1312.00   10.2500
    877.00   2306.00    8.0000
    883.00   1387.00    6.5000
    882.00    390.00    8.8750
    886.00   1890.00    8.1250
    911.00    409.00    5.7500
    909.00   1612.00    8.3750
    915.00    136.00    9.0000
    917.00   1346.00    8.1250
    920.00    451.00   10.3750
    928.00    909.00    8.1250
    928.00   1651.00    9.7500
    941.00   1331.00    8.3750
    959.00   1720.00    6.7500
    966.00   1021.00    6.3750
    970.00   1198.00   10.1250
    983.00    705.00    8.8750
    983.00   1364.00    8.0000
    985.00    977.00    8.0000
    991.00   1402.00    7.5000
    995.00   1248.00    8.7500
    996.00   1740.00    6.3750
   1001.00   1434.00    8.8750
   1005.00   1914.00    8.1250
   1016.00   1096.00    9.6250
   1024.00    263.00    9.6250
   1030.00    583.00    7.5000
   1033.00   1811.00    7.6250
   1036.00   2003.00    7.0000
   1049.00   2244.00    8.1250
   1050.00    771.00    7.0000
   1057.00    990.00    7.5000
   1062.00   1486.00    6.3750
   1062.00    109.00    9.5000
   1063.00   1700.00    6.3750
   1079.00    730.00    9.0000
   1076.00   1511.00   10.2500
   1088.00   1693.00    7.7500
   1088.00    795.00    6.2500
   1089.00   1802.00    9.8750
   1091.00     77.00    8.6250
   1101.00   1745.00   10.1250
   1107.00    203.00    9.8750
   1120.00   1914.00    9.8750
   1126.00   1830.00    6.2500
   1129.00    946.00    8.0000
   1131.00    679.00    8.1250
   1138.00   1808.00    7.6250
   1145.00    325.00    9.5000
   1144.00   1595.00    8.8750
   1146.00   2377.00    7.2500
   1158.00   1307.00    7.0000
   1170.00   2256.00    7.1250
   1172.00    851.00    7.1250
   1175.00   1254.00   10.1250
   1182.00     92.00    9.0000
   1191.00    385.00    6.2500
   1191.00    884.00    8.5000
   1194.00    163.00    7.1250
   1198.00    769.00    9.1250
   1209.00    910.00    7.2500
   1213.00   1469.00    6.7500
   1216.00     46.00   11.7500
   1222.00   1654.00   10.1250
   1217.00   2297.00   10.3750
   1219.00    456.00   10.1250
   1222.00   1286.00    8.2500
   1237.00   1130.00    8.0000
   1241.00   1386.00    7.2500
   1245.00    116.00    9.2500
   1250.00    742.00    7.7500
   1250.00   1815.00    9.2500
   1251.00   2545.00    9.3750
   1265.00   2357.00    9.8750
   1269.00    366.00    7.2500
   1285.00   2420.00    8.5000
   1281.00    676.00    7.3750
   1280.00   1501.00    9.5000
   1282.00   1110.00    7.1250
   1283.00    292.00    9.8750
   1292.00    185.00    9.5000
   1296.00   1020.00   10.8750
   1294.00    758.00    8.6250
   1307.00   2370.00    7.6250
   1310.00   2130.00    6.1250
   1310.00    802.00    7.3750
   1313.00    391.00    7.8750
   1321.00    914.00    8.8750
   1322.00   1551.00    7.0000
   1326.00    352.00   10.1250
   1329.00     68.00    9.0000
   1339.00    386.00    9.0000
   1343.00    864.00    6.2500
   1344.00   2007.00    9.6250
   1350.00    203.00    8.3750
   1348.00   1168.00    8.7500
   1347.00    804.00    7.7500
   1354.00   2514.00    8.5000
   1358.00   2208.00    9.6250
   1358.00   2253.00    6.6250
   1360.00     35.00    8.6250
   1369.00    129.00    7.5000
   1368.00   2545.00    9.5000
   1382.00   2119.00    7.6250
   1387.00   2383.00    8.5000
   1389.00   2434.00    6.2500
   1408.00     35.00    7.3750
   1417.00   2435.00    9.1250
   1421.00   1997.00    8.6250
   1423.00   1479.00    8.7500
   1426.00   1379.00    9.2500
   1426.00   1431.00    5.8750
   1429.00   1758.00    7.1250
   1431.00   2558.00    5.8750
   1434.00   2142.00    7.1250
   1432.00   1211.00    8.1250
   1436.00    388.00    7.1250
   1437.00   2170.00    6.0000
   1441.00   2079.00    8.2500
   1453.00   1694.00    8.6250
   1459.00    599.00    8.2500
   1461.00    968.00    8.6250
   1472.00    631.00    8.2500
   1470.00   2125.00    7.2500
   1473.00    210.00    7.8750
   1492.00   1185.00    7.3750
   1494.00     69.00    8.1250
   1495.00    251.00    8.7500
   1497.00   1932.00    9.3750
   1506.00   1776.00    8.1250
   1512.00    113.00   12.3750
   1515.00   1007.00    5.7500
   1528.00   1541.00    7.7500
   1528.00    164.00    6.5000
   1539.00    241.00    8.0000
   1541.00   1787.00    7.1250
   1543.00    337.00   12.5000
   1544.00    490.00    7.1250
   1548.00    815.00    8.1250
   1560.00   2144.00    7.3750
   1561.00   1133.00    8.5000
   1576.00   2105.00   10.0000
   1576.00   1821.00    7.8750
   1581.00    379.00    9.2500
   1581.00    233.00    9.7500
   1591.00   1231.00    7.8750
   1590.00    995.00    6.7500
   1597.00   2582.00    8.8750
   1595.00   1979.00    8.1250
   1595.00   2228.00    7.6250
   1602.00   1361.00    7.5000
   1612.00    631.00    7.2500
   1614.00    843.00    7.7500
   1615.00   1918.00    9.0000
   1620.00   2340.00    7.7500
   1617.00    423.00   10.7500
   1617.00   1406.00    6.1250
   1618.00    202.00    8.8750
   1628.00   1068.00    6.3750
   1636.00   1521.00   10.6250
   1634.00   2030.00    8.5000
   1639.00   2220.00   10.1250
   1645.00   2065.00    8.6250
   1650.00   1200.00    7.3750
   1659.00   2138.00    9.2500
   1657.00   1650.00    7.5000
   1662.00    482.00    9.2500
   1678.00    618.00    7.8750
   1677.00   2084.00    9.0000
   1687.00   1468.00    7.1250
   1688.00   1090.00    6.5000
   1694.00    245.00    9.1250
   1715.00    647.00    6.1250
   1718.00    839.00    6.0000
   1726.00   1750.00    9.2500
   1726.00   1116.00    9.6250
   1730.00    579.00    7.7500
   1733.00    405.00    8.8750
   1735.00   2184.00    8.0000
   1732.00   2404.00    7.7500
   1736.00   1564.00    8.1250
   1740.00   2482.00    7.0000
   1743.00    925.00    6.0000
   1745.00   2257.00    5.8750
   1744.00    346.00    9.1250
   1748.00   1291.00    7.6250
   1764.00    435.00    8.8750
   1763.00   2523.00    7.7500
   1776.00    644.00    8.5000
   1776.00    497.00    6.3750
   1786.00   1121.00    6.0000
   1792.00    904.00    8.8750
   1789.00   2088.00    7.8750
   1791.00    568.00    7.3750
   1801.00   1274.00   10.8750
   1805.00    637.00    9.5000
   1810.00   1536.00    8.5000
   1807.00    313.00   10.6250
   1816.00    691.00    7.1250
   1811.00   2275.00    7.2500
   1816.00    128.00    7.5000
   1819.00    346.00    8.5000
   1826.00   1935.00    7.8750
   1835.00    523.00    7.0000
   1834.00   1680.00    9.3750
   1837.00    171.00    8.5000
   1842.00   1469.00    6.1250
   1844.00   2328.00    6.1250
   1845.00     76.00    7.0000
   1853.00    459.00    8.1250
   1858.00    353.00    9.0000
   1865.00    137.00    8.5000
   1869.00   2060.00    6.3750
   1880.00   1105.00    9.5000
   1884.00   1621.00    8.8750
   1886.00   1660.00    7.0000
   1888.00    100.00   11.2500
   1890.00   1051.00    8.3750
   1894.00   1567.00    7.3750
   1900.00    333.00    9.3750
   1909.00   1925.00   10.1250
   1905.00   1774.00    7.0000
   1916.00   2096.00    9.8750
   1907.00   1353.00    8.3750
   1916.00    316.00    8.8750
   1927.00   1554.00    6.8750
   1927.00   2322.00    7.3750
   1929.00   2191.00    6.6250
   1930.00   1671.00    9.8750
   1933.00   1969.00    9.8750
   1937.00    457.00    6.1250
   1935.00   2054.00    7.6250
   1936.00   1043.00    6.7500
   1939.00   2164.00    8.8750
   1942.00    807.00    9.3750
   1943.00   1527.00   10.1250
   1943.00   2583.00    7.0000
   1176.00   2109.00   13.5000
   1001.00   2562.00    9.0000
   1934.00   1000.00   12.0000
     15.00      1.00    7.4425
    128.00      0.00    9.4335
    404.00      6.00    9.9490
    522.00      8.00   10.1300
    110.00     88.00    6.8185
    120.00     74.00    8.5235
    103.00    423.00   11.7265
    283.00    394.00   11.7265
    308.00    486.00   11.7995
     78.00    849.00   11.7995
    187.00    907.00   13.1760
    296.00    980.00   12.4380
     78.00    597.00    6.3420
     90.00    584.00    6.3420
    108.00    577.00    8.7950
    318.00   1207.00   11.2785
     51.00   1160.00   10.8115
    422.00   1051.00   13.0000
    561.00    505.00    6.9530
    582.00    513.00    7.4885
    794.00    684.00   10.0280
    801.00    572.00    7.6800
    728.00     26.00   10.0000
    907.00      6.00    8.4585
    975.00     55.00   12.0000
    932.00    244.00   13.0000
   1154.00    140.00    7.8665
   1133.00    100.00    9.3170
   1072.00    330.00    8.5220
   1330.00    294.00    8.9690
   1542.00    178.00    7.2525
   1307.00    579.00    8.3620
   1432.00    509.00    9.4725
   1399.00    443.00    6.1845
   1400.00    422.00    6.2190
   1468.00     33.00    6.6850
   1462.00     10.00    5.5000
   1522.00      5.00    6.8440
   1595.00     23.00    6.2190
   1609.00     36.00    6.8440
   1699.00    193.00   11.4670
   1908.00     43.00    8.4015
   1902.00    543.00   10.4525
   1755.00    595.00    6.1440
   1762.00    578.00    7.0360
   1597.00    773.00    8.4585
   1855.00   1227.00   10.4525
   1943.00   1266.00    8.3435
   1859.00   1348.00   11.7265
   1782.00   1390.00   13.3705
   1730.00   1501.00   12.3685
   1676.00   1629.00   10.5700
   1589.00   1267.00   12.4380
   1553.00   1220.00   11.2785
   1780.00   1617.00   13.1110
   1401.00    892.00   11.8725
   1571.00    703.00   13.9370
   1364.00   1069.00   13.4985
   1290.00   1411.00   11.8725
   1134.00   1011.00   11.8725
   1142.00   1133.00   11.2785
   1104.00   1089.00    9.9850
   1075.00   1187.00   11.7265
   1059.00   1379.00   12.9790
   1021.00    905.00    8.3950
    999.00    919.00    9.4545
    960.00    759.00    8.9040
    985.00    759.00    9.0655
    856.00    949.00    9.1775
    648.00   1257.00    8.7950
    565.00   1335.00   11.1250
    500.00   1371.00   10.0000
    441.00    713.00   13.5000
    520.00   1180.00   13.0000
    281.00   1435.00   13.0000
    553.00   1644.00   12.5000
   1009.00   1308.00    9.6845
    882.00   1242.00    7.0905
    864.00   1235.00    9.0655
    946.00   1503.00    9.2765
    997.00   1658.00    8.4015
   1007.00   1632.00    8.9040
   1589.00   1858.00    8.5000
   1881.00   2257.00    6.2930
   1892.00   2246.00    7.7475
   1844.00   2518.00    8.9690
   1341.00   1947.00   10.6360
   1453.00   2482.00   10.0280
   1358.00   1915.00    7.1235
   1343.00   1898.00    7.2525
   1319.00   1829.00    6.5000
   1318.00   1811.00    7.1235
   1224.00   1949.00    7.8665
   1243.00   1939.00    7.2525
   1234.00   1691.00    9.5000
   1188.00   1775.00    7.0360
   1213.00   1773.00    8.0000
   1165.00   1645.00    9.6020
   1072.00   1570.00    6.7210
   1054.00   1564.00    7.4630
   1103.00   2385.00    7.7875
   1022.00   2263.00    7.8665
   1033.00   2189.00    6.6750
   1040.00   2171.00    7.5000
   1039.00   2069.00    7.7875
    955.00   2053.00    7.5000
   1063.00   2115.00   10.0125
    960.00   1975.00    8.0225
    986.00   1983.00    7.9055
    999.00   2534.00    9.4725
    945.00   2458.00    7.4210
    960.00   2435.00    8.5090
    871.00   2209.00    8.5000
    849.00   2523.00    7.9055
    897.00   2029.00   10.2565
    745.00   2204.00    8.5090
    777.00   2167.00    8.9690
    921.00   2478.00    8.9690
    798.00   2125.00    8.3620
    764.00   2057.00    8.5090
    799.00   1994.00   10.5000
   1396.00   2033.00   12.7060
   1391.00   1694.00   12.9575
    747.00   1745.00   12.5140
    740.00   1842.00   12.7695
    721.00   1986.00    9.0000
    741.00   1972.00    9.0405
    644.00   2249.00   10.5255
    531.00   2135.00    9.9235
    529.00   2077.00   11.7140
    501.00   1869.00    6.3530
    510.00   1856.00    9.1625
    584.00   2151.00   12.7060
    494.00   2304.00   10.1645
    424.00   2258.00   10.5700
     67.00   1604.00    9.9850
     71.00   1724.00    9.7345
     18.00   1741.00    5.9910
     31.00   1730.00    7.4210
    130.00   2211.00   12.0875
    126.00   1632.00    9.0655
    155.00   2476.00    9.0655
    159.00   2453.00    9.3285
    151.00   2425.00    8.4015
    242.00   2583.00    9.0655
    370.00   2517.00    9.8330
    457.00   2585.00    8.9040
    480.00   2591.00    7.9275
    508.00   2592.00    6.8830
    537.00   2527.00    8.3435
    606.00   2568.00    8.4015
    734.00   2581.00   11.2115
    161.00   1378.00   13.6880
    270.00    931.00   10.5700
   1554.00   1604.00   12.4380
   1529.00   1502.00    9.9850
    260.00   1935.00   13.1925
