#        y         x         r
     14.00    201.00    9.7500
     13.00   1792.00   11.2500
     12.00   2301.00    7.3750
     16.00   1007.00   10.7500
     16.00   2194.00    7.0000
     18.00    739.00    8.2500
     20.00   1682.00    8.0000
     22.00    770.00    6.5000
     23.00   2005.00    8.1250
     41.00   1714.00   10.2500
     44.00   1833.00   12.5000
     47.00   2157.00    7.1250
     62.00   1949.00    8.3750
     64.00   1672.00    7.6250
     61.00   2110.00    9.5000
     70.00    607.00    8.1250
     74.00    311.00    8.7500
     77.00    503.00    8.3750
     81.00   1136.00    7.7500
     86.00   1014.00    7.7500
     90.00   1685.00    5.7500
     98.00    138.00   11.8750
     99.00   1068.00    9.2500
     99.00    529.00    8.5000
    103.00   1162.00    7.7500
    112.00   2445.00    7.5000
    113.00     75.00    7.3750
    113.00    984.00    8.2500
    113.00    844.00    7.6250
    122.00   1335.00    6.8750
    123.00   1260.00    7.7500
    138.00   2405.00    7.5000
    160.00     19.00    8.1250
    169.00   2448.00   10.1250
    184.00   2199.00    7.8750
    185.00    266.00    6.5000
    193.00   2062.00    6.6250
    201.00   1375.00    6.5000
    202.00    952.00   11.5000
    204.00   1331.00    9.2500
    204.00    191.00    9.0000
    206.00   1494.00    8.6250
    215.00   1535.00    8.0000
    221.00   1798.00    7.0000
    222.00    464.00   10.3750
    228.00   2184.00    7.6250
    230.00   1668.00    8.6250
    233.00   1473.00    8.1250
    239.00   1292.00    9.8750
    240.00    605.00   10.2500
    243.00   1361.00    7.3750
    249.00    698.00    8.6250
    251.00   1811.00    7.1250
    257.00    472.00    7.0000
    259.00   1309.00    5.8750
    259.00   2384.00    8.6250
    272.00    326.00    8.6250
    275.00   2005.00   10.1250
    275.00   2171.00    8.1250
    281.00   1641.00    6.5000
    289.00    454.00   10.2500
    295.00   1600.00    7.7500
    308.00    252.00    7.5000
    307.00    732.00    9.7500
    312.00   2242.00    8.3750
    315.00    193.00   10.0000
    321.00    924.00   11.3750
    338.00    629.00    7.1250
    337.00   1300.00    7.7500
    340.00    420.00    8.0000
    347.00   1560.00    8.3750
    348.00   1877.00    6.5000
    351.00   1738.00    6.8750
    353.00   1202.00    8.5000
    354.00    615.00    8.6250
    357.00   1982.00    7.2500
    364.00    732.00    7.7500
    370.00   1451.00    7.2500
    373.00   1047.00    7.0000
    373.00   2336.00    7.6250
    377.00   2416.00    7.0000
    380.00   1376.00    9.5000
    381.00   1417.00   13.3745
    387.00    765.00    7.5000
    387.00   1535.00    9.3750
    399.00   2590.00    7.6250
    400.00   2549.00    7.3750
    401.00    679.00    8.3750
    402.00    202.00    6.0000
    405.00   1853.00    7.5000
    407.00    224.00    6.0000
    410.00     72.00    7.6250
    411.00   1566.00    9.7345
    417.00    873.00    8.6250
    416.00   1759.00    7.8750
    428.00    402.00    8.3750
    436.00    758.00    8.3750
    448.00   2402.00    8.8750
    448.00    267.00    9.0000
    454.00   2290.00    7.7500
    456.00    934.00    8.7500
    471.00   1129.00    7.5000
    476.00   2244.00    7.0000
    480.00   1746.00    9.3750
    486.00    352.00    7.5000
    486.00    791.00    9.5000
    487.00   2571.00    7.1250
    487.00   2348.00    8.1250
    494.00    110.00    6.1250
    495.00     81.00    5.8750
    502.00    892.00    8.5000
    508.00   2213.00    7.6250
    514.00   2280.00    7.3750
    520.00   2035.00    8.5000
    523.00   2477.00    6.7500
    532.00   1952.00    7.7500
    532.00   1806.00   10.0000
    535.00   1649.00    6.8750
    539.00    831.00   12.1250
    544.00     23.00    8.8750
    543.00   1390.00    7.2500
    544.00   2092.00    6.8750
    547.00    138.00    6.8750
    546.00   2055.00    6.6250
    545.00   2472.00    7.1250
    556.00    413.00    9.7500
    564.00   1647.00    8.5000
    569.00    146.00    6.2500
    569.00    258.00    6.7500
    577.00   2167.00   10.0000
    578.00   1537.00    8.5000
    585.00   1631.00    7.1250
    605.00    923.00    8.8750
    605.00   2210.00    8.7500
    610.00    504.00    8.5000
    610.00    757.00   10.6250
    630.00   1526.00   10.6250
    623.00   1806.00    7.3750
    624.00   2292.00    8.7500
    631.00    147.00    7.1250
    633.00   1896.00   10.5000
    640.00   1301.00    7.1250
    657.00    604.00    7.5000
    654.00   1229.00    6.6250
    658.00   1050.00    9.5000
    658.00   1659.00    8.1250
    657.00   2392.00    8.7500
    659.00    805.00    7.8750
    662.00    178.00    9.6250
    669.00   2160.00    8.9040
    669.00   2337.00    8.2500
    675.00   1196.00   11.0000
    675.00   2188.00    9.0000
    678.00   1479.00    7.2500
    700.00    824.00    9.6250
    705.00   1456.00    9.5000
    706.00   2032.00    7.3750
    715.00   1963.00    7.6250
    718.00    189.00    9.2500
    721.00    755.00   10.7500
    728.00   2337.00    9.1250
    735.00    401.00    7.5000
    737.00    595.00    7.8750
    737.00   1400.00    9.7500
    738.00    314.00    9.1250
    741.00   2577.00    9.0000
    748.00   1921.00    7.2500
    752.00   1506.00    7.1250
    757.00   2183.00    9.5000
    758.00    789.00    9.7500
    760.00   1567.00    8.0000
    774.00    616.00    6.1250
    776.00   1897.00    7.2500
    784.00    470.00    9.1250
    787.00    961.00   10.8750
    799.00    634.00    6.7500
    806.00   1613.00    8.3750
    817.00    780.00    8.8750
    821.00    521.00    7.2500
    826.00   2319.00    7.7500
    835.00   2239.00    8.7500
    838.00   2137.00   11.2500
    836.00    466.00   10.7500
    841.00   2422.00    7.6250
    841.00    386.00    6.6250
    843.00   2459.00    8.7500
    843.00   2563.00    8.1250
    850.00   2017.00    6.1250
    852.00    241.00    9.6250
    853.00   1834.00    8.0000
    855.00   1298.00    8.1250
    861.00   1960.00    6.1250
    875.00   1764.00    9.1250
    878.00    776.00    9.1250
    881.00    436.00    9.2500
    882.00   2072.00    6.2500
    889.00   2310.00    7.2500
    887.00   1485.00    9.1250
    892.00    211.00    9.1250
    902.00   1703.00   11.6250
    904.00   1227.00    8.7500
    907.00   1464.00    9.1250
    911.00   2276.00    7.8750
    916.00   2317.00    6.3750
    929.00   2224.00    7.5000
    931.00    391.00    9.1250
    939.00    903.00    7.2500
    941.00   2504.00    8.8750
    942.00    437.00   10.2500
    947.00   1836.00    9.5000
    958.00    646.00    9.0000
    961.00    608.00    9.0000
    961.00    608.00    8.8750
    960.00   2019.00    6.6250
    963.00   1394.00    7.3750
    977.00    396.00    8.2500
    974.00   2468.00    7.0000
    978.00   1533.00    9.1250
    981.00   2211.00    8.7500
    981.00    695.00    8.0000
    982.00   1174.00    7.6250
    991.00   2587.00    7.1250
    992.00   2339.00    8.3750
   1002.00   1882.00    9.0000
   1004.00   2366.00    6.0000
   1014.00   1347.00    6.7500
   1015.00   2466.00    7.3750
   1015.00    203.00    8.5000
   1017.00   1959.00    7.8750
   1015.00    769.00    7.0000
   1019.00   2518.00    6.8750
   1028.00   1570.00    6.7500
   1030.00   2554.00    8.7500
   1043.00   2117.00    9.2500
   1045.00    625.00    8.7500
   1052.00   1607.00    9.5000
   1059.00   2165.00    7.7500
   1066.00    673.00    9.5000
   1082.00   1016.00    8.0000
   1099.00   1224.00    8.8750
   1101.00    878.00    8.7500
   1112.00   2163.00    9.6250
   1122.00   2456.00    9.7500
   1127.00    843.00    7.8750
   1135.00   1066.00    7.7500
   1139.00   1155.00    9.7500
   1151.00   1636.00    9.0000
   1157.00   1009.00   10.0000
   1158.00   1216.00    7.8750
   1179.00   2239.00    8.2500
   1181.00   1219.00    6.8750
   1184.00   2492.00    7.7500
   1183.00    536.00    8.5000
   1186.00    108.00    7.3750
   1189.00    854.00    7.6250
   1189.00   1272.00    6.8750
   1199.00   1147.00   11.5000
   1198.00   1731.00   10.1250
   1213.00   2009.00    9.3750
   1213.00    716.00    8.3750
   1211.00   2487.00    8.5000
   1221.00    344.00    8.7500
   1229.00   2332.00    8.1250
   1231.00   1259.00    9.0000
   1241.00   1360.00    7.6250
   1249.00   2058.00    8.5000
   1266.00   1911.00    9.3750
   1267.00    118.00    9.3750
   1270.00    326.00    8.1250
   1271.00   2186.00    8.6250
   1272.00   2575.00    7.0000
   1280.00   2465.00   10.3750
   1286.00    661.00   10.2500
   1297.00   2070.00    6.0000
   1300.00   2591.00    6.0000
   1305.00   2432.00    7.0000
   1311.00    814.00    7.2500
   1316.00   2169.00    6.0000
   1327.00    737.00    8.0000
   1332.00   1898.00    7.2500
   1343.00   1859.00    9.3750
   1345.00   2091.00    6.8750
   1347.00   1183.00    9.1250
   1356.00    967.00    9.1250
   1361.00   1036.00    6.2500
   1383.00   1371.00    9.2500
   1385.00    939.00    7.5000
   1389.00    600.00    6.1250
   1412.00   2005.00    8.3750
   1415.00    686.00    8.1250
   1415.00   2137.00    7.3750
   1420.00    505.00    9.5000
   1449.00   2348.00    8.3750
   1451.00   2541.00    8.1250
   1457.00    540.00    8.3750
   1457.00    881.00    8.1250
   1456.00   1015.00   12.2500
   1458.00    695.00    8.1250
   1457.00    920.00    8.0000
   1470.00   2375.00    8.0000
   1462.00   1644.00    8.1250
   1467.00   1596.00   11.1250
   1473.00   1528.00   11.7500
   1474.00    213.00    7.3750
   1478.00   2083.00    6.8750
   1484.00   2445.00    5.6250
   1486.00    332.00    8.2500
   1498.00    935.00    8.1250
   1493.00    542.00    8.2500
   1495.00   2202.00    9.0000
   1505.00   2314.00    6.1250
   1506.00    722.00   10.6250
   1513.00   2489.00    8.6250
   1515.00   2140.00    6.8750
   1519.00    640.00    8.7500
   1523.00     53.00    8.6250
   1521.00   1990.00    9.0000
   1521.00   2107.00    9.1250
   1535.00   1921.00   10.3750
   1542.00   2285.00    7.7500
   1542.00    734.00    7.8750
   1546.00    225.00    9.6250
   1549.00   1853.00    8.1250
   1552.00   1077.00    8.3750
   1552.00    827.00   10.1250
   1552.00   1190.00   10.3750
   1556.00   1737.00    7.6250
   1558.00    490.00    9.2500
   1559.00    893.00    9.5000
   1565.00   2554.00    6.8750
   1563.00    549.00    8.0000
   1567.00   1293.00    7.7500
   1576.00   1942.00    7.7500
   1577.00   2034.00    8.0000
   1578.00   2217.00    9.0000
   1581.00   1157.00    7.3750
   1590.00   2266.00    6.7500
   1606.00   2553.00    7.6250
   1622.00   2338.00    6.7500
   1629.00    604.00    8.2500
   1624.00     13.00    6.8750
   1632.00   2144.00    9.0000
   1640.00   2540.00    7.3750
   1647.00    570.00    8.0000
   1651.00   1114.00    9.8750
   1658.00     64.00    8.3750
   1664.00   1651.00    8.3750
   1676.00   2546.00    7.0000
   1679.00    926.00    7.8750
   1680.00    576.00    7.5000
   1681.00    645.00    6.7500
   1688.00   1354.00    8.6250
   1692.00   1396.00    6.3750
   1696.00   1452.00    6.7500
   1700.00   2433.00    8.1250
   1709.00   2498.00    6.8750
   1737.00   1143.00    6.8750
   1741.00   1372.00    6.7500
   1741.00    639.00   10.8750
   1751.00    948.00    8.6250
   1748.00   1335.00    7.5000
   1756.00    327.00   10.2500
   1766.00   1806.00   10.0000
   1766.00   1628.00    6.3750
   1765.00   1090.00    9.6250
   1767.00    866.00    7.1250
   1777.00    160.00    9.8750
   1779.00   1585.00    8.2500
   1785.00   1410.00    9.1250
   1792.00   1138.00    6.2500
   1800.00    925.00    9.2500
   1800.00    696.00    6.6250
   1803.00   1043.00    7.0000
   1806.00   1587.00    5.6250
   1808.00    365.00    9.8750
   1811.00    976.00    6.8750
   1810.00    760.00    8.8750
   1819.00   2377.00    6.2500
   1819.00   2547.00    8.6250
   1827.00    144.00    9.7500
   1830.00    908.00    9.3750
   1832.00    260.00    9.7500
   1834.00    612.00    6.3750
   1842.00   1141.00    9.0000
   1834.00   1781.00    7.6250
   1841.00   1556.00    8.0000
   1843.00    587.00    7.1250
   1846.00   2348.00    7.1250
   1852.00   1692.00    8.6250
   1857.00    120.00    7.0000
   1865.00   1847.00   10.3750
   1863.00   2503.00    8.8750
   1864.00    455.00    9.8750
   1870.00     64.00    7.6250
   1888.00    914.00   10.7500
   1889.00    494.00    8.0000
   1889.00   1595.00    6.2500
   1894.00    413.00    8.7500
   1896.00   2536.00    9.9850
   1900.00   2437.00    7.8750
   1897.00    541.00   10.3750
   1910.00   1631.00    6.1250
   1911.00   1673.00    6.1250
   1912.00   2292.00    7.3750
   1922.00   1700.00    8.1250
   1930.00   1795.00    7.6250
   1936.00    218.00   10.2500
   1940.00   2428.00   10.2500
   1941.00   1861.00    7.3750
   1943.00   2345.00    7.1250
   1942.00    838.00    7.1250
    562.00   2020.00    7.5000
   1059.00     98.00    9.0000
     51.00    202.00    9.0000
     34.00    326.00    8.0860
     31.00    302.00    8.9900
     54.00    479.00    8.1975
    172.00    520.00   10.0000
     84.00    686.00    7.4425
     75.00    659.00    8.0000
    165.00    651.00    7.6800
    181.00    633.00    9.0000
    175.00    769.00   10.0280
     77.00    876.00   12.0875
    292.00    771.00   10.0000
    363.00      8.00    9.9850
    268.00    165.00    6.2960
    275.00    146.00    8.7950
    387.00    236.00    8.1085
    591.00    376.00    8.7950
    652.00    421.00   10.0000
    720.00    511.00   10.5000
    669.00    251.00   12.0875
    684.00      0.00   10.2400
    738.00      4.00    9.4545
    867.00     98.00    6.9530
    869.00     75.00    9.5000
    987.00     20.00    8.7950
   1029.00     10.00    9.2765
   1153.00      8.00    9.3285
   1021.00    157.00    8.5000
    981.00    175.00   10.0280
   1051.00    314.00   14.0000
   1191.00    227.00   12.3685
   1303.00    190.00    9.2705
   1435.00     31.00   12.5000
   1557.00     23.00   10.2400
   1475.00    149.00    7.9055
   1436.00    345.00    7.0360
   1759.00    195.00    8.7950
   1807.00    112.00   10.5905
   1831.00    330.00    8.4015
   1774.00    367.00   10.2660
   1628.00    177.00    6.3420
   1638.00    163.00    8.0000
   1910.00    336.00    6.6750
   1932.00    341.00    7.4210
   1935.00    678.00    7.5000
   1877.00    654.00    6.4870
   1894.00    657.00    5.5625
   1841.00    852.00    7.7475
   1886.00   1209.00    8.7950
   1840.00   1270.00    5.6725
   1861.00   1270.00    6.0000
   1642.00    712.00    7.7475
   1567.00    590.00    8.2130
   1465.00    775.00    7.9275
   1475.00    747.00    9.5000
   1381.00   1021.00    8.9040
   1379.00    779.00    8.5000
   1333.00    891.00   11.0000
   1235.00    820.00   10.5000
   1628.00   1253.00    8.7950
   1512.00    403.00   10.5000
   1143.00    564.00   11.0000
   1239.00   1082.00    9.5000
   1701.00   1593.00    9.6845
   1502.00   1445.00    8.7950
   1485.00   1426.00    7.9275
   1399.00   1226.00    5.7270
   1420.00   1226.00    7.0360
   1298.00   1082.00   11.0000
   1054.00   1115.00   11.2020
   1012.00   1151.00    9.2705
    949.00    772.00    8.9690
    931.00    815.00    8.9690
    905.00    603.00    6.3420
    916.00    586.00    6.4870
    822.00   1008.00   10.2400
    802.00   1096.00   10.2400
    868.00   1020.00   10.2400
    423.00    721.00    9.2705
    476.00    858.00   10.0000
    350.00    827.00   11.2020
    150.00    952.00   10.5700
    275.00   1048.00    6.9530
    256.00   1054.00    6.5000
    242.00   1038.00    8.5000
    317.00   1180.00    9.5000
    388.00   1143.00   12.0000
    307.00   1113.00   10.9935
    413.00   1062.00    9.5000
    187.00    889.00   11.8815
    452.00    899.00   11.0000
    578.00   1145.00    9.7345
    500.00   1089.00    7.2525
    510.00   1069.00    8.4725
    540.00   1129.00    9.0000
    746.00   1168.00    6.7210
    742.00   1147.00    7.0000
    677.00   1331.00   13.0000
     83.00   1305.00    6.9530
     22.00   1365.00   10.0280
     70.00   1280.00    7.1585
     73.00   1259.00    9.3285
    134.00   1428.00    8.4015
    144.00   1534.00    9.5000
    121.00   1501.00    7.1585
     95.00   1493.00    9.2765
    425.00   1375.00    9.6845
    110.00   1875.00    7.9750
    130.00   1856.00    9.4545
    269.00   1907.00    9.5000
    224.00   1869.00    7.9275
    246.00   1882.00    8.1085
    277.00   1851.00    7.9275
    299.00   1835.00    8.5000
    258.00   1693.00    8.5000
    405.00   1792.00    7.6800
    431.00   1825.00    9.0655
    150.00   1654.00   10.1240
    220.00   1766.00   10.0000
    230.00   2128.00   11.8405
    165.00   2297.00   10.9935
    303.00   2570.00   10.8165
    338.00   2583.00    8.5000
    413.00   2515.00   10.4525
    384.00   2287.00   10.1240
    380.00   1617.00   10.5000
    354.00   1481.00   11.2115
    281.00   1398.00   13.4985
    262.00     68.00   13.4985
    421.00   1487.00    7.9275
    446.00   1504.00    7.6800
    468.00   1493.00    8.0000
    529.00   1569.00    8.4015
    559.00   1575.00    9.3285
    468.00   1367.00   11.2115
    509.00   1680.00   11.8405
    584.00   2023.00    8.1085
    602.00   2031.00    8.4015
    602.00   2000.00    8.5000
    620.00   1746.00    9.7345
    631.00   1678.00   11.4670
    751.00   1851.00    7.6800
    694.00   1738.00    7.9275
    681.00   1689.00    9.5000
    786.00   1698.00   10.2400
    818.00   1647.00   10.5000
    890.00   1511.00   10.8115
    968.00   1432.00   10.2400
    826.00   1380.00    5.7335
    842.00   1373.00    7.0000
    857.00   1351.00    6.2190
    844.00   1335.00    9.0000
   1031.00   1526.00    7.0905
   1048.00   1522.00    7.5000
   1058.00   1774.00    7.6800
   1037.00   1752.00    8.7950
   1054.00   1731.00    8.4585
   1166.00   1976.00    9.5000
   1436.00   1754.00    9.3285
   1788.00   1845.00    7.6800
   1715.00   1898.00    8.4585
   1725.00   1862.00    9.2765
   1929.00   2069.00    8.8500
    978.00   1962.00   10.5000
    721.00   2148.00   10.5700
    691.00   2089.00    7.0905
    712.00   2099.00    7.6800
    871.00   2167.00    7.4885
    871.00   2142.00    9.0000
   1072.00   2285.00   11.2115
    901.00   2431.00    7.1585
    916.00   2442.00    7.8665
    954.00   2451.00    9.5000
   1135.00   2386.00    9.8820
   1166.00   2389.00    8.1085
   1212.00   2358.00    8.7950
   1210.00   2419.00    5.9000
   1229.00   2415.00    7.0905
   1215.00   2397.00    8.7950
   1463.00   2260.00    9.0000
   1544.00   2205.00    7.9275
   1278.00   2136.00    6.8830
   1381.00   2093.00    8.4015
   1373.00   2069.00    8.4585
   1481.00   2010.00    9.0655
   1477.00   1910.00    9.2765
   1258.00   1607.00   12.3685
   1534.00   2051.00   11.2020
   1704.00   2154.00    9.9850
   1739.00   2267.00    9.9850
   1863.00   2549.00    9.4545
    842.00   1175.00   10.5700
   1687.00     24.00    8.4015
   1788.00   2340.00    5.4970
   1801.00   2325.00    5.1330
   1818.00   2324.00    5.5000
   1806.00   2162.00    6.5000
   1828.00   2165.00    6.0015
   1717.00   2189.00    8.5000
   1603.00   1543.00   10.2565
    424.00   1202.00   15.7875
