#        y         x         r
      1.00    907.00    9.5000
      1.00   2076.00    8.1250
      8.00   1873.00   11.1250
     17.00   1642.00    9.8750
     18.00   2302.00    7.7500
     20.00    432.00    9.7500
     21.00   2547.00    7.8750
     24.00    555.00    6.6250
     31.00    938.00    8.2500
     32.00   1098.00    6.6250
     33.00    609.00   10.3750
     52.00    924.00    7.2500
     68.00     33.00    9.0000
     71.00    297.00    8.5000
     70.00   1559.00    9.2500
     75.00   1354.00   11.5000
     73.00   1654.00    8.0000
     94.00   1104.00    9.0000
    100.00    704.00    8.6250
    102.00   2151.00    9.1250
    107.00   1289.00    8.7500
    127.00    441.00    9.0000
    130.00   2495.00    9.7500
    129.00    879.00   10.3750
    135.00   1939.00    7.7500
    141.00    221.00    7.6250
    141.00   2121.00    9.8750
    154.00   2517.00    7.5000
    158.00    457.00    9.5000
    166.00    891.00    7.1250
    173.00    865.00    7.5000
    173.00    263.00   11.6250
    182.00    158.00    9.0000
    194.00    713.00    9.0000
    195.00   1857.00    9.3750
    193.00   1664.00    7.3750
    196.00   1529.00    8.0000
    201.00   2178.00   11.7500
    205.00    140.00   10.5700
    218.00   1777.00    7.0000
    217.00    564.00    9.2500
    220.00   1704.00    6.1250
    229.00   1327.00    8.6250
    235.00   1114.00    7.2500
    237.00    460.00    8.6250
    237.00    852.00    9.3750
    240.00    637.00   11.3750
    241.00   2219.00    7.2500
    252.00    272.00    7.6250
    259.00     23.00    7.3750
    262.00   2301.00    8.2500
    263.00    697.00    7.8750
    268.00   2335.00    7.8750
    270.00   1619.00    8.1250
    273.00    608.00   10.5000
    280.00    448.00    6.6250
    284.00   2046.00    7.0000
    288.00   1653.00    9.6250
    306.00    587.00    8.0000
    308.00   1433.00    6.1250
    315.00    308.00    7.5000
    318.00   2335.00   10.1250
    325.00   1297.00    6.8750
    325.00   1477.00    8.1250
    328.00    725.00    7.6250
    328.00    324.00    5.3750
    331.00   1425.00    9.6250
    332.00   1751.00    8.3750
    332.00   2522.00    7.5000
    345.00    593.00    7.1250
    348.00   1240.00    6.3750
    346.00   2246.00    7.7500
    350.00    960.00    9.8750
    360.00   2587.00    9.6250
    370.00   2494.00    8.3750
    374.00    549.00    9.0000
    374.00   1260.00    7.7500
    391.00   1689.00    7.3750
    404.00   1651.00    8.7500
    406.00   1968.00    8.2500
    412.00   1817.00    7.8750
    416.00    803.00    8.7500
    419.00   1732.00    9.7500
    425.00    908.00   10.3750
    426.00   1495.00    7.2500
    454.00    507.00    8.5000
    457.00   1595.00    7.2500
    459.00   1264.00    7.8750
    463.00   1714.00    7.1250
    467.00    302.00   10.3750
    466.00    610.00    7.7500
    469.00     76.00    7.6250
    470.00   2042.00    7.8750
    471.00    790.00    9.1250
    483.00   2472.00    8.8750
    486.00    683.00    8.6250
    489.00    531.00    9.3750
    496.00     49.00    9.3750
    493.00   1593.00    7.7500
    497.00    214.00    9.3750
    502.00   2272.00    7.7500
    514.00    755.00    7.5000
    516.00    998.00    8.7500
    523.00    815.00    9.1250
    529.00     32.00    9.3750
    534.00   2426.00    8.0000
    536.00    747.00    8.5000
    544.00   1372.00    6.7500
    547.00   2078.00    7.7500
    551.00   1344.00    8.2500
    551.00    686.00    8.6250
    568.00   1010.00    7.6250
    571.00   1112.00    7.8750
    581.00   1711.00    8.6250
    589.00    512.00    8.6250
    591.00   1588.00    9.2500
    591.00    887.00    6.5000
    591.00   1176.00    7.1250
    599.00   2309.00    9.7500
    604.00   1217.00    7.9275
    609.00    466.00    7.2500
    610.00    878.00    7.0000
    614.00    394.00   11.8750
    623.00    444.00    8.6250
    624.00    231.00    8.6250
    626.00   1656.00    7.5000
    635.00   1601.00   12.3210
    649.00    456.00    7.3750
    649.00   1140.00    6.5000
    652.00    971.00    8.1250
    653.00   2060.00    7.5000
    664.00   1158.00    6.3750
    665.00   1657.00    6.7500
    668.00    857.00    7.5000
    673.00   2004.00    6.6250
    672.00    607.00    6.3750
    675.00   2488.00    6.6250
    680.00     36.00    8.7500
    689.00   2280.00    7.7500
    692.00   1230.00   10.2500
    699.00    794.00    8.3750
    709.00    358.00    7.0000
    708.00   2246.00    5.7500
    716.00   1341.00   10.8750
    718.00   2494.00    7.6250
    719.00   1936.00    8.0000
    720.00   2293.00    6.1250
    723.00    122.00    8.0000
    740.00    377.00    8.0000
    742.00    434.00    8.5000
    758.00   2041.00    8.8750
    769.00   2565.00    8.3750
    771.00   1907.00    9.0000
    784.00   2333.00    7.3750
    788.00    325.00    8.0000
    788.00   2266.00    7.2500
    798.00    283.00   10.3750
    797.00   1540.00    7.6250
    799.00   1620.00    6.7500
    803.00    179.00    8.2500
    806.00    426.00    6.5000
    814.00    924.00    6.6250
    819.00   1906.00    9.8750
    825.00   1423.00    6.3750
    827.00    420.00    8.8750
    829.00    703.00    7.8750
    834.00    626.00    8.6250
    838.00    118.00    8.5000
    842.00   2592.00    7.1250
    846.00   1151.00    9.2500
    866.00   2325.00    9.0000
    872.00   2231.00    7.1250
    873.00   1393.00    9.1250
    889.00   1667.00    7.7500
    892.00    875.00    8.1250
    900.00     19.00    8.3750
    910.00    257.00    9.0000
    922.00    118.00    8.2500
    928.00   1225.00    5.8750
    932.00    700.00   10.0000
    931.00   1606.00    7.0000
    942.00   1119.00   10.7500
    947.00    609.00    8.3750
    947.00    949.00    8.8750
    948.00   1027.00    9.5000
    954.00    213.00    8.5000
    956.00   1626.00    6.6250
    963.00    663.00    9.2500
    967.00   1048.00    8.7500
    967.00   1472.00    8.8750
    972.00   2081.00    6.5000
    979.00    453.00   10.6250
    990.00   2359.00    6.0000
    990.00     74.00    6.5000
    998.00    946.00    8.1250
    997.00    320.00    8.2500
   1002.00   1208.00    8.7500
   1005.00    572.00    8.3750
   1005.00    679.00    8.1250
   1008.00   1481.00    7.3750
   1024.00   1556.00    8.0000
   1025.00   1995.00    7.3750
   1024.00   2296.00    7.3750
   1027.00   1732.00    9.2500
   1028.00     87.00    7.8750
   1029.00   1292.00    7.1250
   1034.00   1680.00    7.1250
   1033.00   2186.00    8.0000
   1034.00   1857.00    8.8750
   1035.00   1522.00    7.0000
   1049.00    541.00    9.7500
   1050.00   1182.00    7.6250
   1053.00   2038.00    7.5000
   1059.00   1232.00    7.2500
   1065.00   2288.00    9.0000
   1066.00   1969.00    6.5000
   1067.00     88.00    7.1250
   1076.00   1209.00    9.6250
   1078.00    236.00    9.5000
   1077.00   1361.00    5.5000
   1081.00   1336.00    7.7500
   1084.00   2394.00    8.0000
   1090.00    454.00    8.8750
   1102.00   1558.00    8.2500
   1102.00    920.00    8.0000
   1109.00   1183.00    7.7500
   1117.00   1967.00   10.3750
   1121.00   2032.00    8.6250
   1134.00    148.00   11.2500
   1143.00   1395.00    7.6250
   1145.00   2404.00    6.7500
   1150.00    354.00    8.2500
   1153.00    912.00    9.8750
   1159.00   1276.00    6.2500
   1162.00   1435.00    8.0000
   1169.00    276.00   10.3750
   1173.00    341.00    9.2500
   1174.00   1680.00    6.6250
   1174.00   1215.00    8.3750
   1181.00   2327.00    7.2500
   1187.00   2277.00    8.2500
   1191.00    642.00    7.1250
   1190.00   1738.00    8.3750
   1214.00     63.00   10.3750
   1231.00   1896.00    7.1250
   1232.00   1579.00    6.3750
   1235.00   1511.00    7.8750
   1247.00   1724.00   11.6250
   1249.00   1561.00    6.2500
   1246.00   1598.00    6.2500
   1249.00    529.00    8.1250
   1255.00   1080.00   10.8750
   1262.00    672.00    7.7500
   1266.00    276.00    8.7500
   1273.00   1042.00    7.6250
   1287.00   1848.00    7.7500
   1292.00   1807.00    6.6250
   1296.00   1009.00    7.7500
   1299.00    796.00    7.1250
   1305.00   2389.00    7.5000
   1315.00    684.00    8.5000
   1317.00   1691.00    8.5000
   1321.00   2247.00    6.0000
   1335.00   2345.00    6.0000
   1343.00    872.00    7.8750
   1344.00   2113.00   11.1250
   1347.00    609.00    8.0000
   1350.00    511.00   10.1250
   1357.00   1135.00    6.6250
   1358.00    534.00    8.0000
   1365.00    707.00    9.0000
   1367.00   2556.00    8.3750
   1372.00   1933.00    8.1250
   1381.00    629.00    6.3750
   1387.00     51.00    7.2500
   1390.00    127.00    6.1250
   1392.00   2074.00    8.0000
   1395.00    595.00    9.0000
   1400.00    925.00    8.2500
   1401.00    739.00    9.2500
   1404.00    960.00    8.5000
   1405.00   1906.00    7.2500
   1405.00   2098.00    8.0000
   1413.00   1562.00    9.2500
   1418.00    465.00    7.0000
   1418.00   1377.00    7.7500
   1421.00    613.00    7.5000
   1431.00   1710.00    8.1250
   1436.00    943.00    9.0000
   1439.00     92.00    8.2500
   1441.00   1781.00    9.3750
   1453.00    821.00    8.5000
   1461.00    878.00    9.7500
   1460.00   1963.00    7.3750
   1462.00    524.00    7.8750
   1462.00    667.00    8.5000
   1463.00   1728.00    7.6250
   1475.00   2583.00    9.0000
   1482.00   2018.00    8.2500
   1489.00    846.00    7.2500
   1489.00   1892.00    8.6250
   1494.00   1045.00    6.8750
   1499.00    552.00    7.7500
   1504.00    475.00    6.2500
   1511.00    517.00    6.8750
   1511.00   1716.00    9.5000
   1525.00   1358.00    6.1250
   1532.00   1162.00    8.8750
   1536.00   1515.00    8.0000
   1538.00   1912.00    6.8750
   1544.00    916.00    7.6250
   1561.00    383.00    9.1250
   1558.00    890.00    8.6250
   1569.00     60.00    8.2500
   1571.00   2420.00    6.2500
   1571.00   1030.00    9.0000
   1571.00   1591.00    8.0000
   1582.00   2021.00    8.7500
   1594.00    719.00    8.0000
   1600.00    843.00    8.8750
   1607.00   2049.00   10.0000
   1609.00   1227.00    9.0000
   1615.00   2287.00    9.1250
   1620.00     65.00    5.7500
   1620.00    185.00    8.2500
   1624.00   1480.00    8.5000
   1648.00    322.00    6.7500
   1650.00    782.00    8.0000
   1653.00    156.00    8.5000
   1665.00   1406.00    9.7500
   1664.00   1077.00    9.5000
   1672.00   1528.00    7.2500
   1681.00    403.00    9.1250
   1689.00   1507.00    7.8750
   1696.00    235.00    9.0000
   1703.00   1743.00    8.3750
   1705.00    972.00    9.1250
   1710.00   2518.00    7.0000
   1712.00   1273.00    7.3750
   1716.00   2101.00    6.3750
   1723.00    829.00    7.2500
   1725.00   1934.00    8.6250
   1729.00    100.00    9.3750
   1727.00   1189.00    7.8750
   1730.00   2580.00    7.2500
   1737.00   1343.00    9.0000
   1736.00   2131.00    6.7500
   1744.00    933.00    8.6250
   1748.00   1845.00    8.3750
   1753.00   2462.00    7.7500
   1759.00   1421.00    8.5000
   1760.00    304.00    8.6250
   1769.00   1503.00    7.7500
   1775.00    363.00    8.1250
   1777.00   1694.00   12.0000
   1777.00   1031.00    7.6250
   1782.00   2126.00    7.2500
   1782.00    521.00    7.5000
   1790.00    426.00    9.7500
   1787.00   1201.00    7.7500
   1787.00    474.00    8.3750
   1798.00    575.00    6.7500
   1801.00     45.00    8.0000
   1801.00   1451.00    8.6250
   1802.00   1088.00    8.0000
   1811.00   1234.00    9.3750
   1814.00   2573.00    7.3750
   1817.00   1768.00   10.0000
   1820.00   2518.00    7.5000
   1821.00   2481.00    7.6250
   1827.00   1799.00    8.2500
   1834.00    484.00    8.8750
   1837.00   1025.00    8.1250
   1838.00   1084.00    7.2500
   1840.00   2411.00    8.0000
   1843.00    533.00    8.2500
   1849.00   2228.00    9.5000
   1857.00    963.00    8.3750
   1858.00    619.00    9.5000
   1865.00    662.00    7.2500
   1868.00   2289.00    8.5000
   1872.00    829.00    8.7500
   1889.00    316.00    8.5000
   1900.00   1014.00    6.0000
   1902.00   2474.00    7.1250
   1903.00    658.00    8.5000
   1914.00   2158.00    9.3750
   1913.00   2538.00    8.0000
   1918.00    266.00    9.0000
   1917.00   1838.00    7.5000
   1923.00   1213.00    9.1250
   1927.00   1702.00    8.3750
   1930.00    791.00    6.1250
   1939.00     30.00    7.7500
   1941.00   2405.00    6.1250
   1943.00   1975.00    8.6250
   1943.00   2585.00    7.5000
   1944.00   1031.00    6.3750
    370.00   1614.00   13.0000
    209.00   2341.00    8.5000
     99.00     46.00   11.5055
     75.00    190.00   11.9865
    136.00    309.00   14.9485
     69.00    111.00    8.3950
     59.00     84.00    9.5000
    329.00    226.00   13.1110
    471.00    142.00   15.0000
    606.00    142.00   11.8725
    665.00    119.00    9.4545
    670.00     91.00   10.4885
    778.00    198.00   10.0000
    481.00    476.00    7.9750
    463.00    465.00    9.4545
    756.00    346.00    6.3420
    777.00    351.00    7.5000
    823.00    479.00   12.0000
   1006.00    261.00   10.5000
     46.00    815.00   12.0875
     87.00   1027.00    9.5000
    248.00    996.00    8.5000
    270.00   1004.00   10.0000
    348.00   1122.00    9.1775
    317.00   1134.00    9.2705
    311.00   1106.00   11.0000
    229.00   1405.00   10.5700
    197.00   1463.00   11.1250
    117.00   1396.00    7.1585
    136.00   1394.00    6.9530
    302.00   1605.00    9.5000
    281.00   1715.00   12.5000
     82.00   1977.00   10.8115
    111.00   1917.00   10.0000
    186.00   1914.00    9.5000
    209.00   1926.00    8.7950
    276.00   1918.00   11.5000
    353.00   1777.00    6.9530
    368.00   1776.00    7.5000
    368.00   1833.00    7.9275
    386.00   1815.00   10.0000
    388.00   1898.00    8.0000
    413.00   1890.00    8.1085
    435.00   1904.00    9.2765
    578.00   1522.00   11.2115
    740.00   1548.00    9.8330
    633.00   1447.00   12.5155
    610.00   1268.00    9.5000
    631.00   1265.00    8.3435
    616.00   1190.00    7.4885
    631.00   1168.00    8.0000
    594.00   1086.00   10.5000
    649.00    836.00   11.0000
    616.00    742.00    9.6845
    566.00   1172.00   15.5000
    657.00   1017.00   12.7830
    519.00   1272.00   10.9935
    787.00   1068.00   10.1240
    891.00   1253.00   11.0000
    852.00   1497.00   11.5000
    871.00    922.00    8.1085
    861.00    897.00    9.0000
   1007.00    610.00    8.4015
    125.00   2056.00    6.4870
    142.00   2051.00    9.6020
    302.00   1969.00    8.5000
    325.00   1959.00    8.3435
    346.00   2067.00   11.5000
    384.00   2161.00    9.9850
    412.00   2087.00   11.7265
    422.00   2296.00   10.9935
    387.00   2382.00    7.0000
    378.00   2360.00    8.0000
    366.00   2334.00    8.3435
    181.00   2565.00    9.8330
    281.00   2525.00   10.5000
    519.00   2513.00   11.0000
    543.00   2480.00    7.4885
    559.00   2275.00   10.8610
    679.00   2419.00    9.6845
    600.00   2203.00    9.7345
    551.00   2154.00   12.5000
    651.00   2112.00   11.1250
    551.00   1949.00   10.1240
    523.00   1841.00   12.7830
    832.00   2354.00    9.0655
    769.00   2228.00    7.9275
    791.00   2218.00    9.0000
    934.00   2413.00    9.8820
    954.00   2388.00    8.7950
    922.00   2224.00   13.1925
    793.00   2136.00   10.0280
    879.00   1833.00   10.6360
    734.00   1760.00    7.1585
    751.00   1750.00    7.5000
    973.00   1845.00    8.0000
    987.00   1827.00    8.5000
    840.00   1679.00    9.0000
    958.00   2454.00   11.8405
   1011.00   2444.00    9.5000
   1019.00   2419.00    9.5000
   1158.00   2533.00    7.9275
   1180.00   2527.00    8.4585
   1145.00   2478.00    7.0000
   1162.00   2464.00    9.0000
   1082.00   2232.00   10.5905
   1143.00   2104.00    9.6845
    919.00   2116.00   12.0000
    785.00   1935.00   10.5905
    806.00   1644.00    8.8500
   1109.00   1884.00   10.1240
   1223.00   2474.00   10.1240
   1398.00   2517.00    7.9275
   1422.00   2511.00    8.5000
    920.00   1189.00    6.3420
    928.00   1170.00    7.4210
    654.00    704.00   13.1110
   1020.00   1628.00   14.1815
   1107.00   1606.00    9.9850
   1152.00   1782.00   11.5000
   1166.00   1840.00   13.0000
   1240.00   1802.00   13.0000
   1432.00   2344.00   11.5000
   1436.00   2174.00   12.0000
   1585.00   2162.00   14.0000
   1765.00   2342.00   12.4380
   1824.00   2189.00   13.3705
   1716.00   2054.00   11.2020
   1812.00   1726.00    9.5450
   1652.00   1758.00   11.2785
   1809.00   1612.00   10.5000
   1796.00   1583.00    7.8665
   1834.00   1332.00   11.5000
   1789.00   1274.00    9.1775
   1924.00   1068.00   10.8115
   1831.00    713.00   10.5700
   1892.00    202.00    5.5000
   1882.00    189.00    7.4630
   1773.00    219.00    9.0000
   1763.00    181.00    9.7305
   1768.00    578.00   10.5905
   1758.00    506.00   10.2400
   1621.00    281.00   10.5000
   1590.00    228.00    9.5450
   1586.00    381.00   10.5700
   1553.00    551.00   11.8725
   1476.00    623.00   11.2785
   1597.00   1125.00    8.7950
   1589.00    934.00    7.1585
   1601.00    911.00    8.0000
   1693.00   1249.00    9.7345
   1658.00   1355.00    7.9275
   1438.00   1306.00   10.8115
   1477.00   1563.00    7.5000
   1500.00   1566.00    7.9275
   1360.00    392.00   10.0000
   1312.00    229.00    9.2705
   1265.00    625.00   10.2400
   1208.00    603.00   10.8115
   1123.00    468.00   10.0000
   1111.00    667.00    9.0655
   1096.00    846.00    6.9530
   1074.00    836.00    7.0000
   1534.00   2507.00    7.6800
   1513.00   2500.00    8.5000
   1294.00   1607.00    8.3435
   1316.00   1583.00    8.3435
    960.00   2562.00   14.9485
   1115.00   1230.00   13.0000
   1227.00   1276.00    9.6845
   1308.00   1499.00   12.0000
   1322.00   1213.00    8.5000
   1247.00   1154.00    9.2765
   1282.00   1131.00    9.3285
   1027.00   1137.00   12.0030
   1101.00   1091.00   11.8815
   1392.00   1042.00   15.8555
   1318.00   1074.00   16.0000
   1715.00    700.00   12.4380
