#        y         x         r
      2.00     65.00    9.3750
      2.00    224.00    9.7500
      1.00    403.00    9.0000
      2.00    557.00    8.1250
      2.00    881.00    6.2500
      4.00    935.00    7.5000
      2.00   1487.00    7.5000
      2.00   1713.00    7.2500
      2.00   1963.00    7.3750
     13.00   2048.00   11.3750
      1.00   2476.00    7.8750
     10.00   2324.00    8.3750
     16.00    991.00    8.6250
     16.00   1992.00    7.0000
     24.00   1699.00    9.0000
     24.00   1561.00    8.1250
     29.00   1224.00    7.0000
     32.00   2502.00    7.0000
     34.00   1622.00    8.3750
     36.00   1169.00    7.1250
     51.00   1479.00    6.3750
     57.00     74.00    7.0000
     55.00   2115.00    6.3750
     57.00   2515.00    7.0000
     61.00    130.00    7.5000
     59.00   1456.00    8.6250
     65.00    905.00    5.8750
     68.00    745.00    7.6250
     74.00    428.00    7.5000
     80.00   2218.00    6.1250
     79.00    879.00    8.1250
     92.00   1161.00    7.0000
     86.00   2115.00    7.2500
     90.00    257.00    7.8750
     90.00    368.00    7.2500
     95.00   1056.00    8.1250
    100.00   1804.00    6.5000
    105.00   2348.00    7.0000
    104.00    681.00    7.8750
    108.00   1775.00    8.7500
    114.00     74.00    7.1250
    117.00   1899.00    7.2500
    129.00     54.00    7.3750
    134.00    472.00    9.1250
    135.00   1577.00    7.1250
    135.00    391.00   11.1250
    135.00    781.00    7.1250
    141.00   2432.00    6.3750
    145.00    190.00    8.3750
    146.00    628.00    8.0000
    145.00   1873.00    6.5000
    149.00   1728.00    8.8750
    152.00    223.00    9.5000
    157.00    536.00    9.3750
    158.00   2368.00    8.7500
    160.00    413.00    6.1250
    169.00   1622.00    7.1250
    170.00    296.00    7.3750
    171.00    394.00    6.0000
    179.00   1255.00    8.6250
    182.00   1124.00    7.1250
    185.00   1020.00    7.7500
    185.00   1440.00   10.7500
    189.00   1562.00    7.1250
    189.00   1282.00    8.1250
    192.00   1156.00    7.1250
    207.00   1931.00    7.3750
    206.00   2000.00    8.8750
    208.00    654.00   11.0000
    218.00   1748.00    6.6250
    220.00    206.00    7.3750
    220.00   2306.00    7.6250
    222.00   1347.00   10.1250
    222.00   1514.00    9.2500
    224.00    719.00    8.6250
    227.00    372.00    6.8750
    231.00   1976.00    7.2500
    232.00    135.00    8.2500
    233.00   2489.00    8.0000
    239.00   1633.00    9.5000
    244.00   1242.00    8.2500
    250.00    344.00    8.0000
    262.00   1746.00    7.2500
    269.00   2458.00    7.8750
    271.00    844.00    7.8750
    273.00   1371.00    7.6250
    274.00   2548.00    7.1250
    275.00    406.00    9.8750
    276.00    539.00    9.1250
    276.00   1511.00    6.7500
    282.00    450.00    7.7500
    282.00   1107.00    8.8750
    291.00   2239.00    8.5000
    293.00    177.00    8.1250
    297.00    272.00    7.1250
    299.00   2395.00    9.0000
    304.00   1692.00    8.2500
    312.00     48.00    9.8750
    310.00   1974.00    9.7500
    311.00   1383.00    7.8750
    319.00   1465.00    8.5000
    319.00   1122.00    7.2500
    322.00    846.00    9.0000
    321.00   2572.00    6.7500
    328.00    102.00    6.5000
    329.00   1495.00    9.0000
    332.00    994.00    8.7500
    339.00    737.00    8.6250
    342.00   1408.00    8.1250
    358.00   1556.00    7.2500
    362.00   1423.00    5.8750
    381.00    680.00    7.0000
    384.00    636.00    8.7500
    385.00    243.00    8.3750
    413.00   2441.00    6.6250
    417.00   2022.00    8.3750
    422.00    301.00    7.8750
    424.00    488.00    7.3750
    430.00    956.00    7.7500
    433.00    118.00    6.8750
    435.00   1403.00    9.6250
    438.00    729.00   10.2500
    447.00   2222.00    6.6250
    446.00   2280.00    6.0000
    451.00    575.00    8.6250
    456.00   2454.00    8.2500
    467.00    493.00    6.5000
    470.00   2214.00    8.3750
    473.00    919.00    8.3750
    474.00     90.00    8.7500
    476.00   2031.00    9.1250
    492.00    487.00    9.5000
    500.00     18.00    6.3750
    507.00   2524.00    9.0000
    508.00    679.00    8.3750
    517.00    790.00    9.7500
    518.00   2233.00    7.7500
    521.00   1033.00    7.6250
    528.00   1297.00    7.3750
    531.00     32.00    8.0000
    539.00    577.00    8.6250
    546.00    703.00    7.5000
    567.00    271.00    8.1250
    572.00   1034.00    7.8750
    584.00    611.00    9.3750
    582.00   2277.00    6.5000
    587.00    821.00    8.3750
    616.00   2014.00    6.7500
    616.00   2424.00    8.3750
    621.00    178.00    8.5000
    624.00    694.00    7.7500
    637.00    149.00    7.2500
    637.00   1609.00    9.5000
    643.00    868.00    7.8750
    646.00   1397.00    7.7500
    657.00    488.00    8.1250
    655.00   2098.00    8.1250
    659.00   1532.00    7.6250
    665.00   2438.00    7.2500
    678.00    579.00    8.1250
    682.00   2054.00    8.2500
    692.00   1073.00    6.2500
    691.00   1542.00    8.3750
    692.00     71.00    9.7500
    701.00   1828.00    9.7500
    715.00   1031.00    8.5000
    719.00    777.00    9.5000
    720.00   2516.00    8.0000
    733.00   1405.00    7.5000
    739.00   1440.00    7.2500
    748.00   1673.00    6.7500
    753.00   2446.00    7.6250
    769.00   1538.00    8.0000
    775.00    684.00    8.3750
    781.00    256.00    9.5000
    778.00    794.00    7.8750
    790.00   1756.00    6.8750
    793.00     46.00    8.2500
    800.00   1496.00    8.3750
    801.00   1697.00    6.1250
    808.00    946.00    7.7500
    824.00    474.00    6.5000
    832.00   1739.00    8.0000
    836.00    379.00    8.1250
    844.00    640.00    6.7500
    845.00   1437.00    8.0000
    847.00   1019.00    8.2500
    855.00    399.00    8.1250
    856.00   2212.00    7.5000
    864.00   1748.00    3.0000
    875.00     22.00    8.3750
    878.00   1743.00    7.7500
    891.00    986.00   10.0000
    904.00   1591.00    8.3750
    905.00   1353.00    6.7500
    910.00    738.00    8.0000
    924.00   1676.00    5.8750
    927.00   2548.00    7.6250
    938.00    787.00    7.8750
    939.00    611.00    8.8750
    949.00    486.00    8.3750
    953.00   2474.00    8.6250
    956.00   1725.00    6.7500
    973.00   1693.00    7.3750
    973.00   2185.00    9.7500
    979.00    146.00    7.8750
    981.00    102.00    7.0000
    985.00   1284.00    7.0000
    992.00   1978.00    8.2500
    995.00    910.00    8.3750
   1003.00     41.00    8.6250
   1006.00   1638.00    7.3750
   1012.00   1460.00    6.3750
   1024.00   1307.00    7.3750
   1026.00   2187.00    9.1250
   1027.00   1717.00    8.0000
   1027.00   2356.00    6.8750
   1028.00   1950.00   10.2500
   1039.00   2434.00    8.2500
   1048.00   1533.00    9.7500
   1053.00    501.00    7.7500
   1055.00    930.00    7.0000
   1062.00    409.00    8.8750
   1063.00   2407.00    6.6250
   1064.00     39.00    6.0000
   1064.00    215.00    8.5000
   1066.00    464.00    7.0000
   1073.00   1786.00    8.6250
   1076.00    973.00    8.8750
   1079.00   1693.00    8.0000
   1079.00   2426.00    5.7500
   1080.00   2253.00    7.2500
   1080.00    517.00    7.0000
   1084.00   2364.00    6.8750
   1086.00   1990.00    7.5000
   1090.00   1373.00    6.3750
   1089.00    545.00    7.3750
   1093.00    369.00    5.7500
   1104.00   1159.00    6.7500
   1113.00   2385.00    9.1250
   1112.00    994.00    6.1250
   1123.00   1134.00    7.0000
   1124.00   1312.00    7.3750
   1137.00   2510.00    6.6250
   1143.00    548.00    9.8750
   1145.00   1264.00    8.5000
   1152.00    310.00    8.0000
   1152.00    362.00    6.5000
   1153.00    713.00    9.8750
   1159.00   1974.00    6.6250
   1162.00   2031.00    9.3750
   1174.00    959.00    7.5000
   1179.00   2093.00    7.6250
   1193.00   1285.00    8.6250
   1207.00   2307.00    7.1250
   1222.00    684.00    6.8750
   1226.00    506.00    7.6250
   1226.00   1002.00    7.6250
   1228.00   1980.00    7.6250
   1233.00   2088.00    6.8750
   1238.00   1697.00    9.7500
   1246.00   1423.00    6.7500
   1249.00   1245.00    9.1250
   1256.00   2017.00    7.0000
   1260.00   1872.00    6.2500
   1264.00   1609.00    8.1250
   1280.00    589.00    9.0000
   1280.00   1811.00    6.1250
   1287.00   1002.00    7.2500
   1296.00    190.00   10.2500
   1297.00   1364.00    6.0000
   1303.00   1280.00    8.0000
   1302.00   2199.00    6.1250
   1304.00   1019.00    6.6250
   1321.00   2443.00    7.3750
   1324.00    638.00    7.0000
   1325.00   1809.00    6.7500
   1329.00   1421.00    6.5000
   1339.00   2535.00    6.2500
   1336.00   1865.00    7.6250
   1336.00    596.00    7.7500
   1338.00   1274.00    7.1250
   1337.00   1115.00   10.2500
   1346.00    538.00    8.6250
   1361.00   1946.00    8.2500
   1364.00   1518.00    7.2500
   1365.00    856.00    8.1250
   1364.00    613.00    8.8750
   1368.00   2201.00    6.7500
   1369.00    670.00    9.6250
   1375.00   1489.00    8.1250
   1387.00   1985.00    9.1250
   1387.00    398.00   10.7500
   1392.00   2022.00   10.5000
   1395.00   1715.00    6.5000
   1399.00    932.00    7.8665
   1400.00    354.00    9.3750
   1408.00    806.00    7.8750
   1410.00   1569.00    7.0000
   1411.00   1138.00    8.5000
   1416.00   2158.00    7.3750
   1417.00    242.00    8.2500
   1428.00   2332.00    7.5000
   1434.00   1715.00    6.5000
   1462.00   1737.00    8.3750
   1475.00   1427.00    8.3750
   1473.00   2336.00    7.8750
   1480.00   2083.00    7.5000
   1489.00   2127.00    7.6250
   1494.00   1748.00    6.2500
   1501.00    771.00    7.3750
   1503.00   2463.00    8.5000
   1510.00   2357.00    7.0000
   1513.00   1255.00    6.3750
   1520.00   2063.00    8.7500
   1528.00   1586.00    7.8750
   1535.00    128.00    7.5000
   1537.00   1513.00    8.2500
   1538.00   2321.00    7.3750
   1543.00   1116.00    7.3750
   1545.00   2234.00    8.6250
   1551.00   1535.00    6.1250
   1557.00    834.00    5.6250
   1563.00    174.00    6.1250
   1571.00    222.00    7.6250
   1573.00     79.00    6.3750
   1578.00    825.00    7.6250
   1581.00    380.00    6.8750
   1583.00   1748.00    7.3750
   1583.00    150.00    8.0000
   1582.00   1208.00    7.7500
   1583.00    183.00    7.3750
   1585.00    974.00    9.0000
   1585.00   2206.00    7.2500
   1598.00    895.00    8.0000
   1606.00    244.00    7.0000
   1616.00    350.00   10.3750
   1616.00   2410.00    7.5000
   1629.00   2222.00    6.8750
   1633.00   1675.00    6.5000
   1636.00   1569.00    7.8750
   1639.00   1488.00    5.7500
   1647.00    834.00    7.0000
   1657.00    732.00    8.1250
   1664.00   2272.00    7.5000
   1666.00    764.00   11.1250
   1671.00    895.00    7.7500
   1673.00   1781.00    6.3750
   1678.00   2390.00    7.1250
   1685.00   2034.00    6.6250
   1686.00    612.00    6.7500
   1689.00   1248.00   11.1250
   1699.00    434.00    7.8750
   1696.00    735.00    6.3750
   1700.00   2122.00    7.6250
   1708.00   2053.00    7.6250
   1711.00    704.00    7.6250
   1713.00    852.00    8.3750
   1717.00   1998.00    7.1250
   1720.00   2150.00    7.8750
   1726.00    527.00    8.7500
   1742.00   2519.00   10.5000
   1738.00    134.00    7.1250
   1738.00    608.00    7.0000
   1744.00   2379.00    8.5000
   1747.00   2002.00    7.0000
   1760.00    556.00    7.7500
   1760.00   1319.00    7.5000
   1763.00    992.00    7.2500
   1764.00   1392.00    7.5000
   1777.00    280.00    6.6250
   1782.00    812.00    7.5000
   1782.00   2340.00    8.1250
   1786.00   1925.00    6.7500
   1804.00   2395.00    8.7500
   1809.00   2195.00    8.5000
   1826.00    477.00   11.2500
   1823.00   1824.00    5.8750
   1824.00   1959.00    7.2500
   1824.00   2257.00    6.8750
   1826.00   2543.00    8.0000
   1827.00    729.00    7.6250
   1829.00   1660.00    8.2500
   1836.00   1403.00    9.3750
   1835.00    759.00    7.2500
   1841.00    514.00    7.3750
   1855.00   2024.00    9.3750
   1862.00    633.00    7.1250
   1871.00    786.00   10.1250
   1880.00   1207.00    6.1250
   1885.00   1632.00    7.8750
   1886.00    826.00    8.7500
   1890.00   1825.00    9.8750
   1898.00   1943.00    8.0000
   1898.00   2039.00    6.5000
   1901.00    620.00    8.5000
   1903.00   1138.00    8.3750
   1906.00    412.00    7.0000
   1912.00   2279.00    7.1250
   1917.00   1477.00    7.8750
   1923.00     95.00    9.7500
   1927.00    656.00   10.5000
   1927.00   1998.00    9.5000
   1936.00   2442.00    6.3750
   1943.00   2141.00    6.1250
     13.00      2.00    9.1625
    137.00      2.00   11.0000
    122.00    288.00    8.8940
    228.00    257.00   10.2440
    330.00    255.00    9.1625
    337.00    476.00    6.7385
    328.00    454.00    8.0000
    437.00    448.00    6.7385
     19.00    688.00    8.7950
     46.00    706.00    9.5000
    197.00   1068.00   11.7265
    270.00   1062.00   12.0000
     40.00   1849.00   11.2020
     61.00   1994.00    8.2920
     64.00   1967.00    8.5000
     83.00   1935.00    9.0000
    102.00   1953.00    8.5000
    193.00   2041.00    9.2765
    246.00   1160.00   10.1240
    403.00    822.00    8.4585
    610.00    452.00    9.0655
    661.00    439.00   11.0000
    441.00    515.00    9.7345
    478.00    728.00   10.0000
    798.00    148.00    6.0440
    791.00    135.00    8.0000
    888.00    154.00    4.7725
    892.00    142.00    5.5000
    895.00     91.00   10.5905
   1060.00      0.00    9.7345
   1212.00      2.00    7.1585
   1302.00    283.00    6.9530
   1556.00    272.00    7.9275
   1473.00    226.00    7.9275
   1497.00    232.00    8.1085
   1640.00      1.00    6.5960
   1693.00     16.00    7.8665
   1802.00      2.00   10.0280
   1665.00    238.00    6.9530
   1679.00    334.00    8.8500
   1764.00    385.00    7.0000
   1658.00    596.00    8.7950
   1932.00   1175.00    6.9530
   1943.00   1152.00    6.2960
   1569.00    769.00    9.3285
   1758.00   1180.00    8.9040
   1695.00   1147.00    7.9275
   1713.00   1333.00    9.0000
   1864.00   1455.00    9.5000
   1845.00   1552.00    7.6800
   1835.00   1530.00    8.7950
   1918.00     43.00    9.5000
   1729.00    183.00   10.1240
   1475.00   1129.00    7.6800
   1487.00   1090.00    9.5000
   1477.00    796.00    8.3435
   1324.00    692.00    8.4585
   1296.00    747.00    8.0000
   1237.00    791.00    9.5000
   1239.00    875.00    5.2770
   1227.00    864.00    6.3420
   1134.00    632.00    7.0360
   1142.00    602.00    5.6725
   1122.00    596.00    5.5000
   1147.00    444.00    8.5000
   1027.00    418.00    6.6750
    925.00     24.00   11.8725
    876.00    496.00   13.5000
   1015.00    745.00   11.1250
    933.00    692.00    7.0800
    937.00    903.00    9.5450
   1348.00    982.00   12.0000
   1364.00   1112.00   10.0000
   1298.00   1155.00   10.8115
   1086.00   1065.00    9.9850
   1042.00   1206.00   10.5700
   1057.00   1175.00   13.0000
    911.00   1288.00   11.2785
    896.00    818.00   10.5700
    813.00    842.00    7.4630
    816.00    819.00    7.4630
    740.00   1095.00    7.1235
    778.00   1176.00    7.2525
    799.00   1163.00    7.5000
    366.00   1366.00    7.4165
    358.00   1335.00   10.4885
    406.00   1342.00    8.7950
    382.00   1592.00    8.2920
    468.00   1265.00    8.4015
    641.00   1204.00    9.0655
    564.00   1154.00   10.2660
    651.00   1127.00   11.5000
    726.00   1465.00    8.4585
    758.00   1409.00    7.0360
    773.00   1393.00    7.5000
    212.00   1868.00   10.8115
    356.00   1973.00    9.0655
    515.00   1943.00    9.5000
    482.00   1906.00    9.0655
    580.00   1949.00   10.0280
    657.00   1754.00    8.4015
    576.00   1746.00    9.7345
    520.00   1471.00    5.5625
    539.00   1475.00    5.9910
    408.00   1701.00    6.3420
    422.00   1684.00    6.6750
    440.00   1696.00    6.1440
    455.00   1225.00   11.8725
   1575.00    708.00   12.3685
   1908.00    962.00   13.3705
   1712.00   1710.00   10.8115
   1687.00   1629.00   11.0000
   1676.00   1804.00   10.8115
   1511.00   1487.00    9.2705
   1393.00   1358.00   12.0000
   1526.00   1661.00   11.2020
   1283.00   1487.00   11.1250
   1534.00   1801.00    9.5000
   1513.00   1846.00   12.3685
   1221.00   1353.00   14.1815
   1217.00   1568.00   10.8115
   1783.00   2106.00   12.4380
   1661.00   2069.00    9.5000
   1542.00   2567.00    9.0655
   1526.00   2519.00    9.2765
   1565.00   2494.00    7.9275
   1532.00   2360.00    8.7950
   1416.00   2045.00    7.5000
   1430.00   2061.00    8.4585
   1139.00   1998.00    7.4885
   1217.00   1723.00    7.6800
   1219.00   2575.00    7.9275
   1200.00   2561.00    7.9275
   1605.00   2275.00   10.8165
   1149.00   1892.00    9.8330
   1086.00   2142.00    9.7345
   1025.00   1386.00    9.5000
   1133.00   1190.00   11.1250
   1099.00   1414.00    9.6845
   1153.00   1412.00   11.2115
    867.00   1524.00   10.0000
   1050.00   2033.00    8.1085
   1013.00   2132.00    8.4585
   1019.00   2098.00    9.5000
    967.00   1886.00    9.5000
    928.00   1847.00    6.5000
    937.00   1825.00    8.9000
    938.00   1986.00   10.6360
    932.00   2250.00   10.2660
    938.00   2366.00    8.4585
    895.00   2519.00    9.0000
    828.00   2563.00    9.5000
    869.00   2452.00    7.4885
    893.00   2411.00    7.6800
    848.00   2417.00    6.7670
    846.00   2395.00    7.9055
    797.00   2395.00    8.6530
    814.00   2334.00    7.2525
    839.00   2073.00    7.5000
    788.00   1998.00    6.1440
    799.00   1975.00    7.2525
    909.00    696.00    8.7950
    745.00   2468.00    7.1235
    713.00   2470.00    8.9690
    687.00   2493.00    8.0000
    716.00   2307.00    8.5000
    754.00   2294.00    5.5625
    771.00   2286.00    7.1235
    697.00   2194.00    7.0000
    698.00   1979.00    7.9055
    558.00   2524.00    8.5000
    473.00   2467.00    7.5000
    519.00   2349.00   10.5540
    524.00   2289.00   10.5000
    429.00   2419.00    9.0000
    353.00   2302.00    8.4725
    358.00   2333.00    8.7950
    667.00   2131.00    8.5000
    316.00   2211.00   10.0000
    228.00   2330.00    7.9055
    176.00   2261.00   10.0125
    147.00   2391.00    7.8665
     80.00   2368.00    8.7950
    631.00   2199.00   10.0000
   1542.00    979.00    9.9850
    342.00   1586.00   10.8115
     75.00   1290.00   14.9775
