#        y         x         r
      2.00   2096.00    8.5000
      1.00   2518.00    6.8750
      6.00    859.00    9.8750
      9.00   1101.00    9.3750
      7.00   2210.00    6.0000
      8.00   2284.00    7.2500
     18.00   1441.00    9.8750
     16.00    902.00   11.5000
     26.00   1515.00    6.6250
     25.00   1542.00    6.6250
     27.00   2026.00    8.5000
     29.00   1172.00    6.7500
     36.00   2580.00    7.6250
     43.00   1975.00    7.2500
     41.00    966.00    8.5000
     49.00    523.00    8.2500
     56.00    306.00    8.6250
     63.00   1285.00    6.8750
     67.00   2013.00    7.1250
     79.00   1169.00    7.8750
     86.00   1968.00    7.6250
     97.00   2181.00    8.2500
     97.00     24.00    9.0000
     97.00   1422.00    9.2500
     99.00   1062.00    9.7500
    103.00   2234.00    7.7500
    115.00   1364.00    7.6250
    118.00   2545.00    7.3750
    120.00   1519.00    7.0000
    130.00   1946.00    8.1250
    132.00    966.00    9.3750
    134.00    462.00    7.6250
    137.00   1906.00    8.7500
    145.00   2584.00    4.7500
    146.00   1829.00    9.7500
    148.00   2153.00    7.2500
    154.00   1037.00    8.2500
    162.00   1128.00    7.2500
    171.00   2060.00    8.7500
    177.00    373.00    8.7500
    187.00   2467.00    8.5000
    180.00   1988.00    7.8750
    187.00    230.00    6.6250
    186.00   2101.00    7.5000
    190.00   1000.00    8.6250
    190.00    291.00    8.6250
    192.00    414.00    8.6250
    200.00    651.00    8.1250
    200.00   1836.00    7.5000
    198.00   2281.00    7.8750
    203.00    329.00    7.7500
    202.00   2437.00    8.1250
    206.00    106.00    7.7500
    207.00    186.00    7.6250
    206.00   1893.00    9.1250
    212.00    512.00    7.8750
    217.00   2476.00    7.7500
    220.00   1063.00    8.5000
    220.00    576.00    8.3750
    224.00   1550.00    7.0000
    232.00    130.00    9.1250
    236.00    489.00    7.2500
    238.00    451.00    8.3750
    247.00   1177.00    8.0000
    245.00   2080.00    6.3750
    267.00    649.00    8.2500
    266.00   2225.00    9.2500
    269.00   1028.00    9.1250
    270.00   2381.00    8.2500
    276.00   2458.00    7.5000
    289.00   1072.00    9.2500
    288.00   2010.00    8.3750
    289.00   2513.00    9.5000
    295.00    929.00    8.7500
    294.00   1831.00    8.8750
    292.00   2555.00    6.1250
    302.00   2190.00    8.1250
    303.00    564.00    9.1250
    305.00   2144.00    6.2500
    317.00   1154.00    6.5000
    316.00    720.00    8.8750
    318.00     31.00   11.1250
    320.00    497.00    7.7500
    320.00    595.00   10.1250
    321.00   1187.00    8.8750
    325.00    998.00    9.8330
    324.00   1215.00    6.0000
    328.00   1812.00    8.5000
    328.00   1377.00    8.5000
    334.00   2449.00    8.2500
    334.00    394.00    7.0000
    337.00   1710.00    9.3750
    340.00   1856.00    6.6250
    355.00   1423.00    5.8750
    365.00   1007.00    8.0000
    365.00   1315.00    9.2500
    370.00    305.00    7.8750
    382.00    236.00    9.5000
    393.00   2311.00    7.1250
    395.00   1952.00    9.3750
    396.00    815.00   11.2500
    396.00   1245.00    8.8750
    398.00   1513.00    8.0000
    405.00   2127.00   10.0000
    405.00   2365.00    8.1250
    410.00   1017.00    8.1250
    414.00    734.00    7.5000
    423.00   2188.00    6.8750
    427.00    235.00    7.0000
    430.00   1365.00    6.7500
    443.00    393.00    9.0000
    446.00   1468.00   10.6250
    449.00    304.00    9.0000
    452.00    635.00   10.0000
    456.00    745.00    7.2500
    461.00   1185.00    7.7500
    463.00   2074.00    6.2500
    485.00   2233.00    9.1250
    492.00    707.00    6.6250
    495.00    848.00    9.8750
    502.00    887.00    9.8750
    513.00   2306.00    7.2500
    520.00   1558.00   10.0000
    524.00   2427.00    7.2500
    524.00   1444.00    9.0000
    526.00    571.00    9.3750
    539.00    816.00    9.5000
    543.00   1834.00    7.0000
    548.00   1761.00    6.3750
    561.00     89.00    8.5000
    567.00    260.00    6.8750
    568.00    704.00    8.2500
    570.00   2180.00    7.5000
    581.00   1061.00    6.8750
    593.00   1528.00   10.2500
    597.00     69.00    8.2500
    604.00    822.00    8.5000
    612.00    500.00    8.5000
    614.00   1363.00    7.6250
    616.00   2416.00    8.0000
    620.00   1076.00    6.1250
    624.00   1035.00    8.8750
    624.00   1625.00   10.2500
    628.00   1941.00    9.3750
    634.00     73.00    7.6250
    641.00    742.00    6.3750
    654.00   1787.00    8.0000
    658.00    302.00    6.5000
    661.00   2383.00    8.3750
    671.00   1394.00    6.8750
    673.00   1862.00    7.7500
    674.00   2148.00    6.7500
    694.00    419.00    7.0000
    698.00   1649.00    7.3750
    707.00    519.00   10.6250
    708.00   1206.00    9.1250
    714.00    803.00    7.1250
    713.00    881.00    7.7500
    713.00   1866.00    7.6250
    716.00   1759.00    8.3750
    728.00    639.00    7.5000
    727.00   1538.00    8.6250
    729.00   1361.00   10.1250
    739.00    951.00    5.8750
    740.00   1108.00    7.3750
    746.00   1028.00    9.7500
    752.00   2329.00    8.0000
    754.00    914.00    8.0000
    769.00   1411.00   11.0000
    772.00   1714.00    7.5000
    775.00   1821.00    8.5000
    779.00   1769.00    6.8750
    781.00   1008.00    7.8750
    798.00    603.00    7.3750
    800.00     84.00    8.7500
    802.00    338.00    8.6250
    812.00    213.00    8.0000
    819.00     53.00    9.0000
    824.00    289.00    8.0000
    834.00    675.00    8.1250
    833.00    231.00    7.8750
    834.00    952.00    8.7500
    835.00    899.00   10.5700
    840.00   2141.00    8.5000
    847.00   2354.00    8.7500
    847.00   1685.00    7.2500
    852.00   1546.00    6.8750
    856.00    274.00    8.2500
    871.00   1829.00    7.1250
    872.00   1346.00    7.0000
    873.00   1730.00    7.3750
    874.00   1470.00    8.0000
    882.00    683.00    8.0000
    905.00    212.00    7.6250
    909.00   2067.00    8.2500
    912.00   1708.00    9.5000
    916.00    928.00    9.6250
    917.00   1872.00    8.5000
    919.00   1383.00    9.0000
    924.00    972.00    5.8750
    926.00    315.00    7.7500
    926.00   2311.00    8.3750
    928.00    219.00    6.8750
    930.00    853.00    8.1250
    934.00    541.00    8.1250
    937.00   1672.00    6.3750
    952.00    775.00    7.5000
    953.00   1806.00    6.3750
    953.00    205.00    6.7500
    953.00   2107.00   10.0000
    956.00    811.00    7.5000
    965.00   1577.00    7.7500
    966.00   2411.00    7.8750
    970.00   1252.00    7.6250
    976.00    426.00    7.5000
    979.00   2456.00    6.2500
    985.00   1224.00    7.0000
    983.00    266.00    7.1250
   1005.00   1084.00    8.5000
   1004.00   2284.00    7.7500
   1014.00   2320.00    8.5000
   1017.00   2224.00    6.7500
   1017.00   2063.00    9.7500
   1030.00   1663.00    9.7500
   1033.00     68.00    9.2500
   1031.00    419.00    8.5000
   1034.00   1768.00    7.7500
   1036.00   2208.00    6.7500
   1048.00   2181.00    7.2500
   1053.00    252.00    8.3750
   1058.00   1182.00    6.6250
   1070.00    610.00    9.0000
   1075.00    870.00    9.1250
   1076.00   1902.00    9.0000
   1078.00    307.00   10.8750
   1081.00    560.00    9.5000
   1088.00   2074.00    8.1250
   1095.00   1620.00    7.6250
   1094.00    670.00    7.0000
   1096.00    824.00    6.8750
   1101.00    888.00    7.6250
   1103.00   1753.00    7.2500
   1106.00   1714.00    8.3750
   1108.00   1400.00    8.8750
   1118.00    682.00    7.2500
   1135.00    137.00    8.1250
   1137.00   2313.00    6.9530
   1144.00   2454.00    7.0000
   1149.00   2145.00    8.8750
   1148.00   1356.00    7.6250
   1153.00    203.00    7.2500
   1154.00   2541.00    8.3750
   1157.00   1220.00    8.5000
   1188.00   2448.00    8.5000
   1190.00   1128.00    7.0000
   1193.00    806.00    8.2500
   1195.00   1500.00    6.8750
   1202.00    347.00    8.8750
   1201.00   2008.00    9.5000
   1204.00    586.00    7.2500
   1207.00   1150.00    7.0000
   1232.00    256.00    9.8750
   1244.00    506.00    8.1250
   1249.00   2454.00    8.2500
   1258.00   1744.00    6.2500
   1259.00   2297.00    8.1250
   1259.00    330.00    9.1250
   1264.00   2352.00    7.3750
   1269.00   1799.00    8.2500
   1267.00     68.00    6.5000
   1270.00   2415.00   10.2500
   1270.00   2480.00   11.1250
   1282.00    812.00    9.1250
   1284.00   1466.00    8.6250
   1287.00    595.00    8.2500
   1288.00    844.00    7.2500
   1305.00    301.00   10.1250
   1298.00    626.00    7.2500
   1308.00   1231.00    8.5000
   1330.00   1576.00    9.0000
   1334.00   1520.00    8.6250
   1349.00   1611.00    7.0000
   1351.00   1040.00    8.0000
   1364.00   2058.00    8.8750
   1359.00    668.00    7.2500
   1368.00    997.00   12.1250
   1382.00   2141.00    7.8750
   1377.00   1697.00    7.5000
   1381.00   1995.00    9.5000
   1383.00    280.00    8.3750
   1382.00   1650.00    7.1250
   1382.00   2592.00    7.3750
   1382.00   1289.00    6.2500
   1382.00   1319.00    6.8750
   1395.00   1446.00    9.5000
   1399.00   1353.00   11.8750
   1406.00   1800.00    7.7500
   1409.00   2525.00    8.2500
   1414.00   1263.00    8.0000
   1418.00     82.00    6.3750
   1425.00    742.00   11.1250
   1426.00   1420.00    7.0000
   1433.00   1108.00    7.1250
   1430.00   2235.00    7.3750
   1438.00     19.00    7.5000
   1444.00   1685.00    8.3750
   1457.00   2511.00    8.0000
   1462.00     91.00    6.2500
   1468.00   2186.00    7.1250
   1472.00   2419.00    7.8750
   1476.00   1249.00    8.0000
   1479.00     34.00    7.0000
   1479.00   1813.00    7.1250
   1484.00    547.00    7.7500
   1492.00   2382.00    9.0000
   1499.00    354.00    8.2500
   1501.00   1465.00   10.1250
   1506.00   2171.00    7.7500
   1503.00    608.00    7.8750
   1506.00    695.00    8.2500
   1516.00    893.00    3.1250
   1518.00    175.00    6.3750
   1523.00   2590.00    5.5000
   1524.00   1981.00    8.1250
   1529.00   2257.00    7.2500
   1533.00    896.00    9.1250
   1550.00   2121.00    7.2500
   1552.00   1110.00    7.8750
   1554.00   1612.00    9.3750
   1557.00   2298.00    9.1250
   1566.00   1033.00    8.1250
   1565.00    316.00   10.6250
   1565.00    146.00   10.7500
   1572.00   2200.00    8.5000
   1580.00   2583.00    7.3750
   1587.00   1303.00    7.0000
   1587.00    775.00    8.5000
   1587.00    569.00    9.7500
   1591.00   1082.00    8.1250
   1593.00   1622.00    6.8750
   1593.00    467.00    7.2500
   1593.00   1179.00   10.2500
   1599.00   1328.00    9.0000
   1601.00   1448.00    8.1250
   1599.00   1585.00    9.1250
   1603.00   2182.00    9.5000
   1605.00   1658.00    9.7500
   1612.00   1892.00    7.5000
   1614.00    671.00    7.8750
   1619.00    983.00    8.5000
   1630.00   1759.00    6.6250
   1636.00    775.00    8.5000
   1642.00    537.00    8.1250
   1643.00    584.00    7.8750
   1645.00   2004.00    6.8750
   1652.00   1295.00    7.6250
   1653.00   2278.00    9.0000
   1657.00    607.00    8.6250
   1659.00   2020.00    6.8750
   1666.00   1017.00    9.0000
   1667.00   2446.00    7.1250
   1671.00   1713.00    6.7500
   1676.00   1619.00   11.0000
   1677.00   1674.00    7.6250
   1681.00    208.00    8.5000
   1688.00   1292.00    7.0000
   1692.00   2316.00    7.8750
   1703.00    717.00    8.0000
   1707.00    976.00    8.7500
   1716.00    335.00    7.3750
   1723.00   1951.00    7.0000
   1739.00     16.00    6.6250
   1743.00    924.00    9.1250
   1741.00   2037.00    7.7500
   1752.00   1818.00    8.2500
   1780.00   2338.00    6.8750
   1782.00   2221.00    6.1250
   1790.00   1876.00   10.0000
   1800.00   1146.00    6.2500
   1809.00   2168.00    6.5000
   1811.00   1588.00    8.6250
   1824.00   2354.00    6.6250
   1826.00   1703.00    9.1250
   1827.00    485.00    9.5000
   1828.00   1755.00    8.1250
   1830.00   1524.00    7.4630
   1830.00   1793.00    7.0000
   1833.00   2143.00    8.8750
   1849.00    619.00    8.3750
   1853.00   1738.00   11.5000
   1850.00   2431.00    8.6250
   1854.00   1486.00    7.7500
   1862.00   1659.00    8.0000
   1863.00   2005.00    7.5000
   1867.00    289.00    8.8750
   1870.00   2181.00    7.1250
   1881.00   2102.00    9.1250
   1881.00    374.00    8.5000
   1883.00   2481.00    8.1250
   1885.00   1161.00    7.6250
   1889.00    866.00    8.8750
   1897.00   1085.00    7.6250
   1923.00    360.00    7.1250
   1923.00    139.00    7.1250
   1932.00    506.00   10.8750
   1936.00   2566.00    9.0000
   1940.00   2318.00   10.0000
   1944.00    975.00    5.1250
   1148.00   1725.00   10.0000
   1182.00   1714.00   10.0000
   1397.00   2102.00   12.5000
    382.00    366.00   11.0000
    425.00   1765.00   10.0000
    371.00   2484.00   11.8300
     13.00      0.00    6.4790
     20.00    128.00    6.0270
     22.00    115.00    6.5000
    287.00      0.00    6.3845
    127.00    271.00    6.2570
    129.00    252.00    6.6325
    160.00    466.00    7.0000
    241.00    404.00    8.9845
    234.00    320.00    6.5000
    250.00    310.00    7.0000
    375.00    409.00    6.4565
    531.00    233.00    7.2405
    548.00    226.00    6.8440
    631.00    209.00    6.9685
    656.00    211.00    8.0000
    714.00      1.00    9.0000
    809.00    120.00   10.6715
    918.00    278.00    9.0000
    971.00    313.00   10.2400
   1088.00     11.00    8.2130
   1210.00      4.00    7.4630
   1211.00    177.00    7.2525
   1258.00    227.00    6.3420
   1167.00    258.00    5.5000
   1174.00    245.00    5.2265
   1335.00    366.00    7.4745
   1325.00    258.00    6.9685
   1331.00    229.00    7.0000
   1517.00     80.00    7.0000
   1897.00    170.00    7.0605
   1913.00    380.00    6.5000
   1943.00    448.00    6.3420
   1944.00    622.00    6.3420
   1918.00    617.00    7.1235
   1925.00    594.00    6.2930
   1881.00    547.00    6.5000
   1868.00    566.00    6.7670
   1832.00    746.00    9.0000
   1798.00    711.00    7.4630
   1723.00    519.00    6.7210
   1698.00    391.00    7.4210
   1593.00    382.00    8.7950
   1598.00    705.00    7.2525
   1556.00    645.00    7.7875
   1763.00   1332.00    6.4870
   1783.00   1324.00    7.0000
   1786.00   1287.00    7.5000
   1603.00   1226.00    7.2525
   1542.00   1359.00    7.8665
   1483.00   1398.00    6.7670
   1481.00   1368.00    8.6530
   1499.00   1318.00    7.2525
   1530.00   1129.00    7.5000
   1498.00   1052.00    9.0000
   1553.00    978.00    8.7950
   1514.00    988.00    9.6020
   1488.00    958.00    8.4725
   1752.00    488.00   11.2020
   1408.00    569.00    8.2920
   1381.00    565.00    8.2920
   1298.00    517.00   10.5000
   1286.00    984.00   10.5700
   1240.00    923.00    9.9850
   1183.00    972.00   10.5700
   1204.00    688.00   11.2785
   1209.00    539.00   12.0875
   1388.00    350.00   12.0875
   1358.00   1274.00   10.2400
   1046.00    559.00    7.9750
   1042.00    530.00    8.3950
    987.00    612.00   10.5700
    979.00    521.00   10.8610
    942.00    710.00   10.5700
    874.00    832.00   10.5700
   1055.00   1033.00   10.5000
   1006.00   1018.00   11.8725
    829.00    618.00   10.0000
    779.00    557.00    7.9275
    798.00    533.00    8.1085
    793.00    498.00    9.0655
    757.00    521.00    7.9275
    751.00    496.00    8.8500
    698.00    564.00    9.0000
    810.00    820.00   11.0000
    755.00    877.00    9.0655
    708.00    700.00    8.8500
    366.00    557.00    7.0905
    382.00    543.00    9.0000
    439.00    502.00    9.0655
     87.00    639.00   12.1630
      1.00    785.00    9.8330
     49.00    871.00    8.7950
     89.00    861.00    7.0905
    155.00    875.00   10.4525
    145.00    783.00    6.4870
    149.00    766.00    7.7475
    201.00    761.00    6.1440
    213.00    747.00    7.5000
    257.00    841.00    6.7210
    301.00    871.00   10.1240
    458.00    936.00    9.0655
    448.00   1076.00   10.1240
    563.00    665.00    8.4015
    576.00    639.00    9.0655
    618.00    627.00    7.1585
    138.00    661.00    8.3435
      4.00   1326.00    6.5960
      8.00   1359.00   10.6360
    164.00   1225.00    7.6800
    183.00   1221.00    9.0000
    219.00   1247.00    9.0655
    279.00   1125.00   10.5905
    244.00   1312.00   10.9935
    254.00   1420.00    7.8665
    179.00   1485.00    7.5000
    157.00   1650.00    8.7950
    165.00   1760.00    9.0655
    201.00   1739.00    8.4585
    127.00   2101.00    9.2705
    106.00   2143.00   10.0000
     51.00   1764.00   10.5700
    271.00   1692.00    7.2525
    262.00   1667.00    8.3620
    341.00   1939.00    6.7670
    356.00   1924.00    9.0000
     68.00   2255.00   12.4380
    181.00   2362.00    7.1585
    211.00   2368.00    7.9275
    234.00   2480.00    8.8500
    214.00   2336.00    7.6800
    150.00   1292.00   10.8115
    106.00   1588.00   10.4885
    349.00   1472.00   13.1110
    391.00   1417.00   11.8725
    512.00   1361.00   10.2400
    530.00   1863.00   10.5700
    388.00   1664.00   10.6360
    559.00   1658.00   11.0000
    637.00   1662.00    9.6845
    515.00   2000.00    9.2765
    500.00   1975.00    9.2765
    320.00   2336.00    6.2190
    329.00   2317.00    8.0020
    347.00   2331.00    7.8935
    457.00   2312.00   11.2785
    439.00   2587.00    7.8665
    547.00   2580.00    7.9275
    859.00   2561.00    8.1085
   1001.00   2555.00    8.7950
   1129.00   2395.00    9.2765
   1115.00   2275.00    8.7950
   1190.00   2346.00    7.9275
   1241.00   2340.00    7.4885
   1729.00   2559.00    8.9040
   1764.00   2450.00   10.5000
   1746.00   2244.00   10.0000
   1944.00   1839.00    8.9040
   1845.00   1973.00    8.9040
   1819.00   1929.00   10.0000
   1801.00   1900.00    7.9275
   1812.00   1736.00    4.9750
   1793.00   1736.00    7.1235
   1790.00   1618.00    6.4870
   1765.00   1619.00    7.1235
   1861.00   1550.00   12.3685
   1743.00   1674.00    8.7950
   1752.00   1458.00   11.2020
   1650.00   1553.00   10.5700
   1571.00   1532.00   10.4885
   1480.00   1540.00   12.0000
   1464.00   1629.00   10.2400
   1422.00   1559.00   10.8115
   1591.00   1728.00    7.0905
   1607.00   1707.00    7.9275
   1690.00   1809.00    5.6055
   1689.00   1797.00    5.6055
   1680.00   1783.00    6.4105
   1663.00   1759.00    8.0990
   1564.00   1819.00    5.7335
   1542.00   1815.00    7.1585
   1481.00   2112.00    8.9040
    692.00   1064.00    7.1585
    730.00   1052.00    8.4015
    645.00   1214.00    6.4870
    639.00   1194.00    5.2770
    636.00   1168.00    6.7210
    817.00   1094.00    7.1235
    830.00   1064.00    6.1440
    907.00   1250.00    6.7670
    894.00   1230.00    7.7475
   1015.00   1526.00   10.9935
    727.00   1576.00    5.9910
    747.00   1577.00    7.8665
    793.00   1519.00    6.4870
    798.00   1501.00    7.8665
    438.00   1887.00   14.4220
   1289.00   1967.00    9.4545
   1165.00   1986.00    9.2705
   1020.00   2126.00   10.5700
    844.00   2195.00    9.9850
   1300.00   2237.00   10.9285
   1303.00   2116.00    6.7670
   1284.00   2100.00    7.5000
   1079.00   2516.00   10.0740
    747.00   2366.00   10.2400
    739.00   2592.00   12.0875
    920.00   1980.00   12.3685
    685.00   2285.00    8.7950
    649.00   2241.00    5.7270
    638.00   2225.00    8.0225
    733.00   2074.00    7.1235
    735.00   2050.00    9.0000
   1212.00   2149.00   11.8725
    774.00   2049.00   11.1250
    591.00   2389.00   13.0000
    644.00    920.00   10.8115
    284.00   1765.00   12.0875
   1520.00   1763.00   11.2785
   1547.00   1862.00   11.7995
