#        y         x         r
      1.00   1185.00    3.3750
      3.00   1718.00    8.2500
      2.00   2494.00    7.3750
      7.00   1838.00    8.6250
      8.00   2136.00    8.6250
     11.00    624.00   10.1250
      9.00   2221.00    8.1250
     14.00   1167.00   12.3750
     12.00   1210.00    7.8750
     19.00    977.00    9.2500
     19.00   1695.00    9.1250
     21.00   1432.00   10.0000
     28.00    152.00    7.6250
     34.00    112.00    7.7500
     40.00    905.00    8.7500
     39.00    603.00   11.2500
     39.00    773.00    7.8750
     40.00   2005.00    7.7500
     41.00    183.00    6.8750
     41.00   1565.00    8.1250
     44.00   1053.00    9.2500
     59.00    809.00    7.2500
     68.00   1153.00   10.2500
     65.00    180.00    6.6250
     72.00    864.00   10.3750
     80.00   1613.00    8.0000
     89.00    275.00    9.3750
     95.00   2404.00    8.3750
    101.00   1697.00    8.1250
    112.00   1385.00    9.8750
    124.00   1649.00    8.6250
    121.00   2386.00    6.1250
    124.00    902.00   10.2500
    130.00   2439.00    7.5000
    141.00   2308.00    8.2500
    153.00   2046.00    8.7500
    156.00   1051.00    7.3750
    159.00   1588.00   10.1250
    166.00   1709.00    7.5000
    172.00   2084.00    7.8750
    179.00    212.00    8.2500
    181.00   1260.00    9.2500
    184.00   2457.00    7.5000
    189.00    444.00   10.1250
    190.00   1029.00    7.8750
    194.00   1566.00    9.2500
    197.00   1318.00    7.5000
    199.00   2484.00    6.3750
    199.00   2271.00    7.8750
    211.00    237.00    9.6250
    206.00   2191.00    8.5000
    218.00   2030.00    6.5000
    217.00   2436.00    6.7500
    228.00    354.00    8.0000
    232.00   2413.00    7.2500
    233.00    301.00    8.7500
    238.00   2191.00    6.2500
    240.00   2024.00    8.5000
    245.00   1919.00    6.1250
    249.00    566.00    7.3750
    251.00   1617.00   10.0000
    252.00   2403.00    4.5000
    256.00   2380.00    8.7500
    262.00   1088.00    8.0000
    265.00   1481.00    9.2500
    268.00    505.00    7.5000
    275.00    283.00   11.8750
    278.00   1655.00    8.1250
    278.00    194.00    8.2500
    293.00   1381.00    8.8750
    297.00    841.00   11.5000
    302.00   2078.00    9.0000
    307.00    970.00    9.0000
    315.00    415.00    8.5000
    317.00    666.00    9.3750
    320.00    522.00   10.5000
    325.00    250.00    7.2500
    330.00   2003.00    7.0000
    339.00   2510.00    8.3750
    346.00    468.00    7.5000
    351.00    124.00    8.8750
    354.00   1115.00    9.1250
    353.00   2125.00    7.5000
    355.00    375.00    7.3750
    356.00   1874.00    9.0000
    357.00   1071.00    9.5000
    362.00   2202.00    8.5000
    362.00    588.00    6.6250
    369.00    445.00    7.1250
    370.00   1144.00    7.7500
    379.00   2433.00    9.1250
    381.00   1302.00    7.0000
    394.00    142.00    7.0000
    392.00    498.00   10.3750
    391.00   1489.00    7.8750
    393.00   2130.00    6.6250
    398.00   1136.00    7.8750
    412.00    523.00    7.7500
    415.00    130.00    7.5000
    428.00     38.00    7.7500
    428.00   2172.00    9.1250
    438.00   2581.00    8.7500
    442.00   2125.00    8.5000
    446.00   1297.00    7.5000
    443.00   1980.00   10.0000
    449.00    898.00    9.5000
    449.00   2030.00    9.3750
    449.00   2435.00    8.2500
    469.00   2372.00    8.6250
    469.00   1787.00    7.8750
    472.00     34.00    3.1250
    471.00    954.00   10.0000
    477.00    183.00    7.1250
    476.00   1187.00    9.0000
    479.00   1067.00    8.3750
    483.00   2291.00    7.2500
    488.00     41.00    9.5000
    488.00   2401.00    6.3750
    490.00    353.00    8.2500
    502.00   2432.00    8.3750
    522.00   1752.00    6.8750
    525.00   1248.00    6.1250
    529.00   1133.00    7.6250
    541.00   1802.00    8.3750
    545.00   1415.00    8.5000
    547.00   1752.00    6.3750
    548.00     51.00    6.7500
    550.00   1313.00    9.3750
    551.00   1585.00   10.5700
    553.00   1441.00    6.6250
    559.00    214.00    7.2500
    583.00   1051.00   11.0000
    587.00   1820.00    8.6250
    586.00   1706.00    8.7500
    596.00   2110.00    8.5000
    611.00     48.00    9.8750
    607.00    532.00    7.8750
    615.00    246.00    8.3750
    616.00   1931.00    8.0000
    618.00   2089.00    8.2500
    621.00   1240.00    7.1250
    621.00    133.00    9.8750
    633.00   2179.00    8.1250
    634.00    182.00    8.5000
    637.00     27.00   10.0000
    642.00   2572.00    7.8750
    646.00   2071.00    9.5000
    648.00   1562.00    8.7500
    649.00    254.00    9.2500
    651.00   1241.00    7.5000
    654.00    401.00   10.5000
    665.00    491.00    8.6250
    668.00   1918.00    8.0000
    678.00    622.00    8.3750
    687.00     32.00    9.5000
    693.00   2455.00    8.8750
    697.00    418.00    9.6250
    697.00   1006.00    6.8750
    699.00   1338.00    8.2500
    704.00   1535.00   10.7500
    706.00    762.00    9.2500
    705.00   1242.00    7.6250
    712.00   2406.00    6.7500
    743.00   1939.00    7.3750
    740.00    577.00    6.8750
    746.00   1627.00   10.5000
    754.00   1095.00    6.5000
    754.00    133.00    8.3750
    755.00    442.00    8.2500
    758.00   2409.00   11.7500
    758.00   1916.00    8.5000
    786.00   1422.00    7.1250
    788.00   1662.00    7.1250
    792.00   1330.00    8.8750
    791.00   2257.00    7.8750
    822.00   1485.00    8.3750
    821.00   1680.00    6.5000
    822.00   1727.00    8.0000
    832.00   1303.00    9.6250
    834.00   1426.00    7.7500
    838.00   2361.00    7.6250
    838.00     53.00    8.8750
    842.00   1664.00    7.0000
    846.00   2269.00    8.5000
    851.00   2327.00    8.5000
    858.00   1417.00    7.2500
    864.00   1715.00   10.3750
    872.00   2402.00    7.5000
    875.00    600.00    8.1250
    885.00    898.00    6.8750
    886.00   1401.00    8.2500
    887.00   1960.00    7.6250
    887.00   1097.00    8.8750
    895.00   2445.00    8.2500
    900.00   1490.00    7.1250
    914.00   2098.00    6.3750
    918.00   1185.00    8.3750
    922.00    537.00    9.0000
    927.00    459.00    8.2500
    929.00    228.00    8.3750
    931.00    575.00    6.3750
    947.00   1884.00    8.5000
    949.00   1614.00    7.8750
    953.00   1420.00    7.7500
    957.00    646.00    8.0000
    963.00    366.00    9.6250
    963.00   1043.00    7.0000
    967.00    269.00    9.1250
    975.00   2126.00    7.8750
    982.00   1454.00    9.7500
    983.00    773.00    9.1250
    985.00    911.00    6.5000
    991.00    433.00    8.3750
    993.00    879.00    7.7500
    994.00   1270.00    8.7500
   1001.00   2035.00    7.0000
   1002.00   2079.00    8.1250
   1013.00   1922.00   10.0000
   1030.00    528.00    9.6250
   1034.00    989.00    9.7500
   1034.00    168.00    6.2500
   1034.00   2059.00    7.8750
   1040.00   1435.00    7.1250
   1041.00   1799.00    7.7500
   1046.00   1054.00    7.2500
   1046.00   1289.00    8.8750
   1049.00    595.00   11.8750
   1051.00   1989.00    8.6250
   1052.00   1896.00    7.1250
   1052.00   1212.00    7.5000
   1058.00    690.00    7.7500
   1057.00   1559.00    6.8750
   1062.00   1526.00    6.6250
   1079.00      7.00    4.7500
   1088.00   1047.00    9.2500
   1094.00   1823.00    7.8750
   1097.00   1956.00    8.1250
   1101.00    660.00    7.6250
   1109.00   1269.00    6.8750
   1113.00    543.00    8.8750
   1120.00    254.00    8.0000
   1121.00    603.00    7.6250
   1125.00    954.00    9.0000
   1136.00   2004.00    8.6250
   1148.00    166.00    9.1250
   1153.00    720.00    9.1250
   1156.00   1419.00    8.3750
   1161.00    895.00    6.7500
   1160.00   1795.00    9.6250
   1164.00   2266.00    7.6250
   1164.00   2448.00    7.8750
   1166.00   1278.00    8.5000
   1171.00   2405.00    7.6250
   1177.00    445.00   11.2500
   1180.00   1037.00    8.0000
   1181.00   1229.00    8.2500
   1180.00   2241.00    7.7500
   1186.00    566.00    8.7500
   1189.00   1738.00    5.8750
   1193.00     57.00   10.6250
   1191.00   1282.00    6.7500
   1192.00   2373.00    9.1250
   1199.00   1509.00    7.1250
   1199.00   1153.00    7.5000
   1205.00   2462.00    7.2500
   1206.00   2100.00    8.2500
   1220.00    714.00    7.6250
   1223.00   1440.00    7.5000
   1226.00   1256.00    8.0000
   1228.00   1133.00    8.7500
   1234.00   2276.00    9.2500
   1238.00   1696.00    8.2500
   1238.00    198.00   11.6145
   1246.00    127.00    8.3750
   1248.00   1006.00    6.0000
   1260.00   2121.00    7.0000
   1264.00   1727.00    7.5000
   1272.00    553.00    7.6250
   1274.00    664.00    7.3750
   1278.00    186.00    9.2500
   1288.00    914.00    7.7500
   1293.00   1255.00    6.5000
   1293.00   1949.00    6.6250
   1295.00   2502.00    5.6250
   1299.00    298.00    8.0000
   1309.00    123.00    6.5000
   1308.00    671.00    8.2500
   1315.00     75.00    7.7500
   1320.00    573.00    9.0000
   1326.00   1447.00    6.0000
   1328.00   2184.00    9.1250
   1331.00   1679.00    9.0000
   1334.00    997.00    7.8750
   1340.00    883.00    7.6250
   1338.00   1053.00   10.5000
   1342.00   1410.00    7.1250
   1348.00    187.00    8.0000
   1353.00   2016.00    9.0000
   1353.00    129.00    7.0000
   1355.00    408.00    6.7500
   1358.00   2253.00    6.0000
   1361.00   1258.00    8.5000
   1364.00   2563.00    7.6250
   1365.00   2056.00    6.2500
   1375.00    101.00    9.3750
   1379.00    395.00    8.7500
   1381.00   1158.00    7.7500
   1388.00   1698.00    7.5000
   1394.00   2356.00   10.0000
   1405.00   1305.00    7.1250
   1408.00    721.00    7.8750
   1416.00    970.00    9.6250
   1419.00   2495.00    6.8750
   1420.00   1567.00    8.2500
   1422.00     23.00    8.0000
   1421.00    742.00    6.7500
   1424.00   1502.00    6.6250
   1428.00    289.00    9.2500
   1429.00   1328.00    8.3750
   1431.00   2132.00    8.6250
   1436.00    484.00    8.3750
   1437.00   2077.00    9.8750
   1440.00   1868.00    8.7500
   1438.00   1145.00    9.3750
   1446.00    647.00    8.0000
   1446.00    909.00    6.5000
   1445.00   2274.00    6.1250
   1462.00    542.00    8.6250
   1462.00   1547.00    6.2500
   1468.00   2325.00    7.6250
   1470.00   2532.00    5.8750
   1473.00     48.00    9.8750
   1476.00    908.00    7.7500
   1474.00   2173.00    7.7500
   1482.00   2487.00    8.1250
   1494.00   2430.00    7.2500
   1496.00   1174.00    8.3750
   1505.00   2531.00    6.2500
   1513.00   1548.00    8.2500
   1514.00   1078.00   10.0000
   1519.00   1196.00    9.0000
   1525.00   1242.00    6.8750
   1528.00   1939.00    9.5000
   1536.00    276.00    9.2500
   1537.00   1572.00    6.8750
   1539.00    631.00    7.6250
   1545.00   2480.00    7.2500
   1545.00    930.00    9.3750
   1557.00   1385.00    9.6250
   1566.00   1472.00    9.3750
   1573.00   2097.00    7.2500
   1575.00   2324.00    7.8750
   1580.00    281.00    7.7500
   1582.00    978.00    8.6250
   1582.00    900.00    6.1250
   1608.00   1798.00    9.2500
   1610.00     32.00    7.3750
   1614.00    489.00    8.7500
   1616.00    610.00    7.3750
   1625.00    238.00    7.8750
   1627.00   1075.00    7.1250
   1632.00    760.00    9.1250
   1633.00   1693.00    8.3750
   1635.00    683.00    6.2500
   1651.00   2539.00    6.3750
   1656.00   1043.00    6.6250
   1655.00    493.00    8.6250
   1659.00    239.00    9.7500
   1673.00   2086.00    9.0000
   1675.00   1816.00    7.7500
   1678.00   1296.00    7.8750
   1680.00   2287.00    7.1250
   1680.00    566.00    7.8750
   1687.00    744.00    8.5000
   1694.00    786.00    8.3750
   1695.00   2229.00    6.6850
   1699.00    363.00   10.0000
   1700.00   2061.00    7.6250
   1707.00   1275.00    8.2500
   1714.00    913.00    6.7500
   1713.00   2110.00    7.5000
   1722.00   1882.00    8.0000
   1723.00   2365.00   10.3750
   1724.00    128.00    8.7500
   1726.00    515.00    8.6250
   1736.00    990.00    9.7500
   1738.00    430.00   11.1250
   1742.00   2124.00    7.6250
   1767.00    465.00    7.1250
   1770.00   2330.00    6.5000
   1772.00   2550.00    6.8750
   1771.00   1625.00    8.0000
   1777.00   1143.00    8.3750
   1785.00   1416.00    8.7500
   1782.00   2585.00   10.0000
   1783.00   2129.00    7.1250
   1786.00   2298.00    7.8750
   1796.00   1194.00    8.8750
   1803.00    423.00    7.3750
   1814.00   1955.00    9.0000
   1823.00    376.00    7.3750
   1822.00   2392.00    7.5000
   1823.00     88.00    9.0000
   1822.00    216.00    8.8750
   1825.00   2441.00    9.6250
   1829.00    167.00    7.5000
   1832.00    966.00    7.0000
   1840.00   1417.00    6.7500
   1846.00   1304.00    6.8750
   1849.00   1382.00    8.6250
   1849.00   2399.00    7.2500
   1860.00   1706.00    8.1250
   1862.00    315.00   11.8750
   1867.00   1004.00   11.0000
   1872.00   1329.00    9.0000
   1868.00   1954.00    6.8750
   1871.00   1506.00    9.8750
   1884.00   1304.00    9.2500
   1890.00    173.00   10.7500
   1897.00   1203.00    8.2500
   1897.00    467.00    8.0000
   1899.00    226.00    7.6250
   1922.00   2252.00    7.6250
   1926.00    612.00   11.5000
   1924.00    396.00    8.7500
   1928.00   1811.00    7.2500
   1933.00    692.00    9.8750
   1936.00   2298.00    6.5000
   1942.00   1477.00    8.5000
   1943.00   1384.00    8.3750
   1943.00    263.00    7.3750
   1943.00     22.00    8.6250
   1943.00   2220.00   10.0000
    140.00     37.00   11.0000
    554.00    567.00   13.5000
    213.00   1365.00    9.5000
   1680.00    964.00   10.0000
    770.00      1.00   13.0000
    173.00      0.00    8.2110
    120.00    192.00    7.9590
    242.00    244.00    8.5000
     83.00    668.00    9.1800
     74.00    641.00    7.9590
    101.00    610.00    9.0000
    179.00    604.00    7.6235
    256.00    649.00    7.1920
    235.00    641.00    6.7670
    180.00    517.00    7.8665
    201.00    516.00    7.8665
    290.00    549.00    8.7950
    372.00    411.00    7.7475
    403.00    449.00    8.0225
    366.00    308.00    6.3420
    371.00    293.00    8.5090
    473.00    313.00    6.7210
    744.00     78.00    6.2930
    759.00     94.00    7.0360
    804.00    288.00    7.7475
    628.00    526.00    8.7950
    953.00    121.00    6.7670
   1037.00     21.00    7.4210
   1226.00     78.00   10.6995
   1027.00    301.00    6.7210
   1029.00    284.00    7.0800
   1218.00    451.00    8.0000
   1214.00    498.00    6.4870
   1232.00    489.00    6.6750
   1324.00    804.00    8.5000
   1490.00    370.00   10.8115
   1566.00    511.00   10.2400
   1533.00    328.00   10.8115
   1647.00    175.00    8.3950
   1766.00     35.00    5.9810
   1735.00     10.00    6.9530
   1715.00     45.00    5.9360
   1724.00     60.00    5.0000
   1919.00    787.00   10.5700
   1888.00    655.00    7.9275
   1884.00    553.00    7.1585
   1900.00    566.00    7.8665
   1923.00    555.00    7.6800
   1652.00    647.00   10.2660
   1780.00    810.00    9.7345
   1733.00    850.00    8.4585
   1520.00    797.00    9.0655
   1882.00   1100.00    9.0655
   1764.00   1560.00    7.6800
   1678.00   1112.00    5.9360
   1679.00   1093.00    6.5555
   1659.00   1351.00    6.5555
   1642.00   1262.00    9.2705
   1891.00   2094.00    9.4545
   1917.00   2561.00    7.2525
   1914.00   2537.00    8.2130
   1912.00   2342.00    7.0360
   1769.00   2214.00    7.2525
   1776.00   2190.00    7.0800
   1714.00   2133.00    6.7670
   1725.00   2008.00    7.9055
   1599.00   2520.00   10.3465
   1587.00   2418.00    6.2930
   1630.00   2172.00    9.5700
   1631.00   2091.00    8.9690
   1713.00   1987.00    9.0000
   1689.00   1996.00    6.3420
   1680.00   1978.00    8.2130
   1681.00   1943.00    7.2525
   1676.00   1741.00    6.6750
   1659.00   1738.00    6.2930
   1634.00   1738.00    6.7210
   1641.00   1588.00    7.7475
   1624.00   1564.00    7.0000
   1587.00   1574.00    9.4725
   1556.00   1430.00    8.0000
   1532.00   1427.00    7.0000
   1518.00    996.00    8.9690
   1486.00    998.00    9.5000
   1563.00   1858.00   11.0000
   1493.00   1754.00    6.9530
   1473.00   1756.00    7.0905
   1378.00   1096.00    9.9850
   1363.00   1000.00   11.7265
   1261.00   1166.00   10.2400
   1289.00   1092.00    9.5450
   1227.00   1021.00    6.3420
   1211.00   1033.00    7.4210
    923.00    878.00    7.8665
    898.00    801.00   10.5700
    855.00   1015.00    9.9850
    761.00    649.00   11.1250
    737.00    828.00    9.6845
    767.00   1227.00    9.0655
    751.00   1302.00    9.8820
    828.00   1072.00    7.8665
    818.00   1046.00   10.0000
    679.00    971.00    7.0000
    673.00    944.00    9.0655
    582.00    981.00    7.5000
    399.00    745.00    7.4885
    384.00    726.00    9.2765
    137.00    926.00   11.2785
    254.00    905.00   11.2115
    234.00   1331.00   10.5000
    352.00   1233.00    7.4885
    346.00   1206.00    8.1085
    795.00   1191.00   11.5000
    581.00   1470.00    8.7950
    421.00   1550.00    9.9850
    412.00   1416.00    9.5000
    232.00   1516.00   10.0000
    321.00   1690.00   10.4885
    301.00   1666.00    8.7950
    224.00   1749.00    8.9040
     81.00   1414.00    9.0655
     22.00   1646.00   11.0000
    377.00   1817.00   10.2400
    363.00   1968.00   12.0875
    305.00   1900.00   11.7265
   1349.00   1524.00   12.0875
   1513.00   1495.00   14.0000
   1199.00   1623.00   10.8115
   1353.00   1792.00   10.2400
   1310.00   1697.00   10.5700
   1245.00   1767.00    8.7950
   1131.00   1856.00   11.2020
   1036.00   1844.00   11.1250
    993.00   1749.00   10.2400
    933.00   1666.00   11.1250
    922.00   1589.00   11.5000
    720.00   2001.00    9.9850
    810.00   2086.00    7.2525
    833.00   2089.00    6.3420
    883.00   2001.00   13.1110
    993.00   2224.00   12.5000
    800.00   2124.00   13.3705
   1492.00   1877.00   13.3705
     61.00   1911.00    7.0360
     50.00   1889.00    8.6530
     56.00   1867.00    9.0000
     84.00   1858.00    8.0000
     26.00   2192.00    6.7210
      1.00   2359.00    7.7475
     11.00   2330.00    8.0225
     29.00   2350.00    8.5090
     45.00   2314.00    8.5000
     76.00   2328.00    9.9505
    139.00   2245.00    8.7950
    228.00   2280.00    8.5000
    236.00   2308.00    9.4545
    265.00   2417.00    8.1085
    317.00   2334.00    8.0000
    297.00   2334.00    7.9275
    352.00   2448.00   10.2660
    319.00   2557.00   12.1630
    126.00   2591.00    7.9275
    102.00   2539.00   10.9935
    472.00   2474.00    8.7950
    507.00   2464.00    9.3285
    557.00   2541.00    9.8330
    598.00   2549.00    7.9275
    710.00   2541.00    8.9040
    767.00   2525.00   10.1240
   1381.00   2246.00    9.2765
   1190.00   2273.00    9.3285
    954.00   2545.00   10.6360
    987.00   2439.00    8.3435
   1013.00   2393.00   10.6360
   1113.00   2551.00    9.0655
   1119.00   2523.00    7.9275
   1133.00   2395.00    9.0000
   1135.00   2368.00    9.0000
   1200.00   2417.00    7.9275
   1223.00   2413.00    9.0655
