#        y         x         r
      3.00     82.00    9.2500
      4.00   1656.00    6.8750
      1.00   1943.00    9.6250
      1.00   2356.00    6.6250
      6.00   1754.00    6.0000
      6.00    904.00    7.3750
      7.00   2498.00    6.3750
     11.00   2468.00    8.0000
     11.00    551.00    5.8750
     13.00    594.00    8.3750
     27.00   1976.00    7.8750
     32.00   1040.00    7.6250
     33.00    613.00    6.8750
     35.00    649.00    6.5000
     37.00    826.00    9.2500
     39.00    410.00    7.2500
     41.00    988.00    6.0000
     42.00   2027.00    8.0000
     56.00   1752.00    7.5000
     59.00    739.00    8.0000
     58.00    770.00    6.6250
     65.00   1374.00    8.8750
     65.00    124.00    8.7500
     66.00   2457.00    6.8750
     73.00   1934.00    8.7500
     75.00   1830.00    9.5000
     79.00     71.00    7.8750
     83.00   1024.00    6.3750
     88.00    476.00   10.5000
     93.00   2289.00    6.0000
     96.00   1179.00    6.5000
     97.00    999.00    7.5000
     99.00   2254.00    6.6250
    104.00   1574.00    7.5000
    104.00   1514.00    8.6250
    109.00    686.00    7.1250
    110.00   1100.00    9.3750
    118.00    579.00   11.7500
    126.00   2210.00    7.3750
    133.00     81.00    8.8750
    142.00   1747.00    7.0000
    146.00    810.00    6.7500
    145.00   1431.00    8.8750
    147.00   2556.00    8.0000
    161.00   2139.00   10.6250
    177.00   1049.00    8.3750
    180.00    216.00   10.5000
    198.00   1858.00    9.1250
    200.00    941.00    9.0000
    203.00   2404.00    8.2500
    202.00   1119.00    8.3750
    216.00   1300.00    7.5000
    215.00   2364.00    7.5000
    220.00   2085.00    8.0000
    237.00    374.00    7.5000
    251.00    125.00    8.1250
    252.00   1876.00    6.7500
    256.00    342.00    8.0000
    258.00   1844.00   10.1250
    261.00   1748.00    7.7500
    267.00   1104.00    9.3750
    273.00    311.00    7.5000
    270.00    555.00    9.5000
    282.00   1357.00    7.6250
    288.00   1551.00    9.1250
    290.00   2033.00    9.5000
    290.00    504.00    8.5000
    291.00   1741.00    7.2500
    293.00   1836.00    6.5000
    299.00   2315.00    7.6250
    315.00    291.00   10.8750
    311.00   2139.00    8.5000
    312.00    818.00   10.5000
    318.00    226.00    7.3750
    329.00   1524.00    8.7500
    332.00   1825.00    7.2500
    340.00   1904.00    7.0000
    344.00    354.00    8.5000
    342.00    763.00    9.1250
    344.00   1402.00    7.6250
    364.00   2222.00    7.0000
    369.00    893.00    6.7500
    371.00   1043.00    7.0000
    380.00    110.00    7.0000
    381.00   2349.00    8.2500
    385.00     25.00    7.8750
    385.00    783.00    7.2500
    393.00   2254.00    9.1250
    396.00   1979.00    6.2500
    397.00     79.00    7.7500
    403.00   1221.00    7.5000
    405.00   1423.00    6.0000
    406.00    316.00    8.3750
    408.00    573.00    9.2500
    408.00   2038.00    7.1250
    416.00    739.00    6.2500
    413.00   1399.00    7.1250
    425.00   1125.00    9.1250
    426.00   1932.00    8.3750
    437.00    170.00   10.7500
    437.00   1221.00    6.1250
    447.00    993.00    8.3750
    453.00    549.00    7.5000
    457.00   1951.00    5.7500
    465.00   1561.00    7.6250
    468.00    690.00    8.0000
    470.00    253.00   10.5000
    470.00    104.00    9.0000
    470.00    894.00    6.3750
    488.00    966.00    8.3750
    500.00    854.00    7.6250
    504.00   1642.00    8.0000
    507.00    910.00    6.0000
    522.00    888.00    6.5000
    525.00   2107.00    6.0000
    532.00   1781.00    8.2500
    542.00   2179.00    9.0000
    545.00   2315.00    8.1250
    544.00   2521.00    6.1250
    548.00   2096.00    6.1250
    554.00   2268.00    6.3750
    553.00   2450.00    6.6250
    558.00     65.00    7.3750
    561.00    379.00    6.1250
    562.00    331.00    8.2500
    587.00   1519.00    7.6250
    590.00   1065.00    6.2500
    594.00    778.00    7.0000
    595.00    660.00    8.6250
    597.00   1322.00    8.2500
    602.00    938.00    7.2500
    598.00   1679.00    9.3750
    609.00    264.00    8.3750
    616.00   1407.00    8.8750
    628.00    611.00    9.0000
    628.00   2075.00    6.6250
    631.00    382.00    8.2500
    632.00   1773.00    9.0000
    639.00   1944.00    7.3750
    643.00    881.00    7.3750
    648.00    305.00    8.0000
    670.00   1078.00    7.8750
    671.00   1633.00    6.3750
    672.00    479.00    7.8750
    671.00   1011.00    7.2500
    686.00   2529.00    7.5000
    685.00   1700.00    9.2500
    694.00   1737.00    6.7500
    695.00   1465.00    7.7500
    696.00   1609.00    6.6250
    699.00   1027.00    8.1250
    705.00    799.00    8.2500
    708.00   1541.00    7.6250
    714.00   1625.00    7.3750
    721.00   2459.00    8.2500
    733.00    703.00   10.7500
    741.00     22.00    6.3750
    744.00   2378.00    7.8750
    747.00   1904.00    6.9685
    755.00     83.00    8.7500
    756.00   1525.00    8.5000
    759.00    373.00   10.0000
    764.00   2244.00    7.3750
    764.00   2409.00    9.2500
    768.00    401.00    7.2500
    767.00    729.00    7.8750
    769.00   2030.00    7.0000
    780.00   2577.00    7.5000
    782.00    139.00    8.2500
    787.00    434.00   11.2500
    789.00   1089.00    8.6250
    813.00   1227.00    8.7500
    815.00   1182.00    8.1250
    822.00    762.00    7.5000
    825.00   1434.00    8.1250
    829.00   1501.00    8.1250
    832.00    155.00    8.2500
    831.00   1972.00    6.0000
    834.00    411.00    8.1250
    838.00   1947.00    8.0000
    849.00    509.00    7.8750
    849.00   1237.00   10.0000
    852.00   1662.00    7.1250
    847.00   2367.00    7.0605
    854.00   1093.00    7.2500
    862.00    658.00   11.7500
    870.00    767.00    9.2500
    878.00   2510.00    7.7500
    888.00   1459.00    7.0000
    893.00   1066.00    8.5000
    893.00    203.00    7.1250
    895.00    428.00    9.3750
    894.00   1421.00    8.7500
    896.00    887.00    7.7500
    897.00   1900.00    6.2500
    902.00   2095.00    7.0000
    900.00    625.00    6.8750
    910.00    495.00    9.0000
    910.00   2457.00    9.6250
    918.00    783.00    7.2500
    927.00   1660.00    7.2500
    929.00   2247.00   10.1250
    930.00   1929.00    9.7500
    934.00   2177.00    7.1250
    936.00   1582.00    8.0000
    951.00   1079.00    8.8750
    958.00   1746.00    7.7500
    957.00   1908.00    7.8750
    987.00   1809.00    6.5000
    995.00    940.00   10.2500
   1002.00   2421.00    8.2500
   1007.00    571.00    8.6250
   1011.00   2285.00    8.2500
   1028.00   1516.00    7.2500
   1028.00   1016.00    7.3750
   1029.00   1675.00    7.2500
   1040.00   2505.00    7.3750
   1044.00   1597.00    8.2500
   1047.00   2067.00    8.1250
   1047.00   2459.00    9.2500
   1048.00   1747.00    8.1250
   1050.00   2223.00    7.0000
   1051.00    855.00   10.8750
   1064.00   1432.00    6.8750
   1065.00   2250.00    7.8750
   1068.00   2157.00   10.7500
   1076.00    702.00    7.1250
   1092.00   2285.00   10.6250
   1093.00    316.00    9.5000
   1101.00   2355.00    8.7500
   1108.00   2452.00   10.1250
   1114.00   2556.00    7.6250
   1110.00   1256.00    7.7500
   1110.00   1591.00    7.5000
   1117.00   1390.00    7.1250
   1110.00   2244.00    6.3420
   1117.00   1741.00    9.1250
   1124.00    952.00    6.5000
   1133.00   1944.00    6.7500
   1134.00   2525.00    7.2500
   1137.00    929.00    8.5000
   1148.00   1654.00    7.2500
   1150.00    241.00    8.7500
   1154.00   1432.00    9.7500
   1160.00    343.00    6.8750
   1163.00   1203.00    7.1250
   1167.00    902.00    8.7500
   1191.00   2049.00    7.3750
   1191.00   1799.00    7.7500
   1203.00   1278.00    5.8750
   1203.00   1391.00   10.7500
   1206.00    643.00    7.0000
   1207.00   1491.00    7.8750
   1212.00   1101.00    8.6250
   1212.00    178.00    8.5000
   1224.00   1968.00    9.0000
   1222.00     98.00    9.1250
   1222.00   2382.00    7.1250
   1223.00   2286.00    7.6250
   1243.00     50.00    9.3750
   1245.00    443.00    8.5000
   1251.00    238.00   11.1250
   1258.00    279.00    6.6250
   1262.00   1619.00    9.7500
   1269.00   1351.00    8.5000
   1277.00   2092.00    8.5000
   1278.00   1847.00    7.8750
   1281.00    250.00    8.1250
   1282.00   2400.00    6.8750
   1292.00     31.00    7.6250
   1294.00    399.00    8.0000
   1305.00    431.00    9.7500
   1307.00    169.00    7.2500
   1308.00    267.00    8.3750
   1312.00    348.00   10.3750
   1316.00    474.00    7.1250
   1318.00   1002.00    8.3750
   1319.00   1068.00    8.1250
   1351.00   1590.00    7.1250
   1358.00   1950.00    7.3750
   1365.00    134.00    9.0000
   1370.00   1033.00    6.6250
   1371.00   1618.00    8.2500
   1373.00    189.00    6.7500
   1399.00   1033.00    8.1250
   1400.00     54.00    8.3750
   1399.00   1278.00    7.0000
   1404.00     76.00    6.0000
   1417.00   1636.00    6.7500
   1424.00    361.00    9.0000
   1427.00   1155.00    8.7500
   1434.00   1965.00    7.3750
   1440.00   1522.00    6.2500
   1446.00    307.00   10.1250
   1450.00   1053.00    6.7500
   1450.00   1897.00    6.7500
   1473.00   1549.00    6.3750
   1476.00   2470.00    6.8750
   1483.00    467.00    7.5000
   1486.00    796.00    7.8750
   1497.00    523.00    7.6250
   1514.00   2512.00    9.0000
   1512.00    174.00    7.2500
   1514.00    871.00    9.2500
   1514.00   1212.00    8.6250
   1515.00    657.00   10.7500
   1518.00   2006.00    5.7500
   1525.00    512.00    8.6250
   1522.00    961.00    7.7500
   1534.00    917.00    8.5000
   1541.00   2346.00    8.7500
   1543.00   1348.00    8.5000
   1543.00   1940.00    7.3750
   1557.00   2538.00    8.5000
   1560.00   1648.00    7.2500
   1560.00   1023.00    6.7500
   1566.00   1302.00    8.0000
   1574.00    857.00    6.8750
   1581.00    659.00    6.6250
   1582.00    399.00    7.5000
   1590.00   1115.00    7.5000
   1592.00   2541.00    6.1250
   1599.00   1832.00    9.0000
   1602.00    218.00    6.7500
   1606.00   2334.00    6.3750
   1611.00   1251.00    6.5000
   1612.00   1591.00    8.0000
   1616.00    490.00    8.6250
   1616.00   1708.00    3.0000
   1624.00   1700.00    7.8750
   1630.00    403.00    6.1250
   1632.00     26.00    7.3750
   1634.00    109.00    7.3750
   1634.00    375.00    5.8750
   1640.00    661.00    7.3750
   1641.00   1021.00    7.0000
   1642.00   1940.00    6.2500
   1642.00     44.00    5.6250
   1648.00   1214.00    6.6250
   1649.00   1732.00    7.6250
   1649.00   2474.00    6.7500
   1649.00    245.00    8.0000
   1659.00   1552.00    7.6250
   1658.00   1980.00   10.7500
   1666.00    876.00    8.3750
   1668.00    913.00    6.5000
   1669.00    756.00    8.6250
   1669.00   1582.00    6.7500
   1681.00   1365.00    8.8750
   1682.00   2139.00    8.3750
   1689.00     22.00    7.7500
   1694.00    271.00    8.6250
   1697.00   1459.00    6.8750
   1701.00    855.00    8.8750
   1707.00    908.00    6.6250
   1708.00    534.00    6.3750
   1713.00   1296.00    6.2500
   1717.00   2318.00    7.7500
   1725.00    113.00    7.2500
   1730.00    275.00    8.2500
   1732.00    587.00    6.7500
   1734.00   1300.00    6.3750
   1747.00   1333.00    9.8750
   1755.00   1903.00    6.7500
   1759.00    441.00    6.6250
   1764.00   2463.00    7.1250
   1769.00    734.00    8.1250
   1772.00    500.00    8.6250
   1777.00   1483.00    6.8750
   1782.00    322.00    8.0000
   1780.00   1779.00    8.0000
   1784.00   1688.00    7.6250
   1784.00   2286.00    7.2500
   1801.00   1194.00    8.0000
   1806.00   2140.00    7.1250
   1811.00    222.00    6.7500
   1812.00   2431.00    8.5000
   1819.00   1816.00    7.6250
   1818.00   2368.00    8.6250
   1825.00    125.00    8.7500
   1830.00    409.00    8.5000
   1831.00   1988.00    6.2500
   1835.00   2536.00    7.0000
   1843.00   1058.00    9.2500
   1844.00   1116.00    7.5000
   1842.00   1324.00    8.1250
   1851.00    446.00    8.5000
   1854.00   1349.00    9.2500
   1857.00   2158.00    8.7500
   1860.00     41.00    7.3750
   1880.00   2212.00   11.8750
   1880.00   2500.00    8.2500
   1884.00   2104.00    6.2500
   1885.00   1079.00    7.3750
   1887.00    496.00    7.3750
   1889.00   1714.00    8.0000
   1899.00   1577.00    8.5000
   1899.00    237.00   10.3750
   1925.00    822.00    7.8750
   1928.00    653.00    9.2500
   1929.00   2528.00   12.0000
   1937.00   2120.00    6.8750
   1934.00   1936.00    7.1250
   1936.00   1340.00    7.1250
   1939.00   2015.00   10.3750
   1943.00    879.00    9.1250
   1943.00   1038.00   11.2500
   1943.00   1292.00    6.3750
   1174.00    276.00    8.8660
   1317.00    869.00   11.0000
   1890.00   2420.00    7.7400
     12.00    352.00    8.8940
    109.00    179.00   12.5000
    219.00      2.00   10.2440
    287.00    148.00    6.5000
    306.00    142.00    7.5470
    164.00    745.00   11.9865
    202.00    623.00   11.5000
    164.00    532.00    8.0360
    174.00    507.00   10.8560
    236.00    454.00   10.2440
    377.00    473.00   11.9865
    462.00    590.00   11.7140
    503.00    512.00    9.6765
    487.00    423.00   10.4775
    393.00    217.00    7.4085
    375.00    191.00   11.5000
    509.00    192.00    8.7950
    502.00    160.00   10.5000
    591.00    184.00   10.5700
    623.00    190.00   10.5000
    460.00    735.00    9.4545
    134.00   1016.00   11.8725
    626.00    753.00   14.1815
    648.00    661.00   11.0000
    690.00    157.00    6.9530
    714.00    157.00    7.0905
    745.00    256.00    8.0000
    812.00    222.00    7.6800
    793.00    206.00    6.9530
    789.00    181.00    8.5000
    980.00    480.00    9.0655
    370.00    944.00   11.8725
    221.00   1434.00   13.0000
    161.00   1629.00    9.4545
     15.00   1719.00    9.8330
     91.00   2098.00    9.8330
    147.00   2504.00   13.1760
    206.00   2471.00   12.0875
    225.00   1994.00   10.8115
    232.00   1672.00   12.4380
    317.00   1658.00    9.0000
    368.00   1707.00   10.1240
    309.00   1898.00    9.8820
    291.00   1955.00    9.8820
    317.00   1966.00    9.5000
    356.00   2002.00    9.7345
    372.00   2043.00    9.7345
    385.00   1914.00   10.5000
    468.00   1906.00    9.0655
    291.00   2352.00   10.9935
    329.00   2562.00   10.6360
    464.00   2549.00    9.0655
    445.00   2376.00   10.4525
    456.00   1298.00   11.2115
    543.00   1060.00    8.4585
    592.00   1280.00   10.0000
    704.00    924.00    9.0655
    696.00    855.00    9.0655
    775.00    898.00    7.0905
    793.00    881.00    7.9275
    838.00    964.00    7.0000
    920.00    667.00    9.0655
    993.00    659.00    9.2765
    457.00   2161.00   11.2020
    628.00   2419.00    7.9750
    608.00   2381.00    9.1775
    578.00   2378.00   10.5700
    689.00   2488.00   10.0000
    754.00   2535.00   10.5700
    839.00   2502.00    9.4545
    971.00   2571.00   10.2400
    936.00   2482.00   11.7265
    857.00   2397.00    8.5470
    710.00   2387.00   10.8115
    666.00   2279.00   11.5000
    663.00   2115.00   10.5700
    672.00   2087.00    9.9850
    680.00   2020.00    7.6800
    706.00   2016.00    7.9275
    700.00   1996.00    9.5000
    747.00   2104.00    8.4585
    806.00   2305.00    9.8820
    887.00   2323.00    7.0905
    877.00   2301.00    6.9530
    872.00   2369.00    8.0000
    759.00   1921.00    7.0000
    786.00   2194.00    6.5000
    807.00   2192.00    6.9685
    817.00   2172.00    5.1200
    825.00   2160.00    8.0000
    894.00   2211.00    6.5880
    892.00   2186.00    5.9000
    825.00   2078.00    7.0000
    856.00   2071.00    8.8195
    800.00   1878.00    5.4305
    795.00   1863.00    6.5000
    782.00   2081.00    8.8195
    787.00   1810.00   11.7995
    898.00   1343.00    8.3950
    948.00   1363.00    7.0905
    964.00   1347.00    8.5000
   1060.00    767.00   12.5925
   1143.00    417.00    9.0655
    889.00   1173.00   12.0875
    128.00   2122.00   11.2785
   1201.00    669.00   10.2400
   1153.00    976.00   11.0000
   1180.00   1005.00   11.7265
   1108.00   1135.00   11.5000
   1050.00   1394.00   10.8115
   1044.00   1337.00   12.0875
   1242.00   1194.00   10.5700
   1115.00   1094.00    8.2920
   1095.00   1082.00   10.2400
   1316.00    967.00   10.5700
   1325.00   1452.00    9.4545
   1297.00   1471.00   11.1250
   1355.00   1558.00    7.6800
   1337.00   1542.00    7.5000
   1325.00   1799.00    7.9275
   1329.00   1774.00    7.8665
   1058.00    572.00   13.5000
   1192.00    755.00   13.9755
   1436.00    148.00    9.7345
   1540.00     26.00    8.7950
   1565.00      0.00    8.4585
   1892.00    354.00    7.4885
   1916.00    344.00    7.9275
   1892.00    201.00    9.0655
   1817.00    305.00    8.7950
   1589.00    104.00   10.2660
   1703.00    503.00    8.4585
   1733.00    482.00    8.1085
   1727.00    401.00    8.9040
   1784.00    964.00   10.2660
   1485.00    431.00    7.4885
   1424.00    613.00    9.2765
   1499.00    604.00   10.0280
   1388.00    504.00    7.5000
   1413.00    502.00    6.1845
   1395.00    809.00    6.0440
   1413.00    809.00    6.2190
   1609.00    606.00    7.2405
   1624.00    618.00    6.5000
   1791.00    895.00    6.0000
   1810.00    890.00    6.5555
   1841.00   1233.00    8.3950
   1892.00   1335.00    9.3860
   1807.00   1129.00    5.1200
   1811.00   1113.00    7.0000
   1789.00   1304.00   10.0000
   1751.00   1277.00    9.0000
   1652.00   1335.00    6.6850
   1646.00   1307.00    6.0000
   1663.00   1299.00    6.9685
   1561.00   1451.00    8.8195
   1633.00   1489.00    9.3170
   1745.00   1600.00    7.6730
   1405.00   1542.00    8.9690
   1516.00   1648.00    9.5050
   1486.00   1773.00    9.1740
   1533.00   1873.00    8.2130
   1628.00   1765.00    9.0000
   1661.00   1682.00    7.0360
   1673.00   1663.00    9.0000
   1860.00   1763.00    6.7670
   1859.00   1740.00    7.5000
   1870.00   1822.00    7.5000
   1875.00   1794.00    7.7475
   1898.00   1790.00    9.0000
   1849.00   1917.00    8.5090
   1838.00   1894.00    7.4210
   1808.00   1877.00    8.0000
   1796.00   1897.00    7.2525
   1788.00   1845.00    8.0225
   1876.00   2566.00    9.8330
   1729.00   2441.00   10.9935
   1548.00   2486.00   10.0000
   1345.00   2058.00   10.5700
   1214.00   1834.00   10.5700
   1198.00   2006.00    9.4545
   1243.00   2342.00   11.7265
   1332.00   2420.00    9.9850
    414.00   2306.00   12.9790
   1136.00   2022.00    9.4545
   1469.00    959.00   12.9790
   1139.00   1825.00    6.8830
   1141.00   1801.00    7.5000
   1131.00   2130.00    9.2765
   1127.00   2159.00    8.1085
   1117.00   2265.00    6.6750
   1133.00   2250.00    6.7670
   1175.00   2219.00    6.1440
   1180.00   2199.00    8.0000
   1204.00   2193.00    8.5000
   1152.00   2521.00    6.7670
   1174.00   2513.00    8.0000
   1073.00   2335.00    6.1440
   1055.00   2317.00    7.4630
    942.00   2120.00    6.4870
    961.00   2115.00    6.7210
    949.00   2069.00    6.1440
    967.00   2061.00    6.3420
    952.00   2015.00    6.3420
    973.00   1985.00    6.7670
    968.00   1961.00    8.0000
   1066.00    102.00   11.9625
   1062.00     35.00   13.9060
    767.00    995.00   15.8555
   1294.00    696.00   15.8555
