#        y         x         r
      3.00     76.00    7.7500
      2.00    258.00    8.1250
      1.00    482.00    6.8750
      1.00   1070.00    6.0000
      7.00    356.00    8.1250
     19.00   1231.00    8.1250
     19.00   1055.00    8.0000
     22.00    286.00    6.6250
     23.00    798.00    9.3750
     23.00   1145.00    6.6250
     33.00   1200.00    7.0000
     35.00    378.00    9.0000
     43.00    295.00    6.8750
     50.00   1583.00    7.7500
     50.00   1395.00    7.6250
     53.00    121.00    9.6250
     55.00    510.00    7.3750
     61.00   2105.00    9.8750
     70.00    930.00    9.7500
     77.00    664.00    7.3750
     85.00    797.00    7.2500
     86.00   1681.00    8.7500
     87.00   1531.00    7.1250
     93.00     12.00    5.7500
     95.00   1195.00    9.7500
    102.00    678.00    8.3750
    106.00   1434.00    9.1250
    111.00   1507.00   10.1250
    113.00    436.00    6.7490
    113.00    184.00    9.8750
    113.00   1663.00    8.6250
    121.00   2562.00   10.3750
    124.00   1796.00    7.7500
    127.00    301.00    7.7500
    143.00    253.00    7.5000
    146.00    622.00    7.5000
    143.00   1064.00    8.2500
    148.00   1744.00   10.5000
    156.00   2255.00   11.0000
    165.00   1200.00    6.5000
    175.00    395.00    7.8750
    187.00    807.00    8.8750
    189.00   1478.00   11.2500
    193.00   2366.00    9.5000
    201.00   1696.00    6.1250
    218.00   1108.00   10.1250
    226.00   1327.00    8.0000
    230.00   2013.00    6.0000
    230.00    129.00    9.2500
    234.00   2471.00    7.6250
    236.00    884.00    7.3750
    252.00    525.00    6.3750
    259.00    111.00    6.7500
    262.00   1560.00    8.0000
    267.00   1599.00    7.2500
    283.00   1393.00    6.7500
    285.00     95.00    8.0000
    287.00    638.00    6.5000
    289.00    790.00    6.5000
    290.00    320.00    6.7500
    300.00    700.00    6.5000
    302.00   2010.00   10.5000
    301.00    372.00    7.1250
    303.00   1314.00    6.8750
    308.00   2075.00    7.5000
    309.00     42.00    7.1250
    313.00   2345.00    8.6250
    316.00   2112.00    9.1250
    340.00   1491.00    8.7500
    345.00    915.00    9.5000
    348.00    549.00    7.7500
    346.00   1203.00    6.6250
    346.00   1165.00    6.5000
    348.00    167.00    7.6250
    354.00   1294.00    6.6250
    360.00   2483.00    6.6250
    373.00   1867.00    8.2500
    373.00   2584.00    7.1250
    378.00   2089.00    7.0000
    378.00   1435.00    8.5000
    382.00   2446.00    7.0000
    384.00    226.00    9.1250
    384.00   2260.00    8.7500
    391.00    890.00    7.0000
    397.00    603.00    8.0000
    395.00    134.00    7.1250
    396.00     34.00    7.5000
    398.00    287.00    7.1250
    405.00    476.00    6.9530
    408.00   1265.00    8.1250
    410.00    989.00    8.6250
    422.00   2493.00    7.5000
    439.00    400.00    8.8750
    444.00   2240.00    9.3750
    449.00   1656.00   10.5700
    454.00    205.00    6.5000
    455.00    510.00    9.0000
    460.00   1572.00    7.3750
    462.00    881.00    6.2500
    463.00   1850.00    7.5000
    471.00   1787.00   11.2020
    478.00   1714.00    8.0000
    479.00   1005.00    8.2500
    485.00   2385.00    6.3750
    489.00    401.00    7.0000
    487.00   1379.00    6.5000
    492.00   2542.00    8.0000
    496.00     88.00    6.7500
    499.00   1348.00    7.6250
    504.00    375.00    7.2500
    522.00   2492.00    6.1250
    544.00    508.00    7.7500
    546.00   1465.00    7.7500
    543.00   1783.00    7.3750
    547.00   2292.00    7.0000
    548.00     85.00    7.7500
    555.00   1295.00    7.8750
    553.00   1870.00    7.2500
    558.00    251.00    6.5000
    565.00   1634.00    6.2500
    566.00   1981.00    8.0000
    569.00   1063.00    6.8750
    580.00   2484.00    7.2500
    581.00    326.00    7.1250
    604.00    605.00    7.6250
    613.00    177.00    6.6250
    614.00   1258.00    7.7500
    614.00   1810.00    8.6250
    615.00   1538.00   10.1250
    619.00   1404.00    6.6250
    627.00    881.00   10.0000
    638.00   1209.00    7.1250
    639.00    501.00    8.3750
    651.00   1311.00    6.5000
    662.00   2113.00    9.6250
    671.00   1654.00    9.2765
    674.00    387.00    8.0000
    673.00    693.00    8.3750
    674.00    798.00    8.1250
    687.00   1711.00    7.1250
    691.00   1843.00    6.1250
    690.00    249.00    9.8750
    692.00    406.00    7.8750
    693.00    327.00    6.5000
    706.00   1284.00    8.0000
    713.00    268.00    6.3750
    721.00    507.00    7.0000
    724.00   1577.00    6.6250
    744.00    990.00    8.0000
    758.00    576.00    7.7500
    754.00   1043.00    9.9505
    760.00    880.00    6.2500
    766.00   1328.00    7.0000
    767.00    697.00    8.3750
    777.00   2567.00    6.5000
    779.00   1780.00    7.0000
    781.00    475.00    7.3750
    785.00   1155.00   11.2500
    798.00    966.00    8.3750
    799.00   1858.00    7.5000
    807.00    526.00    6.0000
    813.00   2561.00    6.5000
    813.00    711.00    7.8750
    822.00   1483.00    8.2500
    830.00    375.00    8.2500
    827.00    518.00    7.0000
    832.00    202.00    7.3750
    836.00   2061.00    7.2500
    840.00   1028.00   10.5000
    849.00    690.00    7.0000
    849.00    764.00    7.8750
    859.00    386.00    6.6250
    859.00   1492.00    8.1250
    859.00   1696.00    6.0000
    862.00   2307.00    6.0000
    862.00   1316.00    8.8750
    864.00     36.00    6.6250
    874.00   1084.00    6.3750
    873.00   1756.00    7.1250
    873.00   1940.00    7.2500
    879.00   1783.00    6.1250
    879.00   1344.00    8.3750
    889.00   1259.00    7.8750
    909.00   1198.00   10.0000
    911.00    586.00   10.7500
    914.00    783.00    6.1250
    916.00    272.00    9.1250
    923.00     85.00    7.5000
    935.00   2433.00    7.1250
    939.00    203.00    7.3750
    943.00   1401.00    6.0000
    946.00    961.00    7.3750
    949.00    905.00    7.8750
    952.00   1210.00    7.8750
    966.00   1107.00    8.3750
    967.00   2551.00    9.8750
    968.00   1477.00    8.7500
    970.00    856.00    6.6250
    976.00    409.00    7.6250
    984.00   2025.00    6.2500
    985.00   1609.00    7.8750
    992.00   1520.00    6.7500
    993.00   1721.00    8.8750
    993.00   2176.00    8.5000
    994.00   1360.00    8.1250
   1007.00    201.00    7.3750
   1011.00   2011.00    6.8750
   1011.00   1973.00    6.7500
   1011.00     36.00    9.3750
   1012.00   2317.00    7.0000
   1019.00   1323.00    7.7500
   1021.00    478.00    9.8750
   1034.00   1090.00    7.1250
   1037.00   1937.00    8.5000
   1040.00    412.00    7.8750
   1047.00   2019.00    7.0000
   1060.00    153.00    7.1250
   1065.00    570.00    7.5000
   1077.00    810.00    9.7500
   1071.00   1841.00   11.6250
   1073.00    450.00    6.8750
   1082.00   1699.00   10.3750
   1081.00   2006.00    6.5000
   1083.00    852.00    7.3750
   1083.00   1505.00    6.0000
   1089.00   2159.00    7.0000
   1091.00   2033.00    8.2500
   1104.00    489.00    6.7500
   1102.00   2105.00    9.2500
   1105.00   1248.00    6.7500
   1107.00    902.00    7.3750
   1110.00   2282.00    7.2500
   1113.00   2436.00    7.3750
   1117.00    611.00    8.3750
   1123.00    354.00    6.0000
   1150.00   1891.00    6.2500
   1155.00   2478.00    5.8750
   1157.00    940.00    6.7500
   1161.00   2415.00    6.2500
   1162.00    807.00    6.7500
   1164.00    526.00    6.3750
   1169.00   1715.00    7.0000
   1167.00   2566.00    6.3750
   1170.00   2006.00    7.3750
   1174.00     75.00    8.3750
   1177.00   1443.00    8.2500
   1176.00   1923.00    6.5000
   1181.00    948.00    6.2500
   1183.00   1580.00    7.1250
   1187.00   1272.00    6.6250
   1195.00    735.00    7.5000
   1196.00   1134.00    6.7500
   1196.00   1698.00    6.1250
   1199.00   2289.00    8.1250
   1203.00   1635.00    7.2500
   1213.00   1523.00    6.8750
   1215.00    933.00    8.1250
   1225.00   1781.00    8.2500
   1228.00   1066.00    7.3750
   1231.00   1814.00    6.0000
   1231.00   1962.00    7.0000
   1238.00    361.00    7.8750
   1242.00    513.00    6.5000
   1243.00     46.00    7.5000
   1243.00    448.00    8.1250
   1254.00   1825.00    7.3750
   1257.00   2462.00    6.1250
   1261.00     66.00    8.6250
   1281.00    708.00    7.5000
   1280.00    850.00    7.2500
   1284.00    406.00    8.1250
   1289.00   1626.00    7.8750
   1297.00   1529.00    6.2500
   1303.00   1823.00    6.2500
   1305.00   1720.00    6.8750
   1307.00   1114.00    8.1250
   1307.00    934.00    7.3750
   1317.00   1424.00    6.0000
   1321.00   1347.00    7.1250
   1321.00   1812.00    7.0000
   1323.00   1912.00    9.6250
   1328.00   1274.00    9.5000
   1330.00     83.00    7.7500
   1338.00    503.00    7.3750
   1342.00   1385.00    6.0000
   1343.00    450.00    7.6250
   1352.00    835.00    7.6250
   1350.00   1418.00    7.6250
   1353.00     91.00    5.8750
   1356.00   1945.00    6.1250
   1359.00   1577.00    7.2500
   1362.00   2257.00    7.0000
   1365.00   1759.00    6.2500
   1366.00    325.00    8.2500
   1366.00   1854.00    9.3750
   1371.00     52.00   10.3750
   1373.00    470.00    6.5000
   1372.00    839.00    6.5000
   1382.00    288.00    8.0000
   1386.00   1418.00    9.6250
   1387.00   1795.00    7.5000
   1397.00    810.00    8.8750
   1395.00   1189.00    2.7500
   1395.00   1269.00    8.0000
   1405.00   2572.00    6.2500
   1405.00    600.00    8.7500
   1413.00   1192.00    9.3750
   1414.00   1338.00    6.6250
   1423.00   1900.00    7.7500
   1436.00    684.00    7.6250
   1441.00   1747.00    7.3750
   1444.00   2320.00    7.0000
   1445.00   2543.00    8.1250
   1461.00   2292.00    7.3750
   1463.00    157.00    8.3750
   1463.00   2449.00    6.3750
   1464.00   1894.00    6.3750
   1470.00    366.00    8.5000
   1470.00   1068.00    5.7500
   1470.00    874.00    9.8750
   1481.00     92.00    9.3750
   1483.00     37.00    6.2500
   1486.00   1576.00    6.7500
   1489.00   1311.00    6.2500
   1496.00   1693.00    8.7500
   1501.00    735.00    7.6250
   1505.00    376.00    7.1250
   1508.00   1500.00    7.6250
   1517.00    273.00    6.8750
   1517.00   1409.00    8.5000
   1528.00   2309.00    6.6250
   1526.00    225.00    6.0000
   1534.00    851.00    9.7500
   1534.00   1263.00    5.8750
   1549.00    459.00   10.7500
   1559.00    580.00    7.8750
   1574.00    655.00    7.8750
   1576.00    958.00    8.5000
   1584.00   2491.00   11.8750
   1590.00   1272.00    7.2500
   1588.00   2256.00    7.7500
   1591.00     54.00    8.0000
   1593.00    130.00    5.8750
   1603.00   1012.00    6.8750
   1612.00   1906.00    9.6250
   1615.00    293.00    7.2500
   1614.00    751.00    6.7500
   1618.00    418.00    8.3750
   1624.00   1074.00    7.5000
   1621.00    317.00    7.3750
   1622.00    105.00    9.3750
   1628.00   2528.00    7.1250
   1637.00    265.00    7.3750
   1637.00   1595.00    7.3750
   1645.00    386.00    7.1250
   1649.00    201.00    6.7500
   1650.00   2369.00   11.7500
   1653.00    339.00    6.5000
   1660.00   1469.00    8.7500
   1672.00   1091.00    8.1250
   1680.00    180.00    7.2500
   1680.00   1402.00   10.1250
   1689.00    428.00    5.7500
   1705.00     39.00    6.5000
   1705.00   1660.00    6.7500
   1713.00   2140.00    7.0000
   1714.00    866.00    6.6250
   1723.00    372.00    8.2500
   1726.00    774.00    3.1250
   1726.00   2486.00    7.7500
   1736.00    566.00    5.7500
   1739.00    769.00    7.2500
   1742.00   2005.00    7.5000
   1747.00   2107.00    9.7500
   1746.00    464.00    7.6250
   1747.00   1175.00    6.0000
   1759.00   1153.00    8.1250
   1759.00    413.00    3.1250
   1770.00   2427.00    6.7500
   1769.00    406.00    9.0000
   1769.00   1040.00    9.3750
   1770.00   1813.00    7.0000
   1777.00   2205.00    5.7500
   1779.00   2498.00    6.8750
   1791.00    713.00    8.0000
   1792.00   1560.00    8.3750
   1795.00    827.00   10.3750
   1799.00   1512.00    8.2500
   1798.00   1198.00    5.8750
   1810.00   1711.00    6.8750
   1820.00    685.00    5.8750
   1821.00   1818.00    6.1250
   1824.00   1491.00    8.8750
   1826.00    388.00    8.1250
   1835.00     68.00    8.1250
   1835.00   1981.00    8.2500
   1845.00   1844.00    5.8750
   1847.00    366.00    9.6250
   1846.00    969.00    7.5000
   1848.00   2150.00    5.8750
   1848.00   1466.00    8.6250
   1870.00    102.00    6.0000
   1871.00   2201.00    6.8750
   1878.00   1713.00    7.1250
   1884.00   1926.00    7.8750
   1886.00    562.00    6.5000
   1895.00   1089.00    8.5000
   1891.00   2335.00    6.8750
   1895.00   1998.00    8.2500
   1905.00   2234.00   10.8750
   1904.00    910.00    6.3750
   1904.00    939.00    7.8750
   1916.00    716.00    8.0000
   1921.00    789.00    7.3750
   1927.00   1543.00    9.8750
   1929.00   2448.00    7.3750
   1930.00     68.00    9.2500
   1940.00    148.00    8.0000
   1937.00   1133.00   11.0000
   1943.00    661.00    5.5000
   1943.00   1236.00    6.7500
   1943.00   1608.00    5.6250
   1944.00    692.00    5.3750
   1943.00   1267.00    5.7500
    202.00   2224.00   13.0000
    179.00   2040.00    8.0000
    177.00   2012.00    9.0265
    187.00     98.00    8.9845
    262.00     70.00    9.6765
    440.00     65.00    8.0360
    446.00      1.00    9.2500
    876.00      0.00   10.4775
   1309.00    124.00    8.1355
   1422.00     39.00   10.2440
   1636.00      2.00    9.1625
   1923.00    190.00    9.0405
   1700.00    172.00    8.7855
   1695.00    257.00    8.0860
   1587.00    180.00   10.2440
   1425.00    397.00    9.6765
   1203.00    216.00   11.7140
   1599.00    658.00   10.2440
   1858.00    867.00   11.5055
   1828.00   1031.00   10.4775
   1822.00    837.00    9.9235
   1891.00   1214.00    7.6235
   1905.00   1379.00    9.0000
   1887.00   1130.00    7.7285
   1802.00   1165.00    9.5450
   1861.00   1608.00   10.2400
   1810.00   1537.00    9.4545
   1716.00    964.00    9.2705
   1781.00   1233.00    9.2705
   1892.00   2053.00    6.5960
   1856.00   1831.00    8.4585
   1860.00   1800.00    6.5000
   1856.00   1779.00    8.2130
   1860.00   2590.00   10.5700
   1854.00   2295.00   10.8115
   1828.00   1367.00   11.2785
   1710.00   2056.00    9.5450
   1683.00   2399.00   11.2785
   1628.00   2319.00    9.2705
   1733.00   2563.00   10.8115
   1528.00   2182.00   11.7995
   1480.00   2146.00   10.4885
   1689.00   1577.00   11.0000
   1641.00   1285.00   10.5700
   1650.00   1172.00    9.9850
   1352.00   2470.00    5.1200
   1361.00   2454.00    7.9210
   1447.00   1980.00    7.4745
   1495.00   2047.00    7.9750
   1510.00   2028.00    6.9685
   1519.00   1992.00    6.0440
   1510.00   1976.00    6.5880
   1561.00   1900.00    6.4565
   1572.00   1880.00    6.2190
   1654.00   1839.00    7.2110
   1679.00   1826.00    5.1200
   1694.00   1808.00    7.4165
   1582.00   1714.00    6.1845
   1493.00   1817.00    6.2190
   1455.00   1853.00    5.5000
   1457.00   1837.00    7.0000
   1458.00   1813.00    6.7490
   1421.00   1821.00    7.2405
   1375.00   1944.00    8.2140
   1510.00   1762.00    6.4895
   1527.00   1750.00    5.2850
   1546.00   1740.00    5.6010
   1526.00   1733.00    4.5890
   1535.00   1723.00    6.2190
   1530.00   1619.00    9.8330
   1504.00   1524.00    9.0000
   1350.00   2096.00   10.5700
   1484.00   1395.00    6.5555
   1461.00   1391.00    7.9750
   1581.00    899.00   12.3685
   1579.00    779.00    8.1085
   1564.00    759.00    9.0655
   1377.00    734.00    7.0000
   1177.00   2314.00   10.5000
   1107.00   2546.00   11.5000
    897.00   2068.00   10.8115
    832.00   2489.00    9.2705
   1018.00   1801.00   12.0000
   1249.00   1682.00   10.2400
   1233.00   1474.00   11.2785
   1183.00   1380.00   10.5700
   1493.00    925.00   11.1250
   1346.00   1065.00   11.1250
   1361.00    740.00    8.4585
   1127.00    692.00    7.1585
   1104.00    688.00    8.8500
   1341.00    551.00   11.2115
   1086.00   1066.00    8.7950
   1352.00   1176.00    8.9165
   1300.00   1307.00    6.2190
   1283.00   1302.00    5.2445
   1274.00   1290.00    6.0000
   1243.00   1295.00    7.6450
   1160.00   1338.00    8.0000
   1188.00   1658.00    8.0020
   1221.00   1180.00    6.3420
   1197.00   1183.00    8.5090
   1210.00   1093.00    6.3420
   1186.00   1090.00    9.5700
   1138.00    566.00   12.4380
    973.00   1387.00    9.1775
   1004.00   1479.00    9.2705
   1028.00   1466.00    9.5000
    925.00   1594.00   12.0875
    951.00    622.00    9.4545
    883.00    625.00    5.5000
    875.00    614.00    6.5555
    718.00    655.00    6.7490
    806.00    572.00    8.7950
    616.00    979.00   11.2115
    653.00   1224.00    6.3420
    659.00   1203.00    8.5000
    608.00     57.00    9.8330
    620.00    208.00    7.0905
    602.00    222.00    7.0905
    580.00    210.00    7.0000
    529.00    309.00    9.0000
    519.00    429.00    7.4885
    498.00    458.00    7.9275
    482.00    437.00    6.8830
    381.00    706.00    8.4585
    372.00    616.00    7.5000
    407.00    503.00    6.2960
    391.00    496.00    5.5000
    374.00    362.00    8.5000
    335.00    413.00    5.2850
    336.00    394.00    5.6010
    232.00    202.00    7.0605
    242.00    184.00    6.5555
     79.00    374.00    6.2190
     76.00    355.00    5.4055
    140.00    432.00    5.1200
    152.00    411.00    6.5000
    220.00    476.00    5.4055
    195.00    468.00    6.0440
    109.00    767.00    6.8440
     90.00    751.00    6.0440
     73.00    757.00    8.5000
    511.00    976.00    7.2525
    557.00   1140.00    7.9055
    485.00   1146.00    7.7475
    458.00   1138.00    6.7210
    126.00   1154.00   12.3210
    100.00   1347.00    8.1085
    176.00   1445.00    5.9360
    169.00   1430.00    5.9360
    471.00   1278.00    9.5450
    383.00   1329.00    9.5000
    418.00   1330.00    9.5450
    155.00   1337.00   12.9125
    412.00   1489.00   12.0000
    533.00   1555.00    9.9850
    721.00   1241.00   10.8115
    333.00   1652.00   11.2785
    379.00   1730.00   12.9125
    539.00   1728.00   10.4885
    541.00   1686.00    9.9850
    468.00   1951.00   10.2400
    573.00   2051.00    9.1775
    528.00   2180.00   10.4885
    449.00   2109.00    9.5450
    214.00   2107.00    9.4545
    161.00   2132.00    9.2705
    104.00   2054.00    8.7950
     63.00   2326.00    9.5000
     34.00   1997.00    7.5000
     41.00   1968.00    8.7950
    796.00   2102.00   11.2785
    889.00   2513.00   11.8725
    817.00   2434.00   10.0000
    736.00   2221.00    6.9530
    720.00   2206.00    9.3285
    639.00   1947.00   11.8815
    566.00   2557.00    8.9040
    553.00   2417.00    8.4585
    604.00   2374.00    7.4885
    582.00   2370.00    9.0000
    480.00   2478.00   10.1240
    508.00   2348.00    8.7950
    470.00   2330.00   10.9935
    305.00   2429.00    8.4015
    256.00   2295.00    9.0655
    255.00   2389.00    7.0000
    263.00   2369.00    7.5000
    415.00   2416.00   11.7265
     71.00   1247.00   13.1110
    991.00   1156.00   13.1925
   1726.00    295.00   16.2170
    740.00   2073.00   16.2170
   1003.00    669.00   16.6875
