#        y         x         r
      1.00    310.00   11.7500
      1.00    451.00    9.3750
      7.00    495.00    6.6250
      1.00    800.00    9.5000
      2.00   2409.00    7.2500
     14.00    170.00    7.3750
     16.00   1232.00    9.1250
     17.00   1379.00    8.8750
     19.00    206.00    8.0000
     19.00   1481.00    5.5000
     20.00   2081.00    9.5000
     29.00   1628.00    7.0000
     31.00    942.00    7.3750
     34.00   1462.00    8.0000
     37.00    342.00    6.6250
     39.00    805.00    7.8750
     48.00    575.00    8.5000
     48.00   1256.00    8.7500
     51.00   1364.00    9.5000
     51.00    987.00    8.0000
     53.00   1785.00    7.8750
     53.00   2184.00   10.8750
     68.00    542.00    6.8750
     72.00   1171.00    8.6250
     70.00   1857.00    8.1250
     77.00   2210.00    7.6250
     79.00   1446.00    8.5000
     80.00   1478.00    8.1250
     98.00     26.00    7.8750
    119.00   1810.00    7.8750
    127.00    607.00   10.5000
    129.00    249.00    8.0000
    129.00   1227.00    6.6250
    141.00   1892.00    9.6250
    149.00     61.00   10.3750
    168.00   1196.00    7.8750
    182.00    977.00    7.6250
    185.00   1893.00    7.7875
    190.00   1369.00    7.8750
    202.00   1149.00    7.2500
    206.00    984.00    5.6250
    214.00   1192.00    8.6250
    211.00   1355.00    6.8750
    212.00    202.00    7.3750
    226.00   1929.00    9.8750
    231.00    974.00    7.5000
    232.00   2138.00    7.7500
    240.00   1882.00   12.2120
    242.00   1722.00    8.8750
    244.00   2011.00    6.5000
    268.00   1891.00    6.0000
    271.00    370.00   11.3750
    274.00   1454.00    7.6250
    278.00   1298.00    8.7500
    279.00   1297.00    8.8750
    281.00   1331.00    8.8750
    281.00   2114.00    7.0000
    285.00   1727.00    8.6250
    286.00   1985.00    7.7500
    288.00   2461.00    7.0000
    290.00    450.00    9.8750
    298.00   1597.00    8.6250
    300.00    666.00    6.5000
    313.00   2446.00    7.1250
    327.00    177.00    9.8750
    333.00   1310.00    8.6250
    336.00    523.00    9.7500
    345.00    312.00    7.8750
    347.00   2154.00    7.6250
    344.00    565.00    6.3750
    349.00   2087.00    7.8750
    363.00    849.00    7.5000
    365.00    689.00    7.3750
    372.00   2518.00    9.0000
    375.00    289.00    8.5000
    378.00   1533.00    9.7500
    385.00   1759.00   10.7500
    385.00    227.00    7.5000
    384.00   1349.00    9.6250
    390.00   1254.00    6.5000
    390.00   1561.00    9.8750
    400.00    114.00    8.3750
    417.00    839.00   10.2500
    420.00    709.00    9.5000
    416.00   1299.00    8.2500
    417.00    279.00    9.0000
    424.00    469.00    7.5000
    426.00   1396.00    8.5000
    441.00   1648.00    8.5000
    445.00    677.00    9.0000
    444.00   1081.00    6.8750
    445.00   1708.00    9.1250
    451.00   1045.00    7.1250
    451.00   1445.00    8.6250
    457.00   2227.00    8.1250
    462.00     51.00    7.3750
    466.00   1519.00    9.6250
    481.00    726.00    7.3750
    488.00    927.00    7.5000
    492.00   2228.00    6.7210
    510.00   1618.00    7.3750
    509.00    282.00    8.8750
    516.00   2259.00    9.1250
    520.00   1748.00    8.0000
    526.00   1264.00    9.2500
    528.00   1153.00    7.6250
    529.00   1519.00    8.6250
    541.00    965.00    9.0000
    560.00   1081.00    7.7500
    566.00   1146.00    7.6250
    579.00   1187.00    6.8750
    579.00   1971.00    7.1250
    584.00    565.00    8.2500
    585.00   2410.00    9.0000
    593.00   2330.00    9.0000
    595.00    591.00    6.8750
    607.00    283.00    7.2500
    617.00   2179.00    8.0000
    617.00   2524.00    7.5000
    623.00   1029.00    6.8750
    628.00   1800.00    9.3750
    641.00   1005.00    8.5000
    644.00   2583.00    8.3750
    644.00   1934.00    6.8750
    651.00   1567.00    8.6250
    661.00    159.00    6.1250
    664.00    289.00    7.5000
    669.00   1643.00    8.0000
    672.00   2113.00    7.0000
    673.00   1935.00    8.8750
    678.00    332.00    9.2500
    680.00    538.00    9.3750
    683.00   1878.00    7.6250
    688.00    183.00    8.6250
    689.00   2069.00    7.7500
    704.00   2331.00    8.3750
    705.00   2192.00    7.7500
    706.00   2385.00    8.7500
    718.00   1292.00    8.1250
    721.00   1852.00    9.1250
    721.00   2410.00    8.8750
    728.00   2289.00    6.3750
    730.00   1006.00    6.5000
    730.00   1106.00    7.5000
    731.00    280.00    7.3750
    741.00   1138.00   11.6250
    743.00   1033.00    9.2500
    755.00     15.00    6.5000
    756.00   2450.00    7.6250
    762.00   2303.00    6.1250
    766.00   1734.00   10.0000
    769.00   2271.00    7.2500
    771.00   1333.00    8.3750
    777.00   1103.00    8.3750
    777.00    498.00    9.1250
    784.00   2382.00    7.3750
    786.00   1945.00    9.1250
    791.00    152.00    6.2500
    801.00   1329.00   11.7500
    809.00    180.00    7.3750
    810.00    874.00    9.3750
    831.00   1043.00    6.8750
    836.00   2298.00    8.1250
    842.00    933.00    8.7500
    857.00   2492.00    7.2500
    864.00    822.00    9.6250
    869.00    582.00    6.8750
    872.00   1660.00    9.8750
    875.00   1425.00    7.7500
    875.00   1137.00    8.2500
    887.00    893.00    9.8750
    900.00    217.00    9.0000
    907.00   1002.00    8.1250
    910.00     54.00    8.0000
    915.00    663.00    6.2500
    931.00    688.00    7.7500
    937.00   1122.00    6.5000
    943.00    338.00    7.2500
    960.00   1786.00    7.6250
    966.00   1127.00    7.1250
    965.00    355.00    7.8750
    977.00    857.00    6.8750
    978.00   1284.00    6.8750
    990.00    602.00    9.8750
    984.00   1513.00    9.7500
    990.00    369.00    8.0000
    990.00    885.00    7.6250
    994.00   1026.00    8.3750
    992.00   1210.00    7.2500
    993.00   1741.00    6.8750
   1006.00   1152.00    8.8750
   1011.00    997.00    9.5000
   1019.00   2592.00    5.7500
   1022.00     88.00    9.1250
   1027.00   2479.00    9.3750
   1043.00   2306.00    8.0000
   1051.00    921.00    9.1250
   1063.00   1708.00    9.0000
   1067.00   2365.00    9.1250
   1071.00    358.00    7.3750
   1087.00   1290.00    8.3750
   1090.00   2489.00    7.8750
   1093.00   1440.00    7.0000
   1095.00    891.00   10.0000
   1104.00   2403.00    9.2500
   1123.00    873.00    8.1250
   1122.00    318.00    8.8750
   1130.00   1123.00    8.5000
   1131.00   2323.00    6.8750
   1132.00    261.00    8.0000
   1134.00   2039.00    8.3750
   1139.00    181.00   10.3750
   1144.00    376.00    7.7500
   1146.00   1043.00    7.6250
   1148.00   1307.00    8.7500
   1152.00   1880.00    6.1250
   1154.00   1839.00    7.0000
   1161.00   1204.00    9.3750
   1161.00    714.00    9.0000
   1164.00   2225.00    9.0000
   1163.00    577.00    6.2500
   1168.00   2073.00    9.2500
   1169.00    952.00    7.8750
   1169.00   1418.00    8.0000
   1171.00   1550.00    6.6250
   1173.00   1467.00    8.7500
   1173.00   2156.00    9.0000
   1175.00   2592.00    6.1250
   1193.00   2377.00    6.7500
   1199.00   1986.00    8.8750
   1201.00    594.00    7.1250
   1201.00    738.00    9.6250
   1209.00    207.00    7.6250
   1209.00    849.00    8.2500
   1211.00    885.00    6.7500
   1221.00   1749.00    8.6250
   1227.00   1373.00    7.6250
   1231.00   2007.00    8.1250
   1235.00    498.00   10.8750
   1240.00    876.00    5.6250
   1245.00    782.00    8.2500
   1251.00   1285.00    6.2500
   1257.00   1878.00    8.0000
   1262.00   2328.00    8.1250
   1264.00   1789.00    8.7500
   1284.00    325.00    7.5000
   1286.00   1601.00    7.8750
   1298.00   2318.00    7.5000
   1299.00   2158.00    8.0000
   1321.00    884.00    8.0000
   1331.00   2134.00    9.0000
   1337.00    302.00   11.1250
   1352.00   1191.00    8.2500
   1369.00   1984.00    7.8750
   1379.00   1770.00    8.7500
   1392.00   1124.00    6.6250
   1391.00     38.00    9.0000
   1393.00   2117.00    7.1250
   1401.00    453.00    7.8750
   1402.00    833.00    8.2500
   1404.00    291.00    9.8750
   1415.00   1998.00    6.6250
   1420.00    431.00    8.1250
   1425.00   1773.00    7.5000
   1426.00    632.00    9.3750
   1427.00   2052.00    8.3750
   1439.00   1008.00    8.0000
   1445.00   1378.00    6.3750
   1450.00   1897.00    6.0000
   1455.00   1963.00    6.2500
   1463.00    858.00    7.7500
   1478.00   2082.00    8.7500
   1476.00   1952.00    6.7500
   1474.00   2401.00    8.0000
   1481.00   2435.00    7.0000
   1479.00    759.00    7.8750
   1487.00   1373.00    7.6250
   1489.00   1414.00    8.6250
   1498.00    883.00    7.6250
   1518.00   1498.00    7.1250
   1521.00   2125.00    7.8750
   1523.00    393.00    7.6250
   1528.00    330.00    8.3750
   1540.00     18.00    7.6250
   1553.00   1211.00    8.1250
   1558.00   1428.00    8.0000
   1561.00   2113.00    6.6250
   1563.00   1652.00    9.5000
   1568.00   2314.00    8.0000
   1574.00    271.00    7.2500
   1574.00    840.00    8.3750
   1594.00   2044.00    6.8750
   1603.00   1722.00    7.3750
   1610.00    873.00    8.5000
   1614.00   1158.00    7.7500
   1631.00    251.00    6.8750
   1634.00   2234.00    7.3750
   1635.00    886.00    8.1250
   1639.00    972.00    8.0000
   1644.00   1283.00    7.1250
   1655.00   1995.00    6.3750
   1660.00   1833.00    7.8750
   1667.00   1923.00    9.0000
   1676.00   1984.00    8.3750
   1674.00   1002.00    9.0000
   1678.00    593.00    7.2500
   1677.00   1493.00    8.6250
   1680.00   2466.00    6.2500
   1690.00   1395.00    8.7500
   1694.00    550.00    8.6250
   1705.00   1903.00    9.0000
   1713.00   2503.00    7.5000
   1713.00   2312.00    8.3750
   1733.00   2455.00    6.0000
   1732.00   1995.00    7.5000
   1736.00    263.00   10.5000
   1740.00   1726.00   11.7500
   1746.00    554.00    7.8750
   1755.00    306.00    8.1250
   1754.00    864.00    6.3750
   1756.00     47.00    7.2500
   1758.00   1490.00    8.6250
   1756.00   2170.00   10.2500
   1762.00   1946.00    9.1250
   1767.00    528.00    7.6250
   1776.00    266.00    8.1250
   1777.00   2484.00    7.2500
   1779.00    876.00    8.5000
   1781.00   2591.00    7.3750
   1791.00    954.00    6.5000
   1795.00   1278.00    9.3750
   1802.00   1648.00    8.0000
   1800.00   1385.00    7.2500
   1804.00   2290.00    7.3750
   1803.00     62.00    9.7500
   1806.00    469.00    8.3750
   1810.00   2410.00    7.8750
   1814.00    393.00    7.1250
   1819.00    674.00    9.2500
   1816.00   1164.00    5.1250
   1826.00    181.00    8.2500
   1833.00   1155.00    7.8750
   1837.00   1120.00    9.1250
   1845.00    918.00   10.2500
   1850.00    486.00    8.5000
   1854.00   1065.00    7.1250
   1854.00   1257.00    6.3750
   1856.00    367.00    7.6250
   1862.00   1869.00    8.7500
   1865.00   1720.00   11.3750
   1871.00    188.00    8.7500
   1880.00   1436.00    6.3750
   1880.00   2143.00    6.7500
   1883.00   1255.00    8.6250
   1885.00    498.00    7.1250
   1889.00    255.00    9.8750
   1914.00   1192.00    8.5000
   1920.00    877.00    8.0000
   1932.00    666.00    7.6250
   1935.00   2448.00    9.8750
   1940.00    937.00    6.2500
   1943.00   1065.00   10.7500
   1940.00   2551.00    8.5000
    381.00   1476.00   10.5000
    584.00   1609.00   10.5000
    884.00    339.00    7.0905
   1083.00      0.00    8.0735
   1041.00      3.00    8.8115
     13.00      2.00   11.5000
     48.00     76.00   10.7815
     70.00    137.00    7.8580
     90.00    135.00    8.0000
    147.00     95.00    8.6290
    328.00     10.00    9.0655
    390.00      4.00   11.8815
    183.00    334.00   11.2115
    205.00    173.00    9.5000
    244.00    214.00    9.0655
    329.00    234.00    8.4015
    132.00    496.00   10.5905
     65.00    582.00    8.4585
    150.00    649.00    9.0655
    248.00    527.00   10.9935
    241.00    639.00    7.8665
    220.00    631.00    8.4015
    218.00    730.00   12.0000
     98.00    765.00    7.1585
     75.00    767.00    9.0000
    146.00    891.00    6.9530
    151.00    869.00    9.0000
    187.00   1048.00    8.5000
     77.00   1042.00    8.4015
    130.00   1017.00    9.0655
    289.00     24.00   11.8405
    541.00    226.00    9.8330
    610.00     93.00   13.0000
    383.00    498.00    9.0655
    342.00    665.00   10.2660
     37.00   1119.00   13.1190
     16.00   1318.00    9.8820
    116.00   1369.00    7.4885
    122.00   1343.00    9.5000
    157.00   1485.00   10.6360
    266.00   1194.00    9.5000
    250.00   1168.00   10.0000
    372.00   1229.00   10.1240
    411.00   1152.00    9.0000
    364.00   1146.00    7.9275
    352.00   1131.00    7.0905
    352.00   1109.00    8.5000
    456.00   1015.00    9.2765
    468.00    879.00   11.0000
    515.00    598.00    7.9275
    531.00    578.00    8.7950
    612.00    651.00    7.9275
    567.00    537.00   10.4525
    692.00    370.00    9.3285
    844.00    421.00    7.0905
    846.00    352.00    7.1585
    814.00    342.00    5.9810
    832.00    332.00    6.5000
    852.00    256.00   10.1240
    867.00     43.00    8.9040
    848.00    728.00    9.7345
    948.00    728.00    7.4885
    922.00    844.00    9.7345
    781.00    724.00    8.4585
    747.00    765.00    8.3435
    724.00    938.00    7.6800
    757.00   1060.00    7.4885
    619.00    964.00    7.5000
    610.00    938.00    8.4015
    791.00   1251.00    8.9040
    209.00   1562.00    8.4585
    211.00   1538.00   10.5000
    144.00   1660.00    7.9275
    159.00   1648.00    8.5000
    183.00   1644.00   11.0000
    132.00   1628.00    8.4585
    240.00   1666.00   10.2660
    264.00   1760.00    7.6800
    311.00   1750.00   10.5000
    328.00   1695.00    7.6800
    325.00   1670.00    7.4885
    427.00   1754.00    9.0000
    385.00   1672.00   10.0280
    553.00   1695.00    9.0655
    724.00   1778.00    7.9275
    889.00   1764.00    6.5960
    663.00   1524.00    9.0655
    619.00   1522.00    7.5000
    594.00   1506.00    9.3285
    551.00   1436.00    7.0905
    551.00   1416.00    7.4885
    564.00   1394.00    6.9530
    572.00   1375.00    8.1085
    590.00   1355.00    7.0000
    627.00   1365.00    7.9275
    635.00   1394.00    9.5000
    737.00   1680.00   11.1250
    706.00   1473.00   11.4670
    956.00   1170.00    9.2765
   1088.00   1373.00    6.9530
   1086.00   1351.00   10.2660
   1072.00   1212.00    6.9530
   1099.00   1219.00    7.5000
   1060.00    993.00    7.6800
   1109.00    818.00    7.9275
     39.00   1867.00   10.6995
    174.00   1856.00    6.2930
    190.00   1842.00    8.5090
    129.00   1969.00    9.2075
     96.00   2109.00   12.5000
     76.00   2158.00   10.0740
      1.00   2532.00    6.7670
     19.00   2514.00    8.5000
     55.00   2542.00    9.1740
    103.00   2539.00    9.9505
     78.00   2490.00    9.5000
    113.00   2441.00    7.4210
    241.00   2441.00   11.0000
    369.00   2458.00   10.0125
    282.00   2187.00   10.6995
    361.00   2330.00    6.6750
    341.00   2321.00    7.4630
    384.00   2301.00    7.2525
    435.00   2194.00    6.1440
    422.00   2178.00    8.5000
    669.00   2398.00    7.2525
    673.00   2365.00    8.0225
    683.00   2301.00    6.4870
    684.00   2281.00    9.0000
    850.00   2408.00    8.7950
    855.00   2370.00    8.5000
    918.00   2362.00    7.0360
    909.00   2339.00    8.7950
    697.00   2115.00    8.6890
    705.00   2029.00    8.4725
    631.00   1974.00    8.3620
    473.00   1855.00   10.2400
    877.00   1833.00    9.4545
    504.00    467.00   11.2785
    798.00   1837.00    6.1060
    821.00   1839.00    7.5555
    935.00   1922.00   12.0875
    980.00   1893.00   11.8725
   1007.00   2005.00    9.9850
   1041.00   1961.00    9.1775
   1021.00   1940.00   11.2785
   1150.00   1620.00   11.7265
    984.00    305.00   11.2020
   1029.00    291.00   10.8115
   1062.00    296.00   10.8115
    995.00    217.00   13.6880
   1157.00     37.00    7.6450
   1190.00    155.00    7.9750
   1215.00    137.00    8.2130
   1228.00    116.00    8.6890
   1264.00    228.00    8.5000
   1343.00    242.00    7.0000
   1355.00    216.00    9.5000
   1491.00      8.00    8.5000
   1320.00    445.00    9.1740
   1383.00    512.00    8.0990
   1369.00    716.00    9.1740
   1246.00    660.00   10.5830
   1305.00    630.00    8.5090
   1458.00    673.00   10.2265
   1339.00    741.00   11.2115
   1469.00    555.00    7.1585
   1473.00    525.00    7.6800
   1595.00    584.00    7.4885
   1542.00    714.00    9.0000
   1550.00    195.00    8.4585
   1543.00    159.00    7.1235
   1524.00    143.00    5.2770
   1535.00    127.00    7.7475
   1499.00    131.00    6.4870
   1507.00    112.00    8.0000
   1620.00    142.00    8.5000
   1649.00    127.00    9.0000
   1675.00    145.00    8.5090
   1670.00    223.00    7.7475
   1698.00    362.00    8.6530
   1707.00    339.00    7.0360
   1723.00     77.00    9.1740
   1916.00     33.00    9.0655
   1943.00    106.00    8.5000
   1917.00    267.00    9.0655
   1872.00    334.00   10.5000
   1760.00    374.00   10.0000
   1870.00    684.00    8.4015
   1760.00    643.00   10.8165
   1811.00    702.00    7.6800
   1904.00    753.00    7.9275
   1927.00    759.00    7.0000
   1910.00    924.00    8.8500
   1768.00    812.00    9.6845
   1707.00    810.00   11.4670
   1550.00    891.00    8.1085
   1904.00   1286.00    9.0655
   1839.00   1680.00   10.5000
   1646.00   1092.00    6.9530
   1638.00   1070.00    8.1085
   1640.00   1209.00    8.5000
   1581.00   1172.00   10.0000
   1621.00   1314.00    8.0000
   1595.00   1396.00    9.3285
   1607.00   1510.00   10.2660
   1528.00   1353.00    7.4885
   1500.00   1259.00    8.4585
   1471.00   1249.00    7.5000
   1438.00   1251.00    7.6800
   1402.00   1264.00    9.0000
   1390.00   1239.00    9.5000
   1526.00   1528.00    6.9530
   1502.00   1544.00    7.6800
   1459.00   1502.00    8.4015
   1377.00   1416.00    9.0000
   1243.00   1451.00    6.5960
   1232.00   1436.00    9.8820
   1188.00   1308.00    8.1085
   1176.00   1284.00    9.0000
   1208.00   1212.00    9.0000
   1218.00   1184.00    9.0655
   1744.00   1014.00   13.4985
   1934.00   1907.00   10.8115
   1139.00   2498.00   11.7265
   1159.00   2408.00   11.1250
   1246.00   2416.00    9.2705
   1248.00   2500.00   12.0000
   1301.00   2576.00   10.8115
   1398.00   2460.00   10.2400
   1406.00   2394.00   11.0000
   1501.00   2264.00   13.6880
   1298.00   2037.00   10.5000
   1377.00   2064.00   13.0000
   1296.00   1740.00   10.2400
   1304.00   1412.00   12.0875
   1465.00   1856.00    9.2705
   1674.00   2056.00    7.5000
   1735.00   2214.00    7.8665
   1820.00   2123.00    7.8665
   1849.00   2107.00    7.8665
   1886.00   2327.00    7.4210
   1888.00   2299.00    7.5000
   1944.00   2258.00    5.2770
   1943.00   2235.00    5.5065
   1571.00   2059.00    5.9910
   1563.00   2040.00    7.5000
   1590.00   1785.00    9.0000
   1496.00   1814.00    5.2770
   1507.00   1800.00    6.5000
   1530.00   1805.00    7.5000
    590.00    460.00   13.1925
    582.00   2557.00   14.3170
    972.00   2254.00   15.3600
   1833.00   1015.00   13.1925
   1817.00   2505.00   13.7665
   1165.00   1679.00   14.1815
    991.00    810.00   11.9625
   1742.00   1205.00   13.1760
    366.00    979.00   17.8085
