#        y         x         r
      2.00    159.00    6.1250
      1.00    356.00    5.7500
      1.00   1767.00   10.8750
      2.00   1853.00    8.8750
      6.00     81.00    8.5000
      9.00    671.00    8.1250
     22.00    894.00    8.0000
     26.00   1113.00    7.0000
     32.00   1809.00    6.6250
     38.00   1427.00    8.5000
     42.00   1084.00    9.8750
     46.00   1952.00    9.0000
     50.00   1143.00    6.3750
     51.00   1569.00    7.0000
     57.00   1189.00    9.1250
     64.00   2084.00    8.8750
     76.00   2242.00    9.5000
     81.00    613.00    7.3750
     81.00   1167.00    8.3750
     83.00   2125.00    8.2500
     84.00    919.00    8.7500
     87.00    495.00    9.3750
     92.00   1023.00    9.2500
     92.00   1585.00    7.3750
     93.00    390.00    8.7500
     97.00   1465.00    8.8750
     97.00   2324.00    7.1250
    102.00   2100.00    7.6250
    102.00   2254.00    6.3750
    105.00    333.00    9.2500
    111.00     68.00    9.5000
    113.00    425.00    7.5000
    118.00   2221.00    8.1250
    123.00   1709.00    6.3750
    121.00   1989.00    6.5000
    133.00    412.00    8.3750
    135.00   1164.00    6.5000
    140.00   1689.00    6.8750
    145.00    479.00    7.3750
    147.00   1141.00    7.2500
    154.00    442.00    7.0000
    160.00     80.00    8.1250
    159.00   1465.00    6.3750
    162.00    919.00    7.7500
    164.00   1435.00    7.1250
    171.00   2359.00    7.1250
    171.00   2427.00    9.5000
    182.00   1164.00    7.8750
    184.00   1699.00    7.3750
    186.00   1111.00    6.5000
    199.00   1349.00    9.7500
    192.00   1208.00    8.1250
    194.00    379.00    9.6250
    198.00    163.00    9.5000
    207.00   2191.00    8.8750
    214.00   2117.00    7.5000
    217.00   1986.00    8.3750
    224.00   2549.00    6.5000
    225.00     51.00    9.7500
    229.00    717.00    6.5000
    230.00    775.00    6.8750
    230.00    912.00    7.3750
    234.00   2518.00    7.1250
    236.00   1847.00    8.1250
    241.00    311.00    9.1250
    242.00   2457.00    7.5000
    245.00   1599.00    7.8750
    257.00   1815.00    8.1250
    268.00    249.00    7.5000
    270.00    837.00    9.0000
    274.00   1640.00    9.0000
    277.00   1572.00    9.2500
    302.00   2562.00    7.0000
    305.00   1796.00    7.8750
    309.00   2450.00    8.0000
    309.00   1404.00    9.1250
    320.00    636.00    7.6250
    319.00   1675.00    8.2500
    321.00    183.00    7.5000
    324.00   1295.00    7.7500
    329.00    291.00   11.1250
    345.00    714.00    6.8750
    353.00   1688.00    5.6250
    357.00   1278.00   12.1250
    358.00   1438.00    7.7500
    361.00   2373.00    7.3750
    367.00   2012.00    8.8750
    369.00   1014.00    9.3750
    377.00    675.00    7.5000
    387.00   1536.00    8.3750
    400.00   1762.00   11.2500
    395.00    181.00   10.2500
    398.00   2362.00   10.2500
    402.00     34.00    6.8750
    407.00     85.00   10.1250
    410.00   1250.00    9.3750
    415.00    312.00    8.8750
    421.00    141.00    7.3750
    422.00   1827.00    7.0000
    425.00   1152.00    9.7500
    427.00   1491.00    7.0000
    426.00   2428.00    6.1250
    428.00    605.00    7.8750
    426.00   1711.00    5.6250
    436.00    522.00    7.1250
    440.00    945.00    7.2500
    451.00    717.00    8.3750
    454.00   1645.00    6.2500
    457.00    178.00    8.8750
    468.00   1388.00    8.2500
    474.00    255.00    8.5000
    475.00    777.00    7.5000
    475.00   1167.00    8.2500
    475.00   1743.00    8.5000
    477.00    538.00    9.1250
    478.00   1637.00    9.8750
    483.00    961.00    8.8750
    510.00   2226.00    7.8750
    512.00   1184.00    7.6250
    513.00   2362.00    7.3750
    515.00   2266.00    9.1250
    517.00   1130.00    7.6250
    519.00     83.00    6.6250
    523.00   2308.00    8.2500
    538.00   1234.00    6.5000
    543.00   1763.00    7.8750
    545.00   1813.00    6.2500
    554.00   1353.00    7.8750
    559.00    171.00    8.6250
    571.00     89.00    9.0000
    573.00   1737.00    9.1250
    575.00   1245.00    6.6250
    582.00   1615.00    8.0000
    586.00    799.00    8.6250
    587.00    145.00    7.0000
    599.00   2412.00    9.8750
    601.00   1484.00    8.5000
    606.00    841.00    6.2500
    608.00   1204.00    7.8750
    609.00   1955.00    8.2500
    614.00    438.00    8.0000
    616.00    521.00    8.3750
    615.00    996.00    8.6250
    620.00    556.00    8.1250
    630.00     42.00   10.1250
    631.00    202.00    9.1250
    638.00   1806.00    6.3750
    640.00   1206.00    7.6250
    643.00   1446.00    7.0000
    652.00    482.00    6.2500
    657.00    163.00    7.7500
    663.00   1800.00    7.1250
    672.00   1916.00    6.6250
    679.00   2212.00    6.7500
    682.00   2169.00    7.2500
    685.00    311.00    7.0000
    689.00    156.00    7.2500
    695.00    213.00    7.0000
    696.00   1062.00    6.2500
    697.00    451.00    6.6250
    697.00   1824.00    9.1250
    713.00   1197.00    8.2500
    714.00    531.00    9.3750
    716.00   2288.00    7.8750
    720.00    309.00    9.1250
    727.00    630.00    9.6250
    734.00    160.00    9.7500
    738.00    135.00    9.7500
    740.00    921.00    9.2500
    744.00    657.00    8.0000
    748.00   2451.00    7.3750
    751.00   1092.00    9.3750
    755.00    783.00    8.3750
    758.00   1462.00    8.0000
    769.00   1368.00    7.6250
    771.00   1748.00    6.1250
    785.00   2561.00    8.6250
    799.00   1916.00    7.6250
    800.00   1655.00    8.8750
    803.00     24.00    9.0000
    810.00    268.00    9.3750
    814.00    663.00    7.6250
    815.00   2352.00    9.2500
    818.00   2290.00    7.8750
    820.00    498.00    9.3750
    819.00   1369.00    9.1250
    823.00     64.00    8.1250
    824.00   1298.00    7.5000
    828.00   1621.00    9.2500
    828.00   1823.00    6.0000
    836.00   1114.00    6.2500
    839.00   1006.00    8.7500
    855.00    617.00    6.6250
    875.00    448.00    8.8750
    880.00   1191.00    8.7500
    884.00   1390.00    9.3750
    896.00   1571.00    7.7500
    916.00   2230.00    9.5000
    916.00   1105.00    7.6250
    919.00    233.00    6.8750
    926.00    508.00    7.0000
    928.00    833.00    7.6250
    928.00   1279.00    8.8750
    935.00    361.00    9.2500
    937.00   2389.00    7.6250
    941.00   2331.00   10.0000
    946.00   1970.00    7.7500
    947.00   2239.00    7.5000
    950.00    149.00    8.8750
    947.00   1518.00    7.8750
    960.00   2453.00    7.6250
    961.00    526.00    8.6250
    976.00     33.00    7.3750
    976.00    599.00    8.1250
    982.00    377.00    8.1250
    982.00    697.00    8.5000
    999.00    939.00    6.2500
   1000.00    324.00    5.8750
   1002.00   2011.00    8.1250
   1007.00    298.00    8.6250
   1010.00   2035.00    6.1250
   1025.00    246.00    8.3750
   1039.00   1226.00    8.7500
   1034.00   1524.00    6.3750
   1040.00    541.00    7.2500
   1054.00   1177.00    8.8750
   1061.00   1344.00    8.7500
   1067.00     33.00    7.8750
   1076.00   2001.00    8.3750
   1073.00    454.00    8.8750
   1076.00   2085.00    8.0000
   1085.00    127.00    7.3750
   1088.00   1488.00    6.7500
   1088.00   1041.00    9.5000
   1097.00   1406.00    8.3750
   1098.00    930.00    7.5000
   1106.00    424.00   10.8750
   1112.00   1268.00    7.5000
   1127.00    511.00    6.7500
   1143.00   1532.00    7.3750
   1144.00    198.00   11.6250
   1144.00    456.00    7.1250
   1150.00   1831.00    8.0000
   1157.00   1272.00    8.1250
   1160.00    908.00    7.8750
   1161.00   1120.00    7.7500
   1168.00    655.00    6.3750
   1176.00    220.00    7.3750
   1181.00   1925.00    8.6250
   1190.00    673.00    7.8750
   1191.00    263.00    6.3750
   1198.00   2390.00    7.2500
   1200.00   1643.00   10.2500
   1210.00    400.00    8.1250
   1215.00   1527.00    6.7500
   1226.00   1389.00    8.1250
   1241.00   1337.00    6.5000
   1248.00   1996.00    7.5000
   1251.00    110.00    8.8750
   1264.00   1331.00    7.5000
   1267.00    421.00    7.6250
   1279.00     93.00    8.3750
   1284.00   2386.00   11.1250
   1286.00    788.00    7.5000
   1293.00    860.00    7.2500
   1292.00    539.00    7.3750
   1302.00    274.00    8.0000
   1307.00   1056.00    8.8750
   1307.00   1166.00    7.3750
   1312.00   1738.00    6.6250
   1312.00   1693.00    6.0000
   1313.00   2418.00    6.7500
   1320.00    971.00    7.8750
   1331.00    358.00   11.0000
   1340.00    742.00    6.6250
   1343.00    402.00   10.0000
   1346.00    553.00    7.1250
   1345.00   1412.00    6.0000
   1345.00   2256.00    6.5000
   1350.00   1771.00    6.3750
   1357.00   1034.00    6.5000
   1365.00    429.00    7.3750
   1368.00   1840.00    7.2500
   1369.00    770.00    8.1250
   1377.00   1244.00    8.6250
   1375.00   2264.00    6.2500
   1383.00   1802.00    7.1585
   1386.00    367.00    6.8750
   1392.00   2069.00   10.5000
   1393.00   1870.00    8.1250
   1407.00   1035.00    8.7500
   1408.00   2097.00    9.2500
   1411.00    269.00    8.3750
   1418.00   2009.00    7.1250
   1420.00   1155.00   12.5000
   1423.00    103.00   11.8750
   1425.00    543.00    8.0000
   1425.00   2230.00    7.8750
   1434.00   2423.00    9.1250
   1437.00   2481.00    6.6250
   1440.00   1967.00    6.8750
   1443.00   1925.00    7.1250
   1448.00   1117.00   11.7500
   1454.00   2202.00    7.3750
   1462.00    276.00    7.1250
   1462.00   1446.00   10.3750
   1459.00   1716.00    7.2500
   1463.00    125.00    9.0000
   1470.00    255.00    7.1250
   1476.00    941.00    9.2500
   1479.00   1270.00    7.3750
   1484.00   2384.00   10.1250
   1491.00   2030.00    8.6250
   1502.00    250.00    7.7500
   1505.00   1020.00    7.5000
   1511.00    883.00    8.1250
   1524.00    396.00    7.2500
   1533.00    582.00    9.1250
   1537.00    145.00    7.0000
   1537.00   1948.00    6.8750
   1550.00   2322.00    8.1250
   1550.00   1216.00   10.2500
   1556.00   2118.00    8.2500
   1564.00   2007.00    7.3750
   1563.00   1133.00    8.3750
   1568.00    500.00    6.0000
   1569.00    546.00    6.2500
   1569.00    933.00    8.8750
   1573.00   2541.00    9.3750
   1576.00    358.00    6.1250
   1575.00    437.00    6.8750
   1577.00   2052.00    8.8750
   1588.00   2159.00    7.2500
   1590.00   1736.00   10.7500
   1604.00     87.00    9.7500
   1613.00    453.00    9.7500
   1615.00   1847.00    7.6250
   1615.00    682.00    8.6250
   1614.00   1231.00    8.6250
   1623.00   1884.00    6.0000
   1625.00    746.00    8.1250
   1637.00   1326.00    6.5000
   1651.00   1780.00    9.1250
   1656.00   1409.00    6.8750
   1657.00   2493.00    7.6250
   1663.00    185.00    8.5000
   1665.00   1141.00    7.8750
   1665.00   2220.00    9.2500
   1673.00    878.00    7.6250
   1683.00   1259.00    7.8750
   1689.00   2524.00    7.0000
   1691.00    404.00    8.1250
   1698.00    457.00    7.0000
   1702.00   2196.00    8.0000
   1720.00   2258.00    6.7500
   1734.00    573.00    8.5000
   1731.00   1509.00    7.5000
   1731.00   2171.00    7.2500
   1738.00   1246.00    6.1250
   1743.00    245.00    9.0000
   1749.00    297.00    7.3750
   1754.00     97.00    7.2500
   1757.00    542.00    9.7500
   1758.00    739.00    8.0000
   1766.00    171.00    6.2500
   1770.00   2551.00    6.8750
   1775.00    502.00    9.6250
   1781.00   1631.00    9.6250
   1785.00   2275.00    7.7500
   1801.00   1439.00   10.1250
   1805.00   2334.00    6.7500
   1805.00   1569.00    6.7500
   1812.00    565.00    6.8750
   1817.00   1066.00    7.0000
   1820.00   2119.00    7.7500
   1822.00   2036.00    6.2500
   1827.00   1477.00    9.3750
   1838.00   2242.00    8.5000
   1843.00   2013.00    8.6250
   1849.00   1060.00    7.6250
   1856.00   1246.00    7.5000
   1859.00   1740.00    7.0000
   1861.00   1681.00    6.8750
   1867.00   1876.00    7.8750
   1867.00    989.00    7.5000
   1869.00   1403.00    7.1250
   1869.00    389.00   10.5000
   1877.00   1228.00    8.5000
   1873.00   2284.00    6.0000
   1893.00   1617.00    6.6250
   1909.00   2283.00    7.6250
   1922.00   1911.00   11.5000
   1927.00    958.00    8.1250
   1931.00   1777.00    8.6250
   1933.00    251.00    7.0000
   1938.00   1608.00    7.2500
     10.00    732.00   11.0000
    296.00     83.00    9.0000
   1856.00   2591.00    9.3855
   1934.00   2565.00    8.7855
   1914.00   2542.00    8.9900
   1944.00   2485.00    7.4425
   1906.00   2510.00    7.2575
   1879.00   2513.00    8.7855
   1737.00   2592.00    8.9900
   1899.00   2005.00    6.7385
   1918.00   1994.00    7.0905
   1762.00   2051.00    9.2765
   1792.00   1977.00    8.4585
   1776.00   1882.00    9.0655
   1778.00   1805.00   10.0000
   1662.00   1904.00    8.4585
   1760.00   1734.00    7.0000
   1756.00   1709.00    7.4885
   1733.00   1721.00    7.9275
   1815.00   1530.00    8.4585
   1898.00   1436.00    6.8830
   1916.00   1451.00    7.4885
   1884.00   1322.00    8.1085
   1892.00   1245.00    7.4885
   1925.00   1046.00    8.8500
   1809.00   1164.00    9.0000
   1772.00   1160.00    8.7950
   1760.00   1247.00    9.0000
   1736.00   1558.00    8.0000
   1511.00   2181.00    9.7345
   1489.00   2128.00    9.3285
   1357.00   2344.00    9.0000
   1349.00   2401.00    8.7950
   1310.00   2323.00   10.0000
   1249.00   2521.00   10.0000
   1054.00   2566.00    7.1585
   1025.00   2519.00    8.5000
   1005.00   2326.00    8.3435
    997.00   2301.00    9.8820
   1078.00   2368.00    9.8330
   1175.00   2352.00   10.1240
   1273.00   2027.00    7.9275
   1343.00   1882.00    8.3435
   1223.00   1829.00   10.1240
   1129.00   1860.00    8.3435
   1170.00   1768.00    7.1585
   1241.00   1727.00    7.0905
   1263.00   1725.00    7.4885
   1396.00   1825.00    8.3435
   1499.00   1776.00    7.4885
   1455.00   1776.00    8.4015
   1392.00   1642.00    8.0000
   1418.00   1642.00    8.5000
   1626.00   1711.00    7.4885
   1648.00   1705.00    8.3435
   1676.00   1677.00    9.5000
   1654.00   1617.00    7.9275
   1542.00   1638.00    8.3435
   1518.00   1599.00    8.1085
   1511.00   1548.00    7.1585
   1518.00   1467.00    9.6845
   1672.00   1522.00    8.7950
   1670.00   1448.00    9.8330
   1554.00   1347.00    9.8330
   1359.00   1451.00    7.6800
   1394.00   1408.00    7.5000
   1428.00   1422.00    8.5000
   1412.00   1381.00    8.4585
   1634.00   1166.00    9.0000
   1158.00   1552.00    7.9275
   1105.00   1764.00    8.9040
   1001.00   1430.00    9.0655
   1265.00   1400.00    7.5000
   1284.00   1398.00    7.0905
   1331.00   1221.00    9.0655
   1318.00   1194.00    7.8665
   1715.00   1017.00    9.0655
   1139.00   1567.00    8.4585
   1139.00   1180.00    7.6800
   1133.00   1160.00    8.4585
   1032.00   1285.00    4.6355
   1015.00   1281.00    5.4055
    974.00   1285.00    5.5000
    985.00   1271.00    6.7490
   1896.00   1489.00    9.0655
   1414.00   1316.00    8.7950
   1581.00   1029.00    8.1085
   1768.00    856.00    5.6725
   1783.00    843.00    6.0000
   1787.00    790.00    6.1440
   1722.00    746.00    6.7670
   1667.00    819.00    8.5090
   1648.00    798.00    7.9055
   1827.00    632.00    7.4210
   1923.00    338.00    8.2130
   1912.00     86.00    8.6890
   1790.00    451.00    8.5090
   1828.00     24.00    5.9910
   1845.00     13.00    6.1440
   1813.00    161.00   10.6360
   1648.00    313.00    8.1085
   1705.00    548.00    5.0000
   1687.00    559.00    5.0000
   1658.00    567.00    3.7445
   1646.00    564.00    4.0545
   1633.00    560.00    5.9810
   1718.00    201.00    6.1605
   1702.00    213.00    6.3915
   1676.00    228.00    5.7545
   1645.00    263.00    7.0905
   1623.00    265.00    6.3915
   1587.00    184.00    8.4725
   1543.00    239.00    7.8665
   1526.00    100.00   10.9935
   1530.00    505.00    8.4015
   1507.00    698.00    9.0655
   1522.00    659.00    8.4585
   1463.00    802.00    8.3435
   1414.00    899.00    6.2190
   1373.00   1062.00    8.0000
   1347.00   1064.00    7.5000
   1335.00    981.00    8.5000
   1345.00    665.00    9.6845
   1320.00    718.00    9.5000
   1430.00    883.00    7.6800
   1436.00   1002.00   12.9790
   1259.00    348.00   10.5700
   1197.00     32.00   10.5700
   1676.00     35.00   12.4380
   1199.00    118.00   13.4985
   1179.00    342.00    9.5450
   1079.00    147.00    9.2705
   1065.00    812.00    7.6450
   1026.00    657.00    9.4545
   1047.00    571.00   10.2400
   1085.00    343.00    6.7670
   1072.00    324.00    6.5000
    938.00    275.00   13.3745
    932.00    195.00   10.4885
    945.00     52.00   10.2400
    774.00    136.00   10.2400
    869.00    390.00    6.7670
    883.00    373.00    8.0000
    846.00    582.00    5.9810
    836.00    561.00    9.0000
    795.00    781.00    8.7950
    512.00    604.00    8.4015
    525.00    538.00    9.2765
     72.00    255.00   10.2400
     64.00      0.00   11.7995
     72.00    165.00   12.0000
    155.00    824.00   12.3685
    203.00   1028.00   11.0000
    300.00    936.00    8.7950
    426.00    923.00    8.3950
    447.00    899.00    9.5000
    664.00    892.00    9.5000
    686.00    914.00    7.6450
    809.00    987.00    8.7950
    780.00   1062.00    9.1775
    806.00   1162.00    9.5450
    661.00   1099.00    6.1440
    657.00   1083.00    7.5000
    944.00    771.00    8.5000
    987.00    834.00   11.0000
   1019.00    971.00    8.4015
   1038.00   1095.00    8.4015
    976.00   1152.00    8.5000
    964.00   1013.00   10.0000
    907.00   1064.00    7.9275
    928.00   1040.00    7.0000
    341.00    509.00   12.3685
    270.00    718.00   12.9125
    682.00   1479.00   10.0000
    663.00   1500.00   11.5000
    714.00   1653.00   10.8115
    781.00   1625.00   10.4885
    897.00   1825.00    9.2705
    903.00   1862.00    7.0000
    887.00   2028.00    7.1585
    875.00   2000.00    7.1585
    743.00   1901.00   10.5700
     39.00    910.00    9.5450
     18.00   1367.00    6.9530
     16.00   1341.00    6.9530
      3.00   1908.00    7.9275
     24.00   1900.00    7.9275
     55.00   2104.00    7.8665
     55.00   2197.00    7.4885
     45.00   2167.00    7.6800
     24.00   2146.00    9.0655
    163.00   2008.00   10.9935
    142.00   1919.00   10.9935
      6.00   2409.00    9.0655
     39.00   2403.00   10.1240
     79.00   2446.00   10.1240
    146.00   2395.00   11.4670
    213.00   2585.00    8.8500
    372.00   2533.00   10.0280
    326.00   2191.00    7.9275
    321.00   2152.00   10.0000
    399.00   2081.00    7.9275
    334.00   1986.00   10.0280
    333.00   1928.00   10.4525
    362.00   1882.00    9.0000
    419.00   2228.00   13.8750
    529.00   2114.00   11.1250
    586.00   2089.00   10.0280
    995.00   1137.00    8.9040
    631.00   2071.00    9.5000
    779.00   2086.00    7.1585
    795.00   2079.00    8.5000
    690.00   2315.00    8.9040
    718.00   2482.00    9.0655
    598.00   2545.00    7.5000
    673.00   2529.00    8.0000
    643.00   2513.00    7.9275
    612.00   2507.00    7.5000
    633.00   2104.00    8.4585
    461.00   2059.00   13.8750
    858.00   1757.00   14.5150
    583.00   1532.00   13.4765
    495.00   1026.00   15.3655
     20.00   1254.00   11.1130
   1175.00   1045.00   14.8855
   1014.00    457.00   14.8855
   1884.00     57.00   14.5150
   1525.00   1079.00   13.4765
    546.00    298.00   17.1530
    225.00   1144.00   15.7165
