#        y         x         r
     15.00    560.00    9.0000
     23.00    910.00   11.1250
     20.00   1072.00    8.0000
     44.00   1063.00    8.3750
     72.00    256.00   11.3750
     73.00    559.00    9.1250
     77.00   1054.00   11.6250
     86.00   1241.00    8.7500
     86.00   2058.00    6.8750
     88.00   1459.00    6.7500
     92.00    585.00    9.3750
     95.00   2586.00    7.6250
    110.00   1384.00    6.7500
    118.00   2179.00    7.8750
    121.00    407.00    8.0000
    124.00   1085.00    8.7500
    127.00   1476.00    7.0000
    138.00    436.00    8.6250
    140.00   2447.00    8.1250
    139.00    520.00    8.7500
    143.00   2486.00    7.2500
    146.00   1815.00    7.2500
    149.00   1338.00    8.1250
    153.00    265.00    8.5000
    154.00    382.00    9.2500
    155.00   1728.00    6.3750
    156.00   1200.00    7.1250
    163.00   1433.00    8.2500
    168.00    717.00    8.7500
    186.00   1445.00    6.3750
    190.00    738.00    7.8750
    200.00   1675.00    6.8750
    209.00    124.00    9.0000
    209.00   1012.00    9.1250
    209.00   1977.00    8.7500
    216.00    360.00    8.5000
    214.00   1647.00    6.3750
    215.00   1814.00    9.6250
    220.00   2173.00    9.1250
    226.00    710.00    8.8750
    227.00   1204.00    8.5000
    236.00   1545.00    7.3750
    237.00    515.00    7.1250
    244.00   2487.00    8.3750
    246.00     17.00    7.8750
    248.00    419.00    9.1250
    256.00   2414.00    8.0000
    262.00   2182.00    7.1250
    263.00   1414.00    8.7500
    273.00     74.00    7.6250
    276.00    583.00    7.0000
    277.00    367.00    7.0000
    283.00   1778.00   10.7500
    286.00   1598.00    8.2500
    297.00   1716.00    9.2500
    316.00    212.00    7.1250
    320.00   2078.00    7.7500
    328.00   1454.00    7.1250
    336.00   2439.00    8.3750
    338.00    332.00    9.6250
    348.00    808.00    8.2500
    349.00   1142.00   11.2500
    352.00    596.00    7.7500
    355.00   2034.00    6.8750
    354.00   2277.00    8.5000
    373.00    745.00   10.1250
    377.00    997.00    7.5000
    380.00   1692.00    8.7500
    382.00   1646.00    7.5000
    385.00    202.00    8.0000
    385.00    959.00    8.2500
    385.00   1842.00    7.5000
    392.00    919.00    8.0000
    396.00   1447.00    9.5000
    407.00    980.00    9.2500
    411.00    491.00    9.0000
    421.00   1009.00    9.2500
    423.00   1214.00    7.6250
    424.00     57.00    7.2500
    433.00   2488.00    6.0000
    440.00   2251.00    9.3855
    441.00   2441.00    6.3750
    452.00   1101.00    7.5000
    452.00   2400.00    7.3750
    462.00   1562.00    8.2500
    466.00   1412.00    9.2500
    473.00   1264.00    9.3750
    481.00   1334.00    7.3750
    494.00   2551.00    6.0000
    497.00   1278.00    7.3750
    499.00    964.00    6.3750
    501.00   1964.00    7.3750
    511.00   1488.00    7.6250
    514.00    724.00   10.8750
    518.00   1136.00    7.6250
    527.00    586.00    9.6250
    529.00    305.00    8.3750
    534.00   1076.00    7.2500
    546.00    775.00   10.5000
    551.00   1792.00   10.1250
    553.00   2020.00    8.6250
    560.00   2062.00    8.5000
    561.00   1351.00    7.6250
    570.00    241.00    9.3750
    577.00   1265.00    7.1250
    585.00   2044.00    8.7500
    594.00   2554.00    8.2500
    597.00   2081.00   11.8750
    603.00   2250.00    7.2500
    605.00     80.00    9.8750
    605.00    163.00    7.3750
    607.00   1427.00   12.1250
    610.00   1081.00    7.8750
    610.00    464.00    9.7500
    612.00   1536.00   10.3750
    621.00   1568.00    7.8750
    624.00   2186.00    7.7500
    624.00    654.00    7.6250
    633.00    362.00    8.7500
    633.00   2089.00    7.2500
    640.00    770.00    7.5000
    641.00    182.00    7.1250
    643.00   1435.00    6.8750
    649.00    718.00    8.8750
    654.00    277.00    8.1250
    663.00   1653.00    8.1250
    663.00   2225.00    7.5000
    665.00   2002.00    7.2500
    671.00   1586.00    7.8750
    692.00    505.00    8.3750
    694.00   1183.00   10.7500
    698.00   2524.00    7.0000
    701.00   1821.00    8.3750
    708.00   2580.00    6.3750
    712.00   2388.00    7.1250
    717.00   1433.00    7.1250
    718.00     34.00    7.1250
    725.00   1390.00    8.0000
    726.00   1758.00    9.1250
    735.00   2342.00    9.7500
    741.00   1789.00    9.6250
    743.00   2219.00    7.3750
    741.00    460.00    9.1250
    745.00    175.00    9.1250
    747.00    213.00    9.1250
    751.00     34.00    8.0000
    760.00   1846.00    7.5000
    760.00   2052.00   11.3750
    764.00    385.00    7.6250
    778.00   2109.00    7.1250
    779.00   2002.00    7.0000
    788.00   1884.00    7.3750
    797.00   2464.00    6.3750
    801.00    336.00    8.0000
    801.00   2137.00   11.2500
    802.00   1831.00    7.1250
    801.00   1563.00    5.8750
    806.00   1950.00    7.0000
    808.00   1028.00    9.1250
    810.00   1155.00    7.6250
    812.00   2255.00    8.6250
    822.00   1555.00    6.1250
    828.00    791.00    8.2500
    831.00   2523.00    7.0000
    836.00   1370.00    8.8750
    834.00   2102.00    7.3750
    849.00    707.00    9.0000
    855.00   1616.00    8.1250
    864.00   1831.00    6.7500
    874.00    950.00    7.0000
    874.00   2101.00    9.7500
    879.00   1724.00    8.8750
    882.00   2519.00    7.0000
    881.00   1130.00    9.2500
    888.00   1617.00    8.3750
    887.00    252.00    7.3750
    891.00   1311.00    9.0000
    895.00    868.00    7.8750
    900.00    213.00    6.8750
    899.00   2212.00    8.1975
    910.00    963.00    8.0000
    911.00    114.00    9.8750
    924.00   2337.00    7.7500
    929.00   1017.00    7.1250
    935.00   1716.00   10.7500
    942.00   2080.00    8.1975
    944.00    228.00    7.3750
    959.00   2438.00    9.6250
    960.00    595.00    7.3750
    962.00    979.00    8.5000
    962.00    250.00    7.6250
    964.00   1075.00    8.0000
    977.00   2489.00    7.1250
    980.00   1290.00    8.5000
   1009.00    942.00   10.7500
   1006.00   1964.00    7.6250
   1008.00    173.00    8.6250
   1012.00     56.00   10.1250
   1013.00   2192.00    9.1250
   1032.00   2570.00    8.1250
   1032.00   1340.00    6.3750
   1038.00    528.00    7.5000
   1040.00   1780.00    7.6250
   1042.00    303.00   10.0000
   1045.00   2064.00    9.2500
   1045.00   1116.00    8.5000
   1049.00   1319.00    8.3750
   1049.00    637.00    7.0000
   1054.00   2392.00    7.8750
   1054.00    907.00    7.5000
   1058.00    553.00    7.5000
   1071.00   1336.00    6.8750
   1074.00   2470.00    7.8750
   1079.00   2501.00    7.5000
   1081.00    277.00    9.0000
   1082.00   1296.00    2.7500
   1087.00   2421.00    8.6250
   1100.00   1294.00   10.0000
   1098.00   1657.00    5.8750
   1105.00    186.00    8.0000
   1103.00   2044.00    7.0000
   1110.00    535.00    7.7500
   1112.00    338.00    7.7500
   1115.00   1776.00    9.1250
   1119.00    999.00    8.7500
   1126.00   2167.00    6.7500
   1139.00    254.00    9.2500
   1148.00    329.00    9.3750
   1155.00    184.00    7.1250
   1160.00    530.00    8.3750
   1170.00   1498.00   10.7500
   1165.00   2320.00    7.6250
   1167.00    824.00    7.0000
   1174.00    774.00    6.8750
   1178.00   1732.00    9.7500
   1182.00    451.00    8.0000
   1183.00   2558.00    6.6250
   1184.00   2018.00    9.2500
   1196.00   1021.00    8.3750
   1196.00   2434.00    7.3750
   1199.00   2293.00    8.3750
   1204.00   2061.00    9.2500
   1210.00   1675.00    9.7500
   1212.00   1547.00    7.8750
   1224.00    278.00    7.3750
   1229.00    374.00    7.2500
   1229.00    815.00    7.2500
   1235.00    140.00    9.8750
   1238.00    972.00    7.5000
   1243.00   2360.00    7.7500
   1249.00   1889.00    9.6250
   1249.00   2161.00    9.5000
   1251.00   1295.00    7.6250
   1253.00    542.00    6.5000
   1257.00    194.00    8.7500
   1264.00   1109.00    9.1250
   1268.00   2503.00    7.8750
   1272.00    281.00    7.3750
   1288.00    841.00    9.6250
   1290.00   2374.00    7.6250
   1295.00   1273.00    7.3750
   1302.00   2067.00    8.0000
   1303.00    765.00    7.0000
   1308.00   1061.00    7.2500
   1318.00    356.00    7.7500
   1319.00   1127.00    8.5000
   1322.00   1940.00    7.5000
   1321.00   2048.00    8.2500
   1323.00    873.00    7.2500
   1326.00     57.00    7.3750
   1343.00   1210.00    9.1250
   1354.00   1986.00    9.0000
   1360.00     78.00    8.2500
   1373.00   2392.00    6.8750
   1375.00   1239.00    8.6250
   1379.00   1725.00    7.7500
   1383.00   1326.00    6.2500
   1384.00   1801.00    7.1585
   1385.00   2583.00    8.2500
   1388.00   1694.00    8.6250
   1393.00   2172.00    8.1250
   1398.00   1294.00    6.8750
   1421.00    853.00    8.1250
   1423.00    787.00    7.3750
   1427.00    132.00    6.8750
   1438.00   2266.00    8.5000
   1440.00   1200.00    8.1250
   1449.00   1132.00    7.5000
   1461.00   1683.00    8.6250
   1464.00    134.00    9.1250
   1476.00    518.00    8.7500
   1475.00    618.00    7.1250
   1478.00   2035.00    8.3750
   1479.00   1453.00    8.1250
   1481.00    906.00    6.5000
   1483.00   2327.00    7.7500
   1488.00    802.00    7.2500
   1488.00   2552.00    7.7500
   1491.00   1742.00    8.5000
   1503.00    378.00    9.0000
   1504.00   1926.00    7.0000
   1503.00   2588.00    7.8750
   1506.00   1155.00    7.6250
   1517.00    221.00   10.3750
   1521.00   1280.00    8.6250
   1532.00   2184.00    7.8750
   1543.00   1744.00    8.3750
   1546.00   1409.00    7.5000
   1550.00    798.00    9.0000
   1553.00   1468.00    7.0000
   1557.00   2053.00    6.0000
   1571.00   1613.00    7.7500
   1571.00   2026.00    6.8750
   1573.00    335.00   11.6250
   1572.00    709.00    7.1250
   1573.00   1672.00    7.3750
   1593.00   1783.00    7.2500
   1592.00   1011.00    9.0000
   1601.00    363.00   10.0000
   1605.00    901.00    8.6250
   1605.00    720.00    9.5000
   1614.00   1573.00    7.0000
   1615.00    413.00    9.2500
   1616.00   1248.00    8.8750
   1630.00   1377.00    9.3750
   1631.00   1019.00    6.3750
   1641.00   2138.00    8.0000
   1647.00   1456.00    8.1250
   1649.00    608.00    8.0000
   1656.00   2038.00    8.2500
   1658.00   1714.00    8.5000
   1664.00   2276.00    9.3750
   1665.00   2426.00    7.5000
   1667.00     37.00    7.3750
   1670.00    634.00    9.0000
   1675.00   1143.00    8.3750
   1676.00   2304.00    6.7500
   1686.00   1179.00    8.5000
   1687.00   2161.00    7.6250
   1699.00    158.00    7.8750
   1698.00    836.00    7.2500
   1703.00   1105.00    7.5000
   1704.00   2226.00    8.0000
   1738.00   1827.00    9.2500
   1748.00     48.00    7.7500
   1757.00   2517.00    9.1250
   1760.00   2445.00    7.7500
   1759.00   1457.00    9.0000
   1760.00   1379.00    8.7500
   1767.00    153.00    9.7500
   1770.00   2312.00    7.3750
   1775.00   2556.00    7.5000
   1780.00    942.00    6.7500
   1796.00   1860.00    9.1250
   1808.00    383.00   10.1250
   1834.00     83.00    9.1250
   1830.00   1780.00    8.0000
   1843.00   1317.00    8.6250
   1853.00   1101.00   10.2500
   1853.00   1461.00    7.2500
   1855.00   1714.00    7.5000
   1871.00   1051.00    8.5000
   1875.00   2524.00    7.2500
   1878.00   1984.00    7.2500
   1883.00    195.00    7.8750
   1885.00   1489.00    8.5000
   1889.00   2229.00    6.7500
   1893.00   1943.00   11.3750
   1900.00   1789.00    7.7500
   1907.00   2206.00    7.1250
   1910.00    121.00    9.5000
   1921.00   1344.00    8.1250
   1922.00   1278.00    8.7500
   1927.00   2331.00    8.8750
   1943.00    150.00   12.2500
   1943.00    331.00    5.3750
   1943.00   1223.00    8.5000
   1943.00   2245.00   10.8750
   1943.00    288.00    8.5000
    522.00    406.00   11.5000
    574.00   1127.00   13.5000
   1206.00   2226.00   11.5225
     57.00     50.00   11.9865
     40.00    149.00    8.9845
     67.00    139.00   10.2440
    156.00    136.00   10.8560
    215.00    179.00   11.3645
    262.00    275.00   11.5000
    322.00      2.00    8.5235
    497.00     27.00    9.1625
    108.00    720.00    8.5235
    119.00    792.00   10.8560
    166.00    860.00    9.6765
    134.00   1033.00    6.3925
    145.00   1016.00    7.5000
    101.00    656.00    9.9235
    186.00   1072.00    9.6765
      1.00   1383.00    7.5085
     26.00   1392.00    8.1040
    171.00   1531.00    9.0000
     38.00   1584.00    8.9230
    124.00   1612.00    7.5000
    100.00   1601.00    9.7180
    187.00   1706.00    7.6830
    149.00   1767.00    9.5295
     31.00   1696.00   12.7060
      5.00   1999.00   11.7140
     24.00   2179.00   12.0540
    107.00   2217.00    8.9845
    202.00   2255.00   10.9300
     30.00   2338.00    8.1040
     37.00   2370.00    9.1800
     62.00   2347.00    9.5000
     79.00   2373.00    9.4300
     88.00   2423.00    9.4300
     51.00   2495.00    8.0000
     40.00   2527.00    7.5085
     22.00   2503.00    9.3055
    172.00   2564.00    8.4205
    210.00   2591.00    8.2460
    280.00   2535.00   10.1710
    337.00   2243.00    9.1625
    324.00   2211.00   10.3075
    227.00   1848.00   10.6540
    593.00   2476.00    9.8110
    801.00   2512.00    8.6290
    884.00   2354.00   10.3075
    808.00   2285.00    9.0405
    711.00   2310.00    9.3855
    553.00   2194.00   10.7815
   1058.00   2317.00    7.2575
   1046.00   2296.00    7.8580
   1037.00   2005.00    9.8110
    910.00   2047.00    9.3855
    966.00   1939.00   10.5255
   1056.00   1793.00    8.0000
    886.00   1870.00   10.8650
    909.00   1799.00   10.1300
    873.00   1662.00   11.0000
    766.00   1799.00    9.0405
    927.00   1630.00    8.5235
    894.00   1561.00    9.3855
    932.00   1576.00    8.5235
    961.00   1572.00    8.1975
    936.00   1538.00    5.9540
    928.00   1516.00    7.6615
   1151.00   2344.00    9.0000
   1212.00   2108.00   10.0000
   1285.00   2572.00   11.4750
    497.00   2066.00    9.0000
    488.00   2039.00    9.5295
    391.00   1935.00   10.1300
    483.00   1849.00   10.6540
    351.00   1738.00   10.2635
    440.00   1753.00   10.6540
    469.00   1650.00    8.0860
    492.00   1643.00    9.0000
    533.00   1540.00    5.3905
    537.00   1524.00    6.8610
    523.00   1903.00   12.7695
    529.00   1344.00   10.4775
    641.00   1357.00   11.3645
    794.00   1373.00    8.8940
    587.00   1197.00   12.0540
    430.00    855.00    9.9235
    827.00   1208.00    9.6765
    726.00   1275.00    6.5000
    736.00   1258.00    8.0000
    531.00    806.00   10.4775
    425.00    694.00   10.2440
    298.00    532.00    7.0350
    318.00    521.00    7.3970
    316.00    448.00    7.0350
    339.00    455.00    7.1470
    462.00    587.00    6.4805
    457.00    566.00    7.2730
    435.00    375.00    5.7375
    435.00    356.00    8.0000
    529.00    505.00    9.5295
    570.00    616.00   11.5055
    680.00    233.00    9.6765
    673.00    125.00    9.9235
    664.00     36.00   11.5000
    943.00     61.00    9.6765
    973.00      2.00   10.2440
    608.00    864.00    8.9845
    583.00    847.00   10.0000
    694.00    870.00   13.7435
    817.00    536.00   12.5140
    850.00    486.00   11.7140
    950.00    643.00    7.4085
    878.00    387.00    7.0000
    899.00    381.00    7.5470
   1093.00     19.00   10.7815
   1155.00    364.00    8.1040
   1178.00    495.00    7.6615
   1231.00    179.00    7.1920
   1216.00    166.00    7.1920
   1395.00      9.00    8.5000
   1418.00    303.00    5.1140
   1436.00    301.00    6.5000
   1498.00    308.00    8.9230
   1495.00    483.00    8.0000
   1468.00    457.00    8.5000
   1413.00    526.00    6.8185
   1386.00    522.00    9.5000
   1416.00    494.00    8.1040
   1393.00    480.00    8.5235
   1346.00    644.00    9.5000
   1077.00    763.00    9.2500
   1109.00    762.00    6.8720
   1102.00    742.00    9.5000
   1140.00    958.00    9.9490
   1067.00   1016.00    8.1420
   1215.00    911.00    8.5235
   1052.00   1010.00    9.9235
   1084.00    701.00   10.5000
   1164.00    724.00    9.5000
    856.00   1073.00   12.7850
    877.00   1014.00   11.1130
   1027.00   1516.00   10.9300
   1183.00   1391.00   11.9865
   1279.00   1517.00   10.1645
   1613.00    966.00    9.3855
   1456.00    669.00   10.8650
   1618.00    459.00    9.8110
   1778.00    215.00    7.6830
   1733.00     25.00    8.9900
   1662.00      0.00    8.0000
   1833.00      7.00    9.0000
   1778.00    244.00   11.7870
   1858.00    337.00    7.4425
   1875.00    330.00    8.1975
   1904.00    322.00    8.9900
   1885.00    515.00    7.2575
   1910.00    499.00    8.1420
   1910.00    612.00   10.5000
   1884.00    695.00    6.3420
   1876.00    676.00    7.0000
   1853.00    642.00    7.0360
   1834.00    632.00    8.2130
   1693.00    513.00    8.7950
   1651.00    474.00    5.9910
   1650.00    452.00    7.1235
   1618.00    328.00    6.3420
   1609.00    313.00    7.5000
   1749.00    569.00    9.5450
   1762.00   1105.00    8.7950
   1728.00   1054.00    6.9530
   1707.00   1033.00    8.5000
   1882.00   1369.00    7.0905
   1857.00   1367.00    9.0655
   1817.00   1444.00    7.4885
   1800.00   1422.00    6.5960
   1632.00   1196.00    8.0000
   1603.00   1198.00   10.0000
   1642.00   1414.00    8.5000
   1463.00   1288.00    9.7345
   1497.00   1215.00   10.5905
   1919.00   1745.00    7.6800
   1839.00   1666.00    8.9040
   1784.00   1632.00   10.5000
   1723.00   1664.00    8.4015
   1689.00   1701.00    9.0000
   1532.00   1662.00    8.4585
   1524.00   1630.00    9.8330
   1483.00   1544.00    7.1585
   1471.00   1528.00    8.4585
   1352.00   1623.00   14.4815
   1570.00   1831.00   11.2785
   1710.00   1343.00   11.2020
   1826.00   1859.00    9.9850
   1840.00   2247.00   10.4885
   1944.00   2371.00    6.2960
   1924.00   2370.00    8.0000
   1746.00   2047.00    8.8500
   1648.00   1994.00    9.3285
   1613.00   2551.00    9.2765
   1471.00   2421.00    8.7950
   1467.00   2390.00   10.0000
   1367.00   2551.00    9.0655
   1290.00   2287.00    9.7345
   1263.00   2275.00    8.9040
   1390.00   1871.00    7.6450
   1351.00   1793.00   12.0875
   1221.00   1762.00    6.4870
   1203.00   1751.00    8.0000
   1202.00   1865.00    9.9850
   1232.00   1813.00   10.2400
   1286.00   1821.00   13.9060
    118.00    979.00   13.1925
    126.00    323.00   14.9775
    960.00    456.00   13.1925
   1149.00   2104.00   13.1925
   1027.00   1853.00   16.8030
   1322.00   2171.00   12.5925
    732.00   1672.00   14.1815
