#        y         x         r
      2.00    654.00    9.0000
      3.00   1463.00    7.1250
      1.00   1527.00    4.6250
      6.00    124.00    8.7500
      7.00   1143.00    8.7500
      7.00    486.00    9.8750
     29.00   2027.00   10.1250
     30.00   1351.00    9.1250
     39.00    243.00    8.2500
     39.00   2474.00    7.7500
     55.00   2564.00    7.2500
     57.00    998.00    7.3750
     58.00    591.00    8.6250
     62.00   1720.00    9.3750
     63.00    478.00    9.2500
     69.00    674.00    9.6250
     81.00   1967.00    8.6250
     92.00   2345.00    8.1250
     99.00   1692.00    9.1250
    103.00    325.00   11.3750
    104.00    816.00   11.2500
    106.00   2553.00    6.3750
    110.00   1252.00    7.5000
    109.00   2426.00    6.7500
    113.00   1091.00    7.2500
    121.00    500.00    7.5000
    122.00   1551.00   10.2500
    137.00    587.00   10.7500
    140.00    992.00   10.8750
    149.00   2551.00    8.2500
    156.00    759.00    8.0000
    158.00    327.00   10.3750
    164.00   2444.00    8.3750
    171.00   2092.00   10.0000
    170.00   2271.00    8.8750
    174.00    778.00    6.6250
    179.00   2183.00    7.2500
    178.00   2553.00    6.3750
    183.00    208.00    7.8750
    184.00    456.00    7.0000
    188.00    666.00   10.2500
    194.00   1342.00    6.2500
    200.00    106.00    8.2500
    206.00    238.00   11.7500
    206.00   1243.00    7.5000
    208.00    501.00   11.5000
    213.00    372.00   11.5000
    220.00    578.00    9.0000
    233.00    532.00    8.8750
    234.00   2316.00    7.5000
    235.00    800.00    7.6250
    237.00   2236.00    8.0000
    246.00    109.00    8.3750
    249.00    872.00    7.3750
    255.00   1025.00    8.1250
    255.00   1613.00    9.0000
    259.00   1390.00    7.3750
    268.00   1470.00    8.5000
    267.00   2584.00    8.0000
    271.00    472.00    7.0000
    271.00    167.00   10.5000
    272.00    325.00    9.3750
    273.00   2261.00    9.2500
    285.00   1862.00    9.6250
    287.00     34.00    7.5000
    293.00    601.00    9.7500
    294.00   1343.00    7.6250
    297.00    794.00    7.7500
    295.00   1928.00    9.0000
    316.00   2036.00    7.1250
    323.00   2210.00    8.2500
    329.00   1992.00    6.7500
    335.00    303.00    8.2500
    337.00    339.00    7.0000
    345.00   1041.00    7.3750
    345.00    565.00    8.7500
    347.00   2459.00    7.3750
    363.00    760.00    9.7500
    365.00   1010.00    9.7500
    385.00   1075.00    9.1250
    384.00   2165.00   10.8750
    387.00    535.00    8.5000
    390.00    885.00    7.3750
    391.00   1951.00    8.3750
    404.00   2368.00    8.8750
    407.00   2222.00    7.6250
    413.00     24.00    7.7500
    411.00    821.00    8.2500
    418.00   1256.00   12.2500
    416.00   1826.00    8.8750
    430.00    236.00    9.1250
    432.00     72.00    7.3750
    432.00    131.00    8.0000
    437.00   1040.00    6.7500
    453.00   1476.00    7.5000
    457.00    123.00    7.8750
    460.00   1631.00    7.1250
    467.00    609.00    9.1250
    466.00   1307.00    9.6250
    473.00    645.00    5.7500
    473.00    733.00    7.7500
    482.00    214.00    8.2500
    482.00    539.00   10.0000
    483.00    317.00    9.6250
    487.00    349.00    8.0000
    487.00   1329.00    7.3750
    496.00    957.00    8.5000
    497.00   1058.00   10.1250
    505.00   1101.00    9.2500
    510.00     17.00    7.3750
    515.00   2485.00    7.8750
    517.00    360.00    7.1250
    520.00    942.00    9.5000
    530.00    381.00    7.2500
    532.00   1944.00    7.0000
    534.00    418.00    7.8750
    536.00    221.00    8.5000
    546.00    625.00    8.7500
    549.00   1066.00    6.5000
    555.00   1878.00    7.0000
    555.00   2007.00    9.3750
    561.00   2519.00    8.1250
    569.00    559.00    8.5000
    572.00   2074.00    7.5000
    586.00    223.00    9.5000
    587.00   1011.00    9.3750
    604.00    289.00    7.5000
    603.00   2068.00    8.5000
    603.00    767.00    8.0000
    603.00   1457.00    7.1250
    604.00   1603.00    9.8750
    606.00    947.00    6.8750
    608.00    913.00    8.0000
    611.00   1811.00   10.1250
    620.00    676.00    6.7500
    623.00   1309.00    7.2500
    629.00    265.00    9.5000
    633.00   2113.00    8.7500
    640.00   2025.00    8.3750
    659.00   1211.00   10.3750
    661.00   1771.00    7.1250
    660.00    487.00    7.3750
    662.00   1519.00    6.8750
    664.00    873.00    8.7500
    673.00    322.00    9.2500
    678.00   1006.00   10.0000
    694.00    421.00    7.1250
    696.00    341.00    9.5000
    709.00   2478.00    9.2500
    712.00    574.00    8.0000
    716.00    122.00   11.1250
    713.00   2004.00    6.7500
    716.00    609.00    8.0000
    716.00    974.00    9.0000
    717.00    877.00    6.1250
    719.00    723.00    7.6250
    721.00    852.00    9.0000
    728.00   1964.00    8.0000
    731.00   1843.00    9.6250
    734.00   2037.00    9.8750
    741.00   1558.00    8.6250
    750.00     63.00    8.7500
    755.00   1181.00   10.1250
    759.00   1700.00    6.7500
    764.00   1211.00    7.0000
    764.00   1940.00    8.7500
    767.00    680.00    9.3750
    774.00   2423.00    8.0000
    776.00    301.00    8.0000
    780.00   2319.00   10.7500
    779.00    426.00    8.8750
    786.00    733.00    7.6250
    798.00    689.00    8.0000
    803.00   1707.00    5.8750
    810.00    983.00    8.5000
    815.00    364.00    8.3750
    814.00    487.00    8.6250
    823.00   1886.00    7.7500
    825.00   1141.00    8.5000
    824.00   1462.00    9.0000
    835.00    128.00    7.7500
    837.00   2029.00   11.6250
    838.00   1623.00    7.8750
    852.00    809.00    9.8750
    855.00    182.00    7.3750
    858.00   1760.00    7.6250
    859.00    483.00    9.8750
    864.00   1595.00    6.5000
    866.00    111.00    9.8750
    869.00    992.00    7.6250
    875.00   1356.00    8.6250
    876.00   1691.00    7.3750
    882.00    818.00    8.5000
    888.00    707.00    9.7500
    897.00   1759.00   10.1250
    899.00   1993.00    7.8750
    903.00    422.00    7.8750
    905.00   2548.00    7.1250
    906.00    833.00    7.8750
    920.00   1111.00    8.8750
    923.00    935.00    7.0000
    923.00    552.00    7.3750
    930.00    803.00    6.5000
    932.00    169.00    8.5000
    934.00    266.00    7.5000
    934.00    320.00    8.2500
    937.00    484.00    7.5000
    939.00    771.00    9.7500
    951.00   1026.00    6.7500
    955.00   1694.00    8.2500
    963.00    405.00    7.0000
    974.00   1761.00    7.8750
    990.00    586.00    8.0000
   1006.00   2405.00    7.1250
   1014.00   1528.00    7.3750
   1013.00   1672.00    8.8750
   1015.00    927.00    7.1250
   1018.00    773.00   10.1250
   1017.00   2143.00    8.0000
   1025.00   1729.00    7.8750
   1040.00    658.00   10.0000
   1043.00   2405.00    7.8750
   1049.00   1151.00    8.8750
   1049.00    891.00    9.0000
   1063.00   1990.00   10.8750
   1069.00     32.00   10.3750
   1077.00    524.00   10.0000
   1089.00    592.00    8.7500
   1088.00    637.00    9.0000
   1091.00   1588.00    7.3750
   1106.00   2327.00    6.7500
   1118.00   1524.00    8.3750
   1119.00    175.00   10.6250
   1121.00   1042.00    6.5000
   1137.00   1185.00    7.3750
   1145.00    807.00    6.7500
   1151.00   1474.00    9.6250
   1156.00   1214.00    9.3750
   1160.00   1055.00    7.2500
   1174.00    434.00    9.8750
   1176.00    857.00    9.5000
   1177.00   2222.00    7.6250
   1181.00   2503.00    8.3750
   1190.00     34.00    7.8750
   1189.00   1348.00    7.2500
   1191.00   1966.00    8.7500
   1193.00    572.00    8.0000
   1195.00   1870.00    8.1250
   1197.00   1440.00    8.5000
   1212.00   2015.00    9.1250
   1214.00   2232.00    7.6250
   1215.00    953.00    8.6250
   1217.00   1630.00    7.6250
   1241.00    715.00    7.8750
   1241.00   2436.00    9.3750
   1244.00    359.00    7.7500
   1250.00   1532.00    9.3750
   1248.00   2364.00    7.4630
   1260.00    449.00    7.7500
   1275.00    732.00    9.0000
   1275.00   2376.00    8.0000
   1281.00   2327.00    6.2500
   1281.00    142.00    7.6250
   1283.00    395.00    8.3750
   1289.00    547.00    8.1250
   1310.00   1009.00    7.3750
   1310.00   2001.00    9.1250
   1315.00   2318.00    6.7500
   1320.00   1954.00   10.5000
   1329.00   2578.00    8.1250
   1329.00    455.00    9.1250
   1329.00   1102.00    9.6250
   1330.00    492.00    7.6250
   1334.00   1642.00    8.1250
   1347.00   1191.00    7.5000
   1351.00   2008.00    8.2500
   1359.00   2464.00    8.7500
   1376.00   2359.00    7.1250
   1392.00    778.00    7.5000
   1398.00   2529.00    8.6250
   1398.00   1264.00    8.3750
   1398.00   2385.00    7.3750
   1399.00   1414.00    8.7500
   1401.00   1334.00    5.7500
   1404.00   1099.00   11.0000
   1410.00    499.00    8.3750
   1414.00   1301.00    7.2500
   1413.00    895.00    9.8750
   1417.00   1650.00    7.3750
   1418.00   2247.00   10.3750
   1424.00   2492.00    8.7500
   1427.00   2011.00    8.8750
   1429.00    996.00    9.3750
   1433.00    303.00    7.3750
   1440.00   2132.00    9.2500
   1444.00    424.00    7.3750
   1456.00   2019.00    6.6250
   1462.00    850.00    6.8750
   1464.00    892.00    7.3750
   1477.00   1076.00    8.6250
   1481.00   1242.00    8.2500
   1481.00   2181.00    8.6250
   1492.00     47.00    7.3750
   1496.00   1377.00    6.0000
   1496.00   1602.00    8.7500
   1498.00   2113.00    8.8750
   1508.00    199.00   11.1250
   1515.00   1344.00    8.7500
   1515.00   1756.00    7.0000
   1519.00    235.00    8.6250
   1536.00   2481.00    7.6250
   1540.00    885.00    8.5000
   1542.00   2297.00    7.1250
   1542.00   1725.00    8.5000
   1544.00   1610.00    7.8750
   1547.00   2210.00    8.7500
   1557.00    151.00    9.5000
   1560.00    339.00    7.3750
   1571.00    500.00    7.1250
   1570.00   1781.00    8.2500
   1573.00    623.00    6.2500
   1575.00   1578.00    6.2500
   1579.00   2191.00    8.2500
   1581.00   1616.00    7.1250
   1582.00    358.00    7.7500
   1584.00   1380.00    9.2500
   1601.00   1129.00    8.7500
   1601.00   1696.00    7.7500
   1607.00   1357.00    7.6250
   1604.00    797.00    6.0000
   1611.00   1187.00    9.0000
   1616.00    667.00    9.7500
   1625.00    930.00    9.7500
   1628.00   1702.00    7.3750
   1631.00   1875.00    7.6250
   1637.00    862.00    8.5000
   1640.00   1480.00    8.3750
   1644.00    766.00    7.2500
   1645.00   1100.00    7.7500
   1656.00    215.00   10.2500
   1665.00   2476.00    8.3750
   1664.00    414.00    8.0000
   1688.00    329.00    9.5000
   1687.00   1603.00    9.7500
   1689.00    478.00    8.5000
   1699.00   1647.00    7.7500
   1707.00    309.00    7.8750
   1713.00    226.00    8.1250
   1722.00   1964.00    7.6250
   1727.00   1367.00    8.8750
   1730.00   1076.00    8.2500
   1744.00    328.00    9.1250
   1749.00   2391.00    8.6250
   1751.00    570.00    8.5000
   1751.00     25.00    8.6250
   1776.00    767.00    9.2500
   1776.00   1171.00    9.1250
   1794.00    939.00    9.5000
   1800.00   2398.00    8.0000
   1802.00    740.00    9.6250
   1811.00   2096.00    9.5000
   1812.00    995.00    9.7500
   1821.00   1342.00    8.6250
   1827.00   2491.00    7.6250
   1858.00   2299.00    8.7500
   1866.00   2343.00    7.5000
   1880.00   1835.00    7.8750
   1885.00   1371.00    6.3750
   1892.00    191.00   10.6250
   1893.00   2243.00    6.3750
   1898.00   2364.00    9.0000
   1901.00   1491.00    7.7500
   1902.00   2182.00    6.1250
   1903.00   2293.00    8.5000
   1916.00    678.00    6.3750
   1919.00   1678.00    6.0000
   1924.00    473.00    7.3750
   1924.00   1733.00    6.7500
   1926.00   2438.00    6.3750
   1932.00    396.00    8.1250
   1937.00   1874.00    8.0000
   1938.00    217.00   11.7500
   1939.00   1256.00    8.0000
   1939.00   2099.00    6.0000
   1943.00   1076.00    5.8750
   1943.00   1740.00    5.7500
    276.00   1112.00    9.6425
   1097.00    244.00   13.0000
    737.00    497.00    9.5000
   1794.00   2591.00    6.3925
   1807.00   2554.00    8.6290
   1856.00   2495.00    8.1420
   1573.00   2546.00    8.5235
   1628.00   2466.00    7.6235
   1596.00   2457.00    6.7385
   1576.00   2445.00    8.5000
   1612.00   2428.00    7.4425
   1643.00   2422.00    7.5000
   1628.00   2392.00    7.4425
   1647.00   2386.00    7.6830
   1674.00   2356.00    7.0905
   1699.00   2358.00    9.5000
   1640.00   2348.00   10.1240
   1619.00   2295.00    7.6800
   1750.00   2181.00   10.0280
   1880.00   2091.00   10.1240
   1827.00   2036.00    9.8330
   1591.00   2283.00    9.8330
   1654.00   2177.00    8.3435
   1687.00   2108.00    9.0655
   1583.00   2128.00    8.3435
   1577.00   2092.00    7.1585
   1595.00   2081.00    7.1585
   1731.00   2022.00    8.4015
   1723.00   1996.00    7.1585
   1703.00   2002.00    9.2765
   1853.00   1961.00    6.9530
   1866.00   1949.00    7.4885
   1868.00   1912.00    6.6750
   1884.00   1907.00    8.0990
   1883.00   1880.00    8.2130
   1702.00   1838.00   13.3705
   1883.00   1595.00   10.5700
   1802.00   1429.00   11.2785
   1660.00   1487.00   12.0875
   1729.00   1238.00   10.2400
   1626.00   1289.00   10.5700
   1655.00   1149.00   11.2020
   1906.00    843.00   10.2400
   1805.00    848.00   10.5700
   1647.00    711.00   11.2020
   1505.00    818.00    8.3435
   1510.00    793.00    8.0000
   1563.00    789.00    9.2705
   1862.00    497.00    9.5450
   1629.00      2.00    9.5450
   1894.00     23.00    8.7950
   1695.00    198.00    5.5000
   1707.00    186.00    5.9205
   1701.00    136.00    6.5000
   1719.00    126.00    6.5000
   1701.00    105.00    6.3915
   1626.00    152.00    6.0815
   1629.00    135.00    7.7735
   1396.00    307.00    9.7345
   1359.00      0.00    8.4585
   1381.00    639.00   11.8405
   1343.00   1048.00    7.1585
   1365.00   1060.00    9.8330
   1477.00   1522.00    9.0000
   1392.00   1536.00    9.3285
   1343.00   1408.00    8.4585
   1312.00   1394.00   10.2660
   1355.00   1780.00    9.5000
   1428.00   1908.00    7.9275
   1402.00   1904.00    8.9040
   1388.00    745.00   10.5700
   1301.00    775.00   12.0875
   1208.00    763.00   11.7265
   1262.00    119.00   11.5000
   1022.00    432.00   10.8115
   1032.00    485.00   11.2020
   1041.00    575.00   11.8725
   1160.00    220.00   12.4380
    989.00     37.00   11.5000
    908.00     13.00    9.2705
    819.00     38.00    9.2705
    991.00    116.00    7.5000
    977.00    100.00    8.5090
    894.00    227.00    7.4630
    908.00    216.00    6.3420
   1342.00   2287.00   10.5700
   1305.00   2202.00    7.0000
   1280.00   2209.00    7.4210
   1295.00   2172.00    7.1235
   1244.00   2343.00    7.1235
   1226.00   2332.00    9.5000
   1129.00   2191.00    8.7950
   1082.00   2227.00    9.6020
   1042.00   2168.00    7.4630
   1081.00   2451.00    7.7475
   1057.00   2459.00    7.8665
   1048.00   2034.00    5.2265
   1043.00   2021.00    7.2590
   1198.00   2344.00   10.0000
    973.00   2317.00    7.0395
    982.00   2299.00    9.0655
    933.00   2272.00    6.8480
    953.00   2259.00    5.5000
    943.00   2244.00    7.3750
    925.00   2233.00    8.5000
    936.00   2050.00    5.6390
    924.00   2059.00    6.9685
    902.00   2023.00    7.3290
    867.00   2121.00    8.7460
    809.00   1986.00    9.8550
    896.00   2497.00    9.2705
    894.00   2437.00   10.4885
    823.00   2364.00   10.5700
    832.00   2533.00    7.4885
    855.00   2527.00    7.0905
    728.00   2533.00   10.0280
    655.00   2364.00   11.2115
    659.00   2228.00    8.0000
    604.00   2303.00    9.5000
    638.00   2263.00    5.6390
    629.00   2250.00    6.5555
    621.00   2188.00    9.2705
    579.00   2214.00   10.8115
    464.00   2563.00   10.5700
    421.00   2574.00    8.7950
    496.00   2095.00    9.5450
    448.00   2110.00    9.3285
    464.00   2093.00    9.5000
    433.00   2057.00    7.6800
    372.00   2205.00    9.0655
    415.00   2014.00    6.5960
    429.00   1990.00    9.5000
    384.00   2037.00   11.5000
     17.00   2310.00    8.7950
     31.00   2143.00   12.0875
    127.00   2098.00   11.8725
    106.00   2057.00    9.5450
     24.00   1883.00   11.7995
     67.00   1907.00   11.2785
    129.00   1891.00    9.5450
    233.00   1898.00   14.5000
     60.00   1750.00    9.2705
    115.00   1631.00   12.3685
    183.00   1508.00   12.3685
    269.00   1705.00    5.6390
    271.00   1687.00    6.7490
    616.00   1897.00   10.2400
    640.00   1720.00   11.2020
    287.00   1640.00   13.4985
    366.00   1642.00   12.3685
    518.00   1682.00   12.9125
    456.00   1694.00   12.3685
    507.00   1931.00   11.2785
    335.00   1571.00   11.8725
    551.00   1550.00   11.7265
    524.00   1424.00   12.9790
    514.00   1371.00    9.1775
    512.00   1312.00   10.2400
    182.00   1392.00   12.0000
    104.00   1215.00   12.0875
    166.00   1157.00    8.7950
    290.00   1168.00   12.3685
    478.00   1228.00    6.0440
    485.00   1210.00    6.4565
   1020.00   1637.00   11.7995
    889.00   1589.00   12.0875
    884.00   1507.00   10.8115
    991.00   1388.00    8.2920
    971.00   1373.00   10.8115
   1070.00   1215.00   12.4380
   1230.00   1455.00   10.8115
   1198.00   1584.00   11.7265
    248.00    841.00    9.5450
    329.00    630.00    9.5450
    108.00    370.00   11.7265
    250.00    220.00    7.0905
    240.00    203.00    7.9275
    216.00    431.00    7.9275
    195.00    411.00    7.0905
    486.00     73.00   10.8610
    565.00    108.00   10.1240
    620.00    328.00    8.0000
    677.00    439.00   11.0000
    356.00    275.00    8.0000
    374.00    256.00    9.5000
    433.00    562.00    8.1085
    452.00    566.00    9.2765
    541.00    830.00   12.0000
    618.00    850.00    9.2765
    857.00    842.00   10.5000
   1481.00    224.00   10.0280
   1077.00    787.00    5.2850
   1094.00    769.00    6.6850
   1064.00    775.00    8.0000
    961.00   1120.00    9.0000
    874.00   1077.00    7.1235
    633.00   1050.00    9.4545
    727.00   1123.00    9.2705
    700.00   1071.00   11.8725
    732.00   1149.00    9.5000
    710.00   1168.00    9.0000
    726.00   1272.00    8.4585
    720.00   1243.00    9.0000
    694.00   1239.00    8.1085
    655.00   1259.00    9.0000
    633.00   1273.00    9.6845
    102.00   1436.00   15.7330
    810.00   1090.00   12.4380
   1011.00   1459.00   14.9775
    988.00    165.00   15.8555
   1164.00    342.00   16.8030
    897.00   2092.00   13.1925
   1227.00   1251.00   19.6660
    684.00   2269.00   12.5925
   1448.00    629.00   16.6875
    987.00   1255.00   16.6875
    315.00   1267.00   16.6875
