#        y         x         r
      1.00    716.00    8.0000
      2.00    739.00    4.5000
      1.00   1008.00   10.8750
      1.00   1756.00   12.0000
      1.00   2538.00    8.2500
      9.00   2370.00    8.5000
     12.00   1632.00    6.6250
     14.00     28.00    5.7500
     20.00    313.00    7.8750
     18.00   1526.00    8.8750
     20.00   1569.00    9.1250
     23.00    468.00    7.2500
     25.00   1963.00   10.7500
     29.00    746.00    9.8750
     30.00    135.00    9.1250
     35.00    888.00    6.1250
     46.00    992.00    7.3750
     47.00    842.00   10.0000
     55.00   1998.00    7.5000
     57.00    659.00    9.6250
     64.00   2226.00    9.0000
     69.00    317.00    8.5000
     73.00     59.00    9.2500
     78.00    469.00    8.1250
     81.00    586.00    8.5000
     81.00   1688.00    5.7500
     84.00   2524.00    8.2500
    100.00    401.00    9.6250
    108.00   2108.00    8.7500
    120.00    596.00    8.0000
    120.00    554.00    8.7500
    123.00   1431.00   10.1250
    132.00    354.00   11.8750
    132.00   1724.00    6.2500
    138.00    470.00    8.8750
    142.00     45.00   11.8750
    141.00   2351.00   12.3750
    145.00   1150.00   13.3960
    152.00    172.00    6.8750
    155.00   1700.00    8.5000
    154.00   1215.00    9.6250
    157.00    118.00    9.2500
    160.00    946.00    6.2500
    163.00   1269.00    7.3750
    164.00   1867.00    9.8750
    169.00    806.00    7.3750
    176.00    280.00    8.0000
    182.00    631.00    8.0000
    184.00   2215.00    7.2500
    188.00   1441.00    7.1250
    188.00   2321.00    8.0000
    189.00   2378.00    7.5000
    189.00    242.00    7.2500
    192.00   1096.00    9.3750
    201.00     84.00    8.1250
    217.00   1445.00    7.0000
    233.00   1688.00    7.1250
    238.00   1509.00   10.3750
    247.00    147.00    7.8750
    249.00   2450.00    6.7500
    251.00    383.00   11.1250
    252.00   1874.00    7.7500
    255.00    660.00    8.2500
    255.00   1413.00    7.8750
    264.00   2050.00    8.7500
    267.00   1094.00    9.2500
    275.00    573.00    6.6250
    275.00    487.00    8.8750
    282.00   1261.00    6.8750
    282.00   2486.00   10.7500
    288.00   1206.00    7.7500
    301.00    456.00    8.5000
    304.00   1929.00    7.1250
    302.00    313.00    9.0000
    304.00   2546.00    8.0000
    314.00   1394.00    6.8750
    315.00   1168.00    7.7500
    354.00    128.00   10.5000
    356.00    708.00    6.3750
    358.00    247.00    9.7500
    368.00   1714.00   10.1250
    378.00   1389.00    9.0000
    378.00   1943.00    8.3750
    380.00   2367.00    7.7500
    384.00   1440.00    7.5000
    383.00    270.00    9.1250
    400.00   2311.00    8.2500
    400.00   1228.00    8.2500
    409.00   1460.00    6.8750
    409.00   2466.00    7.8750
    411.00   1423.00    6.8750
    414.00   1388.00    6.6250
    431.00   1364.00    8.5000
    433.00   1431.00    6.6250
    434.00   2424.00    7.5000
    434.00    853.00    7.6250
    437.00    611.00    9.0000
    444.00    521.00    7.3750
    475.00   1440.00    7.6250
    479.00   2479.00    6.6250
    482.00    683.00    8.1250
    481.00   2162.00   10.3750
    486.00   1692.00    8.0000
    494.00   1537.00    8.3750
    507.00   1957.00    7.7500
    521.00   1730.00    7.6250
    528.00    602.00    6.8750
    527.00   2486.00    9.5000
    528.00   2362.00    7.6250
    528.00   2548.00    7.1250
    530.00    630.00    7.6250
    534.00    565.00    8.0000
    539.00    842.00    7.6250
    539.00   2111.00    9.2500
    550.00    328.00    9.7500
    544.00    469.00    7.3750
    548.00   1045.00    7.6250
    553.00    748.00    7.8750
    557.00   1469.00    7.1250
    563.00    294.00    9.3750
    575.00    719.00    7.2500
    586.00    475.00    7.7500
    587.00   1160.00    7.6250
    590.00    116.00   12.4380
    599.00   1770.00    8.0000
    610.00   1678.00    6.6250
    618.00    794.00    9.2765
    625.00    507.00    9.5000
    625.00   1134.00    8.0000
    627.00   1327.00    8.8750
    627.00    839.00    8.8500
    637.00    234.00    7.1250
    645.00   2510.00   10.2500
    657.00   1088.00    9.1250
    677.00   1541.00    8.6250
    682.00    305.00    9.1250
    681.00   1262.00    7.2500
    687.00    978.00    7.0000
    692.00   1674.00    7.3750
    695.00    509.00   10.3750
    700.00    385.00    8.7500
    701.00   1312.00    7.3750
    712.00   1870.00    8.0000
    711.00   2119.00    6.5000
    717.00   2085.00    8.1250
    721.00    942.00    7.2500
    724.00   1091.00    7.6250
    728.00    665.00    8.6250
    737.00    147.00    6.2500
    735.00     95.00    7.3750
    734.00   2036.00    7.5000
    739.00   2448.00    8.0000
    741.00   1669.00    7.8750
    741.00   1762.00    8.5000
    752.00   2123.00    9.5000
    755.00   2584.00    7.2500
    759.00    969.00   13.6880
    759.00   2512.00    6.0000
    761.00    242.00    8.8750
    765.00    583.00    6.8750
    767.00    334.00    6.7500
    772.00   1873.00    9.0000
    781.00     74.00    6.7500
    780.00    432.00    8.3750
    811.00   2531.00    8.0000
    816.00   1178.00    7.3750
    846.00   1332.00    8.6250
    861.00    356.00    8.7500
    865.00   1432.00    6.8750
    864.00    645.00    8.7500
    868.00    698.00    9.0000
    876.00    154.00    8.8750
    876.00   1462.00    8.5000
    880.00   1412.00    6.6250
    888.00    552.00    8.3750
    894.00   1330.00    8.6250
    906.00   1196.00    7.6250
    907.00   1610.00    8.1250
    914.00   1492.00    7.8750
    914.00   2257.00    9.1250
    933.00    210.00    9.3750
    932.00    768.00    8.2500
    943.00   1979.00    9.6250
    940.00   1597.00    8.6250
    945.00   1336.00    7.3750
    951.00    372.00    7.6250
    954.00   1489.00    8.7500
    963.00   1572.00    6.0000
    973.00    799.00    8.6250
    964.00   2337.00    9.2500
    974.00   1549.00    6.7500
    981.00   1268.00    6.6250
    983.00   1626.00    8.0000
    983.00   2437.00    8.7500
    991.00    851.00    7.2500
    992.00   1582.00    8.5000
   1008.00   1249.00    8.5000
   1013.00    314.00    7.3750
   1014.00   1190.00    9.8750
   1028.00    200.00    8.7500
   1050.00   1619.00    9.5000
   1073.00    747.00    7.0000
   1076.00    374.00    6.1250
   1080.00    712.00    8.2500
   1083.00    110.00    8.6250
   1092.00    538.00    5.7500
   1099.00    134.00    6.5000
   1107.00     39.00    9.1250
   1124.00    839.00    7.7500
   1131.00   1531.00    8.5000
   1132.00   2098.00    7.6800
   1136.00    756.00   10.0000
   1136.00   1437.00    8.0000
   1141.00    461.00    7.5000
   1144.00   2265.00    9.1250
   1144.00   1044.00    6.6250
   1151.00   1311.00    8.2500
   1161.00     66.00    8.1250
   1161.00   1524.00    6.7500
   1166.00   1063.00    6.8750
   1178.00    862.00    8.5000
   1180.00    959.00    7.5000
   1185.00    907.00    8.3750
   1184.00    400.00    8.8750
   1184.00    638.00    7.0000
   1187.00    690.00    8.0000
   1193.00   2570.00    7.5000
   1199.00   1432.00    8.6250
   1198.00   1992.00    7.6250
   1206.00    882.00    7.0000
   1208.00   1189.00    8.1250
   1210.00   1247.00    8.2500
   1216.00    798.00    6.7500
   1216.00   2150.00    8.0000
   1223.00    157.00    7.1250
   1225.00    458.00    7.6250
   1227.00   1345.00    5.8750
   1233.00   2194.00    8.0000
   1236.00   1054.00    7.3750
   1253.00   1440.00    7.1250
   1252.00   1482.00    7.3750
   1252.00   1900.00    8.3750
   1258.00   2118.00    7.1250
   1256.00   2317.00    9.6250
   1266.00   1220.00    8.1250
   1279.00   1722.00   10.6250
   1276.00   1995.00    5.8750
   1286.00   1550.00    8.1250
   1293.00   1011.00    7.7500
   1294.00     76.00    8.6250
   1298.00   1168.00    5.8750
   1301.00    320.00    7.7500
   1315.00   2488.00   10.6250
   1319.00   1687.00    7.5000
   1328.00   1764.00    7.2500
   1324.00   1840.00    8.7500
   1329.00   1066.00    6.0000
   1329.00   2039.00   11.3750
   1362.00   1867.00    8.6250
   1365.00   2285.00    8.5000
   1369.00   1149.00    8.7500
   1372.00   1100.00    8.6250
   1370.00    978.00    7.0000
   1379.00    371.00    8.0000
   1379.00   1025.00    7.1250
   1385.00   2518.00    9.1250
   1388.00   1397.00    7.3750
   1391.00     25.00    8.3750
   1392.00   2381.00    6.0000
   1394.00    489.00    7.8750
   1418.00   1703.00    8.1250
   1431.00   2440.00    8.8750
   1433.00   1295.00    6.0000
   1438.00    181.00    9.5000
   1442.00   1434.00    6.6250
   1448.00   1268.00    6.3750
   1446.00   1476.00    7.6250
   1448.00    876.00    7.7500
   1456.00   1877.00    7.1250
   1458.00   2556.00    7.6250
   1458.00   2380.00    7.2500
   1466.00   1419.00    7.2500
   1471.00    952.00    8.3750
   1473.00    703.00    6.2500
   1483.00   2082.00    7.7500
   1488.00    729.00    7.5000
   1487.00    335.00    8.7500
   1490.00   1618.00    7.2500
   1499.00    195.00    7.8750
   1504.00    468.00    8.6250
   1510.00    947.00    7.6250
   1509.00   1504.00    7.3750
   1518.00    888.00    8.3750
   1524.00    854.00    8.3750
   1523.00   1449.00    8.7500
   1527.00    405.00    8.0000
   1526.00    852.00    9.3750
   1529.00   1130.00    8.3750
   1539.00   1428.00    7.5000
   1542.00   1281.00    8.7500
   1546.00   1546.00    7.1250
   1545.00    693.00   10.2500
   1548.00   1630.00    7.2500
   1547.00    269.00   11.3750
   1548.00    566.00    9.5000
   1551.00    362.00    8.7500
   1557.00    922.00    7.3750
   1556.00   2105.00    8.7500
   1560.00   1804.00    8.1250
   1563.00   1694.00    8.6250
   1565.00    587.00    6.5000
   1568.00    846.00    7.7500
   1575.00    165.00    8.8750
   1575.00    506.00    6.0000
   1577.00   1174.00    7.0000
   1579.00   2019.00    6.7500
   1587.00   2186.00    6.0000
   1594.00   1552.00    5.7500
   1595.00   1741.00    5.7500
   1599.00    652.00    7.3750
   1599.00    697.00    6.3750
   1600.00   2438.00   11.1250
   1602.00   2318.00    8.0000
   1609.00   1666.00    6.5000
   1610.00   1900.00   10.6250
   1635.00   2544.00    6.8750
   1635.00    653.00    6.6250
   1637.00   1207.00    6.8750
   1637.00   1692.00    6.5000
   1643.00   1106.00    9.0000
   1649.00    235.00    9.3750
   1659.00   2131.00    8.3750
   1655.00     82.00    7.8750
   1661.00    576.00    8.2500
   1662.00   1166.00    7.1250
   1664.00    663.00    7.7500
   1672.00   1394.00    7.2500
   1673.00    790.00    7.5000
   1675.00   2475.00    9.1250
   1696.00     43.00    7.6250
   1704.00    622.00    9.6250
   1706.00   1008.00    9.2500
   1710.00   1108.00    6.5000
   1721.00   1525.00    7.1250
   1727.00    153.00    7.1250
   1733.00    279.00    9.7500
   1743.00   2406.00    8.7500
   1746.00    909.00    8.6250
   1748.00   2239.00    8.6250
   1763.00     67.00    8.3750
   1756.00    115.00    8.6250
   1760.00   1110.00    7.8750
   1768.00    751.00   12.0000
   1771.00    381.00    6.7500
   1769.00   1197.00    8.3750
   1773.00   2433.00    6.6250
   1777.00    838.00    9.3750
   1778.00    935.00    8.8750
   1783.00   2578.00    7.8750
   1791.00    406.00    8.5000
   1798.00   1291.00    9.0000
   1801.00   2061.00    8.7500
   1804.00    913.00    6.8750
   1804.00   1131.00    7.1250
   1805.00   1307.00    5.5000
   1807.00   1977.00    6.8750
   1809.00    780.00    8.6250
   1815.00   2296.00    6.7500
   1817.00    565.00    6.7500
   1819.00   2496.00    7.8750
   1819.00    594.00    7.1250
   1823.00   1876.00    6.5000
   1830.00   2016.00    8.5000
   1832.00   1013.00    6.8750
   1847.00    437.00    7.3750
   1850.00    664.00    6.3750
   1872.00   2207.00    7.0000
   1877.00   1559.00    8.5000
   1879.00    245.00    7.5000
   1895.00   2285.00    7.2500
   1894.00   2431.00    9.2500
   1895.00   1029.00   11.0000
   1896.00   2318.00    6.5000
   1899.00    779.00    9.8750
   1907.00   1741.00    9.0000
   1915.00   2267.00    8.3750
   1920.00     30.00    6.8750
   1929.00     78.00    8.8750
   1943.00    496.00    7.2500
     99.00      0.00   10.1645
    169.00    206.00   11.3645
    164.00    377.00    9.6765
    197.00    395.00   10.2440
    282.00    595.00    7.9275
    192.00    663.00   10.4775
    192.00    732.00    9.1625
    176.00    756.00   10.4775
    188.00    874.00    9.4545
    215.00    894.00   10.4885
    376.00    424.00   10.5700
    399.00    383.00   10.5700
    479.00    436.00    9.5450
    488.00    275.00   10.0000
    667.00    361.00    7.9750
    638.00    469.00   10.5700
    753.00    131.00    8.3950
    785.00    142.00    9.5000
    998.00      3.00   10.2400
   1223.00     71.00   10.0000
   1411.00     87.00   10.5000
   1393.00    202.00    8.7950
   1619.00    184.00    9.9850
   1426.00    395.00    6.4870
    232.00    816.00    8.9845
    309.00    971.00    8.5235
    348.00    936.00    8.1355
    319.00    923.00    8.0360
     90.00   1296.00   10.4775
    109.00   1261.00   10.5700
    116.00   1186.00    5.5625
    121.00   1169.00    8.2130
    242.00   1299.00    9.5450
    149.00   1576.00    9.3285
    154.00   1538.00   12.0030
    496.00    850.00    9.2765
    525.00    785.00    9.0655
    381.00    571.00   12.4380
    710.00    808.00    8.7950
    656.00    745.00   10.5700
    796.00    450.00    8.4585
    826.00    462.00    8.3435
    891.00    576.00    7.9275
    907.00    460.00    6.2190
    924.00    466.00    7.4885
    893.00    604.00    8.0000
    895.00    631.00    6.9530
    893.00    779.00   10.5000
    926.00    830.00    9.0655
    785.00    924.00    9.2765
    987.00    938.00   10.4525
   1013.00    639.00    7.9275
   1145.00    338.00    7.1585
   1202.00    338.00    7.6800
   1147.00    313.00    8.4015
   1149.00    287.00    7.6800
   1182.00    299.00    7.8665
   1314.00    360.00    8.4015
   1400.00    224.00    9.8330
   1593.00    435.00    9.5450
   1853.00    367.00   11.1250
   1850.00    690.00    8.3950
   1758.00    677.00    8.7950
   1732.00    672.00   10.5700
   1682.00    752.00    9.2705
   1581.00    973.00   10.8115
   1351.00    897.00    9.8330
   1849.00   1178.00   10.5905
   1890.00   1247.00    9.6845
   1833.00   1264.00   10.2660
   1860.00   1455.00   10.4525
   1605.00   1151.00   10.5905
   1589.00   1284.00    9.3285
   1654.00   1432.00    8.8500
   1296.00   1359.00    7.8665
   1768.00   1744.00    7.0905
   1772.00   1715.00    6.9530
   1788.00   1701.00    7.6800
   1874.00   1927.00    7.9275
   1944.00   2067.00    7.0905
   1811.00   2415.00    8.7950
   1648.00   1792.00   10.1240
   1603.00   1709.00    9.2765
   1658.00   2165.00    8.4585
   1715.00   2374.00   11.2115
   1428.00   1953.00    7.9275
   1390.00   1959.00    9.0000
   1361.00   1921.00    8.4015
   1335.00   1900.00    7.1585
   1320.00   1886.00    8.4585
   1282.00   1967.00    9.8330
   1428.00   2581.00    7.4885
   1253.00   2393.00    9.3285
   1286.00   2395.00    9.0000
   1333.00   2171.00    8.5000
   1335.00   2146.00    8.1085
   1314.00   2102.00    8.0000
   1168.00   2051.00    8.1085
   1162.00   1705.00    8.4015
   1168.00   1568.00   10.5700
   1166.00   1861.00   12.0875
   1108.00   1876.00    8.2920
   1120.00   1849.00   10.0000
   1082.00   2016.00   10.5700
   1070.00   2106.00   10.5700
   1030.00    783.00   12.4380
    967.00   1155.00   10.5700
   1000.00   1290.00   11.2785
    843.00    493.00    9.5450
    961.00   1749.00   12.0875
   1202.00    968.00   10.4885
    499.00   1174.00   10.8115
    382.00   1311.00    7.1235
    406.00   1306.00    6.1440
    111.00   1739.00    7.8665
    110.00   1713.00    6.7670
    194.00   2008.00   11.0000
    141.00   2203.00    9.4725
     45.00   2251.00    9.6020
    319.00   1854.00    9.1740
    270.00   1761.00    6.6750
    248.00   1751.00    8.0990
     63.00   2425.00   11.2785
    239.00   2584.00   10.5700
    171.00   2433.00    9.2705
    210.00   2402.00   10.0000
    392.00   2118.00   10.5700
    518.00   2077.00   11.1250
    599.00   2568.00   10.8115
    682.00   2504.00    9.5000
    817.00   2492.00   10.8115
    495.00   2239.00    8.6890
    519.00   2240.00    7.2525
    658.00   2222.00    5.6390
    651.00   2202.00    7.8935
    650.00   2170.00    7.6450
    630.00   1481.00   10.0280
    702.00   1519.00    8.9690
    664.00   1468.00    8.0000
    690.00   1467.00    7.0360
    730.00   1432.00    7.4630
    731.00   1406.00    7.0360
    830.00   1404.00    8.0225
    819.00   1386.00    7.0000
    702.00   1607.00   10.0740
    768.00   1647.00   11.1250
    873.00   1666.00   10.2400
    837.00   1793.00    9.9850
    835.00   1689.00   12.9125
    893.00   1972.00   11.2785
    785.00   1908.00    9.2765
    816.00   1904.00    7.9275
    834.00   1921.00    9.0655
    960.00   2100.00    9.7345
    515.00   1792.00   11.2115
   1406.00   2366.00    8.1085
   1156.00   2328.00    6.5960
   1048.00   2347.00    7.4165
   1036.00   2251.00    6.0440
    941.00   2297.00    8.5470
    950.00   2263.00    6.7490
    808.00   2186.00    5.5625
    820.00   2164.00    5.5625
    832.00   2152.00    5.7545
    575.00   2299.00   14.4220
   1003.00   2258.00    8.9000
    952.00   2371.00   10.6995
    452.00   1849.00    6.3915
    483.00   1851.00    5.2955
    468.00   1836.00    7.0395
    578.00   1939.00   12.5925
   1054.00    676.00   11.9625
   1892.00   1849.00   14.3170
   1047.00   1317.00   11.4670
    901.00   1129.00   15.8555
    386.00   1652.00   14.3170
   1687.00   2320.00   13.1925
   1279.00    177.00   12.4380
    461.00    767.00   14.1815
    574.00     35.00   11.9625
   1443.00   1235.00   14.3170
   1388.00    594.00   16.2170
   1223.00    519.00   16.9175
     28.00   2077.00   14.3170
