#        y         x         r
      3.00   2143.00    7.2500
      6.00   1795.00    9.5000
      8.00   1631.00   12.1250
      8.00   2096.00    9.6250
     14.00   2245.00    9.7500
     16.00   1133.00    9.0000
     21.00   2488.00    7.7500
     23.00    659.00    9.6250
     33.00   2382.00    8.9040
     35.00   2119.00    8.1250
     41.00    604.00    9.5000
     47.00    762.00    9.8750
     52.00    203.00   10.1250
     58.00   1203.00    9.0000
     56.00   1908.00    7.8750
     68.00    691.00   11.3750
     79.00   2402.00    8.2500
     87.00    213.00    7.2500
     90.00   1378.00    9.2500
     95.00   1177.00    6.5000
    104.00   1673.00    9.8750
    111.00   1421.00    7.7500
    117.00    155.00    8.6250
    119.00   1525.00    6.0000
    124.00    500.00    8.2500
    127.00   1489.00    7.7500
    129.00   1314.00    5.7500
    139.00   1132.00    7.8750
    139.00    833.00    9.1250
    141.00   1191.00    6.8750
    145.00    897.00    7.1250
    154.00   2516.00    9.1250
    156.00   1904.00   12.3750
    158.00   2239.00    7.0000
    166.00   2072.00    7.6250
    167.00    385.00    8.5000
    169.00   2121.00    6.7500
    173.00   2348.00    9.0000
    177.00    674.00    7.2500
    178.00   1323.00    6.7500
    188.00     99.00   11.2500
    192.00   1408.00    9.1250
    193.00   1605.00    8.2500
    197.00    207.00   10.8750
    219.00   1782.00    8.6250
    218.00   2410.00    7.5000
    220.00   1201.00    7.6250
    222.00   2453.00    6.8750
    226.00   2305.00    6.6250
    229.00   1647.00    8.0000
    231.00    513.00    7.2500
    229.00    642.00   10.3750
    243.00   1933.00    8.0000
    255.00    178.00    7.6250
    257.00   1580.00    8.6250
    259.00    146.00    7.8750
    262.00   2457.00   10.8750
    265.00   1467.00    9.1250
    274.00   1163.00   10.0000
    272.00   2239.00    8.1250
    283.00   1507.00    6.5000
    288.00   2190.00    8.8750
    291.00    876.00   10.1250
    298.00    410.00    9.1250
    323.00    222.00    9.2500
    327.00   1183.00    8.5000
    327.00   1440.00   10.5000
    347.00    830.00    6.8750
    349.00   1955.00    7.5000
    355.00   1757.00    7.5000
    356.00   1222.00    9.6250
    372.00   2061.00    8.3750
    376.00    421.00    9.0000
    385.00   1736.00    9.7500
    387.00    170.00    8.2500
    389.00   1951.00    8.8750
    435.00   1706.00    8.2500
    436.00   2570.00   10.0000
    439.00   1279.00    6.7500
    446.00   1644.00    9.0000
    448.00   1780.00    7.7500
    451.00   1343.00    6.0000
    454.00    907.00    7.5000
    459.00   2587.00    6.0000
    471.00   1574.00    8.1250
    475.00    727.00    9.0000
    478.00   2169.00    7.6250
    485.00   2047.00    8.5000
    487.00   2360.00    9.2500
    491.00   1111.00    7.3750
    497.00    835.00    8.0000
    508.00   1557.00   10.7500
    508.00    211.00   11.2500
    518.00    405.00    7.7500
    518.00    481.00    8.7500
    528.00    827.00    9.3750
    540.00    368.00    7.8750
    545.00   2191.00    6.8750
    544.00   2487.00    7.5000
    560.00   2133.00   10.2500
    567.00    351.00    9.5000
    567.00   2514.00    6.8750
    587.00    659.00    8.2500
    587.00    871.00    8.8750
    598.00    447.00    9.5000
    604.00    319.00    7.2500
    609.00   1316.00   11.3750
    618.00     76.00    8.1250
    618.00    531.00    9.5000
    618.00   1030.00    7.5000
    624.00   1163.00    8.2500
    630.00   1609.00    8.7500
    632.00   2220.00   10.5000
    631.00   1001.00    7.8750
    636.00    175.00   11.0000
    645.00   1070.00    7.0000
    651.00    598.00   10.1250
    652.00    809.00    7.3750
    657.00   2498.00    8.1250
    657.00    136.00   10.2500
    662.00    226.00    6.7500
    667.00    653.00    8.3750
    673.00   2123.00    8.5000
    682.00   1596.00    7.1250
    682.00    600.00    9.0000
    683.00   1550.00    8.7500
    689.00    949.00    7.0000
    693.00    477.00   11.0000
    691.00   2217.00    8.5000
    691.00   1659.00    7.1250
    694.00   1395.00    6.0000
    697.00     86.00    7.6250
    704.00    542.00    8.2500
    714.00    178.00   11.2500
    720.00    847.00    9.2500
    721.00   2052.00    6.8750
    729.00   2203.00    7.3750
    734.00   1590.00    6.6250
    742.00    436.00    7.1250
    755.00   2052.00    9.1250
    758.00   1509.00    7.7500
    761.00    649.00    6.5000
    764.00   1715.00    9.6250
    766.00   1758.00   10.0000
    766.00    300.00    9.0000
    772.00    689.00   10.2500
    777.00   1845.00    7.2500
    782.00    838.00    8.2500
    794.00   2016.00    6.8750
    795.00    859.00    7.5000
    804.00   2267.00    7.8750
    807.00    745.00    9.2500
    805.00    185.00    6.7500
    823.00   1169.00    8.6250
    824.00    612.00    9.0000
    823.00   1495.00    7.0000
    829.00   1649.00    8.6250
    834.00   2344.00    7.3750
    836.00    682.00    6.4870
    838.00    160.00    9.0000
    840.00    233.00    9.6250
    849.00     34.00   11.0000
    851.00   2154.00    9.8750
    853.00    607.00    6.7500
    859.00   1120.00    8.6250
    856.00   1065.00    9.2500
    856.00   1284.00    8.7500
    866.00   1488.00    7.3750
    871.00   1444.00    7.8750
    872.00    854.00    6.3750
    872.00   1699.00    7.0000
    884.00   1199.00    8.3750
    889.00   1406.00    6.5000
    898.00    515.00    8.5000
    900.00   1223.00    8.5000
    905.00   2413.00    7.1250
    908.00   1305.00    7.6250
    920.00   2484.00    6.2500
    930.00    686.00    5.8750
    937.00    150.00   10.6250
    946.00    930.00    9.0000
    949.00   1878.00    9.2500
    954.00   1637.00    9.3750
    964.00   2132.00    9.0000
    969.00    651.00    6.8750
    968.00   1109.00    8.2500
    973.00   1433.00    7.8750
    973.00   1578.00    9.8750
    974.00   2273.00    6.8750
    975.00   2170.00    8.7500
    990.00   2235.00    9.0000
    990.00   2055.00    7.6250
    991.00    568.00    7.2500
    995.00   1343.00    9.1250
   1002.00    404.00    8.8750
   1003.00   1652.00    7.8750
   1003.00    918.00   12.5925
   1008.00    767.00    7.7500
   1009.00    503.00    7.5000
   1009.00   1766.00    8.2500
   1009.00   1251.00    9.8750
   1016.00     79.00    8.2500
   1020.00   1071.00    7.6250
   1025.00   1956.00    9.0000
   1033.00    340.00    8.0000
   1039.00   2144.00    8.1250
   1039.00   1052.00    9.3750
   1042.00   1320.00    9.3750
   1043.00     39.00    9.5000
   1052.00   1885.00    6.2500
   1059.00   2186.00    8.0000
   1065.00    281.00   11.1250
   1078.00   1647.00    7.6250
   1083.00    943.00    8.2500
   1097.00   1732.00    9.5000
   1096.00    977.00   10.0000
   1097.00   2140.00    8.0000
   1106.00    551.00    8.6250
   1107.00   1417.00    7.1250
   1112.00   1311.00    8.5000
   1111.00    330.00    8.1250
   1113.00   2206.00    7.1250
   1114.00   2098.00    7.6250
   1122.00   1937.00    7.8750
   1132.00   2048.00    8.3750
   1144.00   2367.00    8.6250
   1148.00    585.00    7.1250
   1155.00    378.00    8.2500
   1163.00   1478.00    8.8750
   1165.00   1163.00    8.2500
   1168.00   1777.00    7.0000
   1168.00   1190.00    6.2500
   1171.00    865.00    6.6250
   1180.00   1946.00    7.1250
   1191.00    244.00    9.6250
   1192.00   1555.00    7.1250
   1195.00    652.00    9.6250
   1199.00   1089.00   10.7500
   1201.00    309.00    9.6250
   1202.00    390.00    8.6250
   1211.00    887.00    9.0000
   1228.00    571.00    8.0000
   1232.00   2035.00    6.6250
   1231.00   1108.00    7.5000
   1235.00   2502.00    8.6250
   1242.00   1356.00    7.6250
   1245.00   2129.00    8.1250
   1249.00    221.00    8.7500
   1249.00   1147.00    9.8750
   1254.00   1227.00    7.3750
   1257.00    150.00    9.3750
   1262.00    887.00    7.2500
   1264.00   1944.00    8.7500
   1265.00   1473.00    9.3750
   1266.00    314.00    8.8750
   1268.00    695.00    7.8750
   1276.00     63.00    8.5000
   1281.00   2557.00    6.1250
   1283.00   2481.00    9.3750
   1303.00    211.00    8.1250
   1297.00    413.00   10.1250
   1301.00   2271.00    7.5000
   1299.00   1121.00    7.8750
   1299.00    842.00    8.2500
   1300.00   2042.00    9.2500
   1308.00   1218.00    8.3750
   1309.00    181.00    7.9275
   1307.00   1703.00    8.0000
   1327.00   2555.00   10.2500
   1329.00   1306.00   10.0000
   1330.00   1542.00    9.0000
   1334.00   2012.00    7.1250
   1341.00    239.00   10.6250
   1342.00    120.00    8.5000
   1344.00   2483.00    7.1250
   1347.00    371.00   11.7500
   1360.00   2025.00    6.3750
   1362.00    515.00    7.7500
   1366.00    218.00    7.6250
   1370.00   1775.00    9.5000
   1376.00   2592.00    5.3750
   1381.00   1030.00    6.3750
   1385.00   1473.00    9.5000
   1384.00    129.00    8.7500
   1391.00    321.00   10.1250
   1407.00   2240.00    9.2500
   1412.00   1612.00    7.2500
   1422.00   2357.00    6.8750
   1428.00   1194.00   10.5000
   1436.00   2411.00    8.3750
   1440.00   1759.00    9.0000
   1441.00    543.00    8.5000
   1445.00   2489.00    7.3750
   1444.00   1500.00    7.6250
   1455.00   2592.00    4.6250
   1468.00   1440.00    8.1250
   1471.00   1202.00    7.7500
   1477.00   1386.00    7.7500
   1489.00   1731.00    8.7500
   1490.00   1772.00    6.2500
   1498.00   1566.00    9.7500
   1502.00   2398.00    7.3750
   1502.00   1829.00    9.8750
   1503.00   1943.00    9.0000
   1505.00    351.00    9.3750
   1506.00   2352.00    7.6250
   1513.00   1650.00    8.3750
   1517.00   2586.00    6.7500
   1521.00    601.00    8.5000
   1521.00    647.00    7.5000
   1526.00   1105.00    8.1250
   1528.00   1460.00   10.0000
   1551.00   1934.00   10.6250
   1552.00    169.00    7.6250
   1552.00    300.00    8.7500
   1554.00   1263.00    8.5000
   1557.00    503.00    8.0000
   1558.00   2052.00    7.0000
   1560.00    447.00    9.3750
   1572.00   1430.00    6.3750
   1572.00   2387.00    9.1250
   1577.00   2081.00    9.5000
   1586.00    482.00    8.1250
   1586.00   1778.00    6.8750
   1601.00   2351.00    7.1250
   1603.00    134.00    7.8750
   1606.00    601.00    7.7500
   1609.00   1385.00    6.1250
   1609.00   2309.00    9.0000
   1621.00   2362.00    6.0000
   1624.00   1647.00    7.0000
   1637.00   1371.00    8.1250
   1636.00   2389.00    9.2500
   1637.00    361.00    9.0000
   1639.00   1450.00    6.1250
   1657.00    426.00    9.7500
   1657.00   1060.00    9.2500
   1666.00    118.00    7.1250
   1675.00   1349.00    7.1250
   1678.00     25.00    6.8750
   1684.00    678.00    8.6250
   1686.00    634.00    7.6250
   1685.00   2537.00    5.8750
   1687.00   1973.00    9.5000
   1697.00    865.00    9.3750
   1698.00   2344.00    8.2500
   1701.00    716.00    7.1250
   1705.00   2513.00    8.1250
   1711.00   2093.00    8.7500
   1727.00   2053.00   10.3750
   1729.00   1640.00    8.8750
   1732.00    310.00    7.0000
   1735.00    338.00    6.0000
   1741.00    105.00    9.2500
   1743.00    769.00    7.1250
   1744.00   1296.00    7.8750
   1750.00    729.00    8.8750
   1748.00    488.00    7.3750
   1753.00    360.00    8.2500
   1756.00   2211.00    7.7500
   1756.00   2456.00    9.5000
   1761.00    890.00    8.2500
   1759.00    606.00    9.6250
   1764.00   2519.00    8.6250
   1775.00   1702.00    9.5000
   1772.00   2251.00    7.2500
   1788.00   1586.00    6.8750
   1787.00   1334.00    6.0000
   1801.00    818.00    7.5000
   1804.00   2442.00    7.8750
   1814.00   2023.00    6.2500
   1825.00   2456.00    7.3750
   1846.00   1290.00    7.3750
   1845.00   1878.00    9.5000
   1848.00   2203.00   10.0000
   1866.00     44.00    8.2500
   1877.00   1833.00    7.6250
   1881.00   1239.00    9.5000
   1895.00    808.00   12.3750
   1885.00   2402.00    7.3750
   1888.00   1514.00    8.3750
   1892.00   2049.00    9.7500
   1895.00   1296.00    8.8750
   1905.00   1063.00    8.3750
   1906.00   2300.00    9.0000
   1913.00   2362.00    8.0000
   1935.00    332.00   10.3750
   1935.00     59.00    9.2500
    399.00   1167.00   10.0000
    415.00   1845.00    9.6845
   1320.00     71.00   10.4765
   1317.00      7.00   13.0000
     65.00     73.00    9.9235
    255.00      2.00   11.5055
    141.00    224.00    8.5235
    121.00    209.00    8.8485
    389.00    196.00    8.9845
     67.00    374.00   10.9300
    432.00    187.00   10.9300
    457.00     58.00   11.0000
    518.00     61.00    6.7385
    520.00     40.00    7.6830
    549.00     13.00    9.5770
    722.00     15.00    6.8720
    796.00      0.00    9.3285
    903.00     65.00    9.8330
    818.00    106.00   12.0000
   1212.00     22.00    7.9275
   1241.00     22.00    7.8665
   1270.00    102.00    8.4585
   1312.00    104.00    7.9275
   1467.00    157.00    7.9275
   1489.00    144.00    9.5000
   1471.00     34.00    7.0905
   1416.00      2.00    9.0655
   1865.00      0.00   10.4525
   1774.00    240.00    9.6845
   1741.00    185.00    8.4015
   1638.00    206.00   12.0000
   1790.00    460.00    9.5000
   1672.00    344.00    6.5960
   1662.00    326.00   10.0000
   1605.00    421.00    7.9275
   1605.00    448.00    9.0655
   1521.00     40.00   11.7265
     58.00    281.00   12.3685
    447.00    390.00   11.2785
    475.00    349.00    9.9850
    423.00    460.00    9.2705
    284.00    638.00   11.2785
    207.00    561.00   11.2785
    137.00    753.00   11.2020
    207.00    971.00   12.5000
    296.00    945.00   10.8115
    433.00    835.00   11.2785
    444.00    687.00   13.0000
    415.00   1071.00    9.4545
    499.00    987.00   10.5700
    455.00    966.00    9.2705
    505.00   1196.00    7.6800
    494.00   1172.00    8.5000
    652.00   1133.00    6.6750
    642.00   1115.00    6.4870
    625.00   1103.00    6.3420
     44.00   1149.00   10.0740
    942.00    397.00    8.4725
    934.00    362.00    7.4630
    855.00    685.00    7.0000
    850.00    713.00    9.5000
   1005.00    716.00    7.2525
   1204.00    419.00    9.0000
   1153.00    341.00    6.7210
   1165.00    317.00    6.7210
   1316.00    554.00    9.1740
   1226.00    502.00    9.1740
   1480.00    305.00    9.0000
   1458.00    450.00   11.1805
   1386.00    597.00    9.4725
    754.00    354.00   13.3705
    884.00    818.00   11.2020
   1789.00    733.00    8.2920
   1823.00    755.00    9.0000
   1904.00    935.00    7.9055
   1785.00    930.00    8.7950
   1837.00   1095.00    8.6890
   1851.00   1189.00    6.6750
   1520.00    961.00    7.1235
   1493.00    957.00    6.3420
   1609.00   1174.00    8.9690
   1718.00   1140.00    9.8565
   1318.00    770.00   11.3450
   1944.00   1588.00   10.2265
   1816.00   1448.00    6.1440
   1820.00   1427.00    8.5000
   1864.00   1428.00    7.2525
   1856.00   1408.00    9.7305
   1645.00   1526.00    8.0000
   1389.00   1219.00    7.0360
   1405.00   1291.00    8.0225
   1637.00   1567.00   11.2630
   1701.00   1769.00   11.7995
   1923.00   2144.00    7.8665
   1800.00   2069.00    9.9505
   1782.00   2108.00    9.1740
   1757.00   2168.00    7.2525
   1694.00   2158.00    5.1200
   1679.00   2145.00    7.5000
   1650.00   1943.00   13.3705
   1597.00   1998.00   10.5700
   1534.00   2143.00    9.5450
   1477.00   2148.00    7.4165
   1482.00   2076.00    9.5000
   1537.00   2006.00   10.0000
   1507.00   1979.00    9.5450
   1398.00   2305.00   11.8725
   1638.00   2531.00    9.5000
   1428.00   1283.00   10.2565
   1368.00   1211.00    9.9505
   1378.00   1916.00    6.6750
   1391.00   1907.00    7.9055
   1435.00   1898.00    7.0360
   1454.00   1901.00    7.0000
   1457.00   1880.00    8.0990
   1357.00   2095.00   12.9125
   1280.00   2219.00   12.9125
   1196.00   1864.00   12.0875
   1292.00   1609.00   12.4380
   1046.00   2415.00   11.2020
   1071.00   2379.00   11.2020
   1577.00    822.00   13.1925
   1136.00   1215.00   10.2400
   1033.00   1388.00    8.7950
   1133.00   1134.00    6.9530
   1105.00   1127.00    6.8830
   1009.00   1182.00    8.5000
    859.00   1003.00    7.6800
    881.00    997.00    9.0000
    763.00   1129.00   10.4525
    651.00    932.00   13.0000
    821.00   1358.00   12.0875
   1187.00   1712.00   13.4985
   1058.00   2099.00   11.2785
    989.00   1922.00   13.1110
   1251.00   2177.00   11.2020
    585.00   1490.00   13.5000
    543.00   1532.00   10.5700
    650.00   1641.00    9.1775
    548.00   1726.00    9.9850
    124.00   1279.00    6.9530
    132.00   1261.00   10.1240
    114.00   1587.00    9.8330
    165.00   1703.00    8.1085
    403.00   1782.00   10.5000
    307.00   1801.00    6.9530
    283.00   1792.00    6.9530
    299.00   1772.00    8.1085
     10.00   1945.00    7.9275
     55.00   1973.00    9.3285
    205.00   1943.00    9.6845
    269.00   1900.00   10.5000
    342.00   1882.00   10.0280
    352.00   2010.00    9.6845
    712.00   1383.00    9.0000
    521.00   1902.00   10.5000
    513.00   1972.00   11.4670
    651.00   1805.00    8.8500
    675.00   1809.00    9.2765
    812.00   1672.00    9.7345
    955.00   2037.00    6.5960
    962.00   2010.00    9.0655
    924.00   2279.00    8.1085
    899.00   2309.00    9.2765
    779.00   1939.00    7.0000
    781.00   1916.00   10.0000
    871.00   2541.00    7.8665
    810.00   2417.00    9.2765
    793.00   2547.00    7.9275
    783.00   2510.00    8.1085
    570.00   2051.00   11.2115
    633.00   2399.00   10.5000
    592.00   2466.00    9.2765
    555.00   2301.00    9.0655
    452.00   2254.00    7.1585
    433.00   2258.00    8.7950
    368.00   2232.00    7.6800
    311.00   2165.00    9.6845
     77.00   2267.00    9.2765
     18.00   2348.00    9.3285
    169.00   2591.00   11.9625
    393.00   2368.00   11.2115
    411.00   2407.00    7.9275
    437.00   2433.00    9.5000
    429.00   2472.00   10.0000
    401.00   2504.00    8.4015
    380.00   2515.00    8.3435
    358.00   2545.00   10.0000
    328.00   2566.00    7.9275
    220.00   2488.00   11.2115
   1400.00    901.00   14.9775
   1349.00   1369.00   14.3170
    929.00    854.00   16.2170
    893.00   1090.00   14.1815
    799.00   2187.00   15.8555
    952.00   2321.00   13.1925
   1388.00    492.00   12.5925
   1270.00    987.00   12.4380
   1050.00   1149.00   14.9775
