#        y         x         r
      2.00    382.00    8.1250
      1.00   1270.00    7.3750
      2.00   1573.00    8.5000
      1.00   2199.00    5.8750
      2.00   2318.00    7.6250
     17.00   1869.00    8.5000
     22.00    457.00    9.0000
     22.00    132.00    7.3750
     24.00   2289.00    7.6250
     25.00    339.00    8.5000
     32.00   1751.00    8.2500
     34.00   2199.00    7.1250
     35.00    654.00    9.0000
     40.00   1462.00    8.6250
     41.00    683.00    7.1250
     62.00   1881.00    8.5000
     68.00   1072.00    7.5000
     70.00    243.00    7.7500
     73.00   2241.00    7.7500
     88.00    479.00    9.0000
     95.00   1720.00    8.0000
     96.00   1460.00    9.1250
    106.00    254.00    6.2500
    113.00    865.00    8.6250
    115.00   2063.00    9.2500
    121.00    102.00   10.3750
    123.00    242.00    8.3750
    125.00    465.00    6.0000
    132.00    164.00    7.3750
    141.00    617.00   11.2500
    150.00    704.00    9.1250
    151.00   1606.00    6.3750
    153.00   1307.00    9.8750
    158.00    454.00    8.8750
    161.00   1131.00    8.1250
    174.00    925.00    6.8750
    179.00    417.00    9.7500
    178.00   2049.00    8.3750
    192.00     63.00   11.6250
    215.00   1061.00    8.7500
    219.00    197.00    8.0000
    219.00    744.00    8.5000
    227.00   1191.00    7.3750
    231.00   1535.00    8.5000
    243.00   2190.00    9.2500
    252.00   1990.00    6.8750
    252.00    732.00    7.2500
    254.00   1785.00    8.1250
    252.00   2068.00    6.0000
    256.00   1720.00    8.2500
    257.00   2036.00    7.3750
    260.00   2275.00   11.2500
    265.00    102.00   10.6250
    277.00    731.00    6.5000
    279.00    353.00    9.6250
    279.00   1769.00    8.0000
    283.00   1874.00    8.6250
    284.00   1951.00   11.2500
    287.00   2188.00    7.6250
    293.00   1184.00    9.5000
    297.00    498.00    8.7500
    300.00   1235.00    7.7500
    307.00    917.00    7.7500
    308.00   2409.00    7.2500
    310.00   2579.00   10.8750
    311.00    393.00   11.7500
    312.00    780.00    8.2500
    317.00    562.00    8.2500
    316.00   2236.00    7.2500
    322.00   1382.00   12.2500
    328.00    481.00   10.1250
    330.00   1446.00    9.0000
    339.00    615.00    6.7500
    337.00   1487.00    8.5000
    340.00    139.00    6.7500
    343.00   1248.00    7.7500
    345.00   2052.00    8.6250
    343.00    842.00   10.6250
    356.00   1794.00   11.2500
    351.00   1209.00    8.8750
    353.00   1990.00    9.1250
    355.00   1704.00    8.5000
    376.00   2021.00    6.1250
    378.00   1385.00    8.2500
    384.00   2555.00    8.7500
    394.00    134.00    7.5000
    404.00   1596.00    8.6250
    427.00    456.00   13.1925
    443.00    250.00   10.1250
    442.00   1693.00    8.6250
    443.00   1040.00    8.6250
    444.00   1632.00   10.1250
    448.00   1580.00    7.8750
    453.00   1344.00   11.1250
    455.00    771.00   10.5000
    454.00   1388.00    7.0000
    457.00   2102.00   11.2500
    463.00    834.00    8.3750
    483.00    143.00    9.1250
    485.00   1944.00    8.8750
    487.00   1094.00    8.3750
    498.00   1732.00    8.7500
    506.00   2465.00    7.3750
    520.00   2232.00    8.6250
    532.00    829.00    9.1250
    544.00    981.00   11.2500
    548.00   1807.00    8.6250
    549.00   2176.00    9.1250
    552.00   1680.00    7.6250
    560.00   1433.00   10.3750
    567.00    135.00    9.8750
    581.00   2448.00   10.7500
    599.00   1513.00    7.1250
    608.00   1414.00    9.1250
    610.00   1140.00    9.0000
    620.00    980.00    8.2500
    629.00    282.00    7.7500
    631.00   2402.00   10.0000
    638.00    466.00    7.2500
    638.00    385.00    9.5000
    640.00   2503.00    8.8750
    646.00   1183.00    7.5000
    649.00   1250.00    7.3750
    652.00    865.00    8.8750
    662.00   1805.00    8.2500
    668.00   1464.00    8.7500
    672.00    304.00    7.2500
    670.00   1292.00    8.5000
    682.00   2206.00    8.5000
    685.00    459.00    7.6250
    691.00    288.00    8.2500
    691.00   1667.00    7.5000
    695.00   1105.00    8.2500
    698.00   2551.00    9.8750
    704.00   1467.00    9.1250
    705.00   1033.00    8.2500
    705.00   1614.00    8.3750
    711.00    701.00    8.6250
    713.00   2045.00    9.0000
    715.00     89.00    9.2500
    734.00    556.00    8.5000
    735.00   2194.00    7.5000
    737.00    852.00   10.0000
    740.00   1675.00   12.2500
    741.00   1864.00    7.2500
    744.00   1162.00    8.1250
    750.00   1093.00    9.6250
    748.00    425.00    6.1250
    746.00   1264.00    8.7500
    749.00   2026.00    8.8750
    754.00   1471.00    7.2500
    763.00    295.00    6.2500
    767.00    956.00   10.3750
    769.00    364.00    8.8750
    775.00   2042.00    8.6250
    777.00    766.00    7.3750
    782.00    692.00    8.1250
    785.00    503.00    6.3750
    790.00   1009.00    7.2500
    796.00   2187.00    9.7500
    797.00    923.00    9.1250
    804.00    284.00    7.5000
    806.00   2223.00    7.7500
    807.00   1211.00    6.5000
    812.00   2348.00    8.0000
    816.00    309.00    6.3750
    824.00    263.00    7.5000
    830.00   1046.00   11.1250
    835.00     60.00    8.3750
    841.00    310.00    8.2500
    850.00    434.00    6.8750
    851.00    504.00   10.0000
    853.00   1731.00    7.2500
    856.00   1824.00    6.8750
    864.00    849.00    8.0000
    868.00   2238.00    7.7500
    875.00   2084.00    7.5000
    881.00    110.00    8.6250
    901.00    758.00    9.0000
    901.00    169.00    8.2500
    909.00    680.00    7.5000
    910.00    580.00    9.1250
    911.00   1160.00    8.3750
    920.00   2258.00   11.1250
    924.00    289.00    6.3750
    926.00    890.00    6.7500
    930.00    111.00    9.5000
    940.00   1424.00    9.6250
    944.00   1184.00    5.8750
    949.00   1551.00    7.2500
    952.00   1992.00    7.3750
    952.00   2270.00    8.2500
    955.00   2215.00    9.7500
    968.00   1122.00    9.7500
    976.00    251.00    8.2500
    979.00   2477.00    7.8750
    980.00   1342.00   10.6250
    982.00     89.00    8.3750
    990.00    903.00    6.8750
    994.00    183.00    8.1250
   1001.00   1516.00   10.0000
   1009.00   1145.00    8.8750
   1009.00   2069.00    9.1250
   1011.00   1598.00    8.6250
   1013.00   1351.00    8.1250
   1016.00    373.00    7.6250
   1022.00    925.00    7.1250
   1028.00   1295.00    9.2500
   1031.00    704.00    7.7500
   1042.00    669.00    9.7500
   1059.00   1135.00    8.0000
   1063.00   1486.00    8.3750
   1071.00   1438.00   10.2500
   1084.00    845.00    8.1250
   1088.00    161.00    7.2500
   1096.00   2049.00    8.0000
   1096.00   1358.00    8.1250
   1112.00    815.00   10.0000
   1121.00    921.00    7.3750
   1122.00   2305.00    8.0000
   1125.00   1456.00    7.6250
   1128.00    851.00    9.6250
   1128.00   1567.00    7.5000
   1133.00   2121.00    9.2500
   1136.00   1617.00   11.2500
   1142.00    553.00    8.8750
   1142.00   1035.00    9.6250
   1144.00    213.00    7.0000
   1152.00   1103.00    7.5000
   1156.00   2050.00   10.1250
   1165.00   2557.00   10.7500
   1173.00   1407.00    9.0000
   1175.00   1103.00    4.8750
   1189.00   1078.00    8.1250
   1186.00   1331.00    7.6250
   1216.00   1104.00    8.2500
   1217.00   1728.00    7.5000
   1222.00   2532.00    9.2500
   1222.00   2354.00    6.7500
   1224.00   1989.00    7.6250
   1228.00    115.00    7.5000
   1235.00     39.00    7.8750
   1231.00   2022.00    7.8750
   1231.00   1496.00    7.5000
   1235.00    353.00    8.1250
   1250.00   1642.00    7.6250
   1256.00    105.00    8.8750
   1261.00    219.00    8.5000
   1267.00   2241.00    6.6250
   1265.00   2385.00    7.6250
   1267.00   1254.00    8.8750
   1277.00   1745.00    8.2500
   1283.00   1567.00    8.7500
   1297.00    599.00    9.2500
   1301.00   1240.00    7.2500
   1308.00   2220.00    9.2500
   1308.00   2301.00    8.1250
   1309.00   1374.00    9.2500
   1312.00   2474.00    6.0000
   1323.00    699.00    8.3750
   1325.00    764.00    7.2500
   1335.00   1638.00    8.7500
   1340.00   1274.00   10.0000
   1343.00   1906.00    9.8750
   1349.00   2152.00    9.7500
   1353.00    922.00    8.1250
   1355.00    388.00    7.2500
   1356.00   2277.00    7.7500
   1363.00    767.00    8.0000
   1380.00    406.00    8.7500
   1380.00   1540.00    6.8750
   1383.00   2040.00    8.1250
   1393.00   2081.00    6.5000
   1404.00   2327.00    9.6250
   1410.00    692.00    8.2500
   1410.00   2564.00    7.5000
   1416.00   1630.00    8.7500
   1417.00   2116.00    8.2500
   1434.00   2054.00    6.3750
   1483.00   2136.00    8.2500
   1478.00   2452.00    9.2500
   1480.00   2051.00    8.1250
   1495.00   1072.00    8.6250
   1497.00   1452.00    8.6250
   1500.00   1168.00    7.1250
   1516.00    876.00    7.1250
   1527.00    371.00    7.3750
   1536.00   1872.00   11.3750
   1531.00   2273.00    7.5000
   1536.00   2231.00    9.5000
   1536.00    544.00    7.6250
   1539.00   1156.00    9.2500
   1544.00   2337.00    7.7500
   1546.00   1024.00    7.5000
   1563.00   1541.00    7.7500
   1565.00    363.00    9.7500
   1576.00   1569.00    6.1250
   1579.00   1668.00    7.0000
   1581.00   1514.00    7.1250
   1584.00    310.00    7.8750
   1584.00   1296.00   10.8750
   1587.00    330.00    6.1250
   1588.00    529.00    6.3750
   1590.00   1819.00    8.6250
   1595.00   1983.00    9.2765
   1597.00   1162.00    6.8750
   1601.00   2451.00    7.8750
   1604.00   2258.00    9.3750
   1611.00    855.00    7.0000
   1627.00    406.00    8.2500
   1631.00    578.00   10.8750
   1636.00   2294.00    6.6250
   1640.00   2471.00    9.2500
   1643.00    438.00    6.0000
   1646.00    928.00    8.6250
   1667.00    509.00    8.7500
   1680.00   1517.00    7.8750
   1687.00    340.00    9.3750
   1690.00   2334.00    7.8750
   1709.00     26.00    7.3750
   1728.00   2436.00    8.1250
   1731.00    183.00   10.6250
   1744.00   1135.00    9.6250
   1759.00   1009.00   10.0000
   1762.00    413.00    6.8750
   1769.00    118.00    6.5000
   1778.00   1996.00   10.2500
   1778.00   1322.00    8.7500
   1785.00   2315.00    9.2500
   1791.00   1113.00    8.7500
   1798.00   1825.00    8.7500
   1812.00   1059.00   10.6250
   1830.00   1133.00    7.3750
   1839.00   1845.00    9.5000
   1842.00   2131.00    6.5000
   1844.00    537.00    8.8750
   1857.00    871.00    9.6250
   1857.00   2289.00    8.6250
   1859.00    309.00    9.8750
   1865.00   2163.00    9.8750
   1871.00    678.00    9.2500
   1871.00   1122.00    8.6250
   1873.00   1420.00    7.6250
   1882.00   1925.00    8.0000
   1886.00     21.00    7.6250
   1894.00    791.00   11.5000
   1913.00    706.00    9.3750
   1916.00    610.00    7.5000
   1919.00   1086.00    7.8750
   1921.00   1726.00    7.7500
   1921.00   2047.00    8.2500
   1934.00   2355.00    8.1250
   1936.00   1982.00    8.3750
   1936.00   2277.00    7.3750
   1938.00   1928.00    7.3750
   1943.00   1858.00    7.6250
   1943.00   1252.00    8.2500
    378.00    789.00   16.0000
     19.00    794.00    9.0000
      0.00    280.00   10.5000
   1637.00   1432.00    9.7170
   1353.00   1394.00    7.4565
    785.00    197.00    9.7905
   1586.00    354.00    6.6750
   1668.00    417.00    6.1440
   1686.00     95.00   10.0125
   1399.00     34.00    6.3420
   1408.00     11.00    6.3420
   1256.00    249.00    8.3620
   1560.00    475.00    7.0800
   1607.00    514.00    7.0000
   1806.00    355.00    7.2525
   1808.00    335.00    8.0000
   1810.00    510.00    7.1235
   1923.00    847.00    6.4870
   1865.00    131.00    8.5000
   1892.00    138.00    9.4725
   1522.00    465.00    7.5000
   1507.00    443.00    8.9000
   1600.00    728.00    9.0000
   1733.00    859.00    9.6020
   1852.00   1259.00    8.2130
   1780.00   1271.00    9.7305
   1726.00   1246.00    8.4725
   1589.00   1100.00    8.0990
   1533.00    821.00    7.1235
   1541.00    790.00    7.8665
   1455.00    587.00    6.3420
   1472.00    571.00    7.7875
   1450.00    560.00    8.5090
   1445.00    917.00    6.7210
   1451.00    894.00    6.5000
   1395.00    956.00    7.4630
   1372.00    972.00    9.0000
   1439.00    837.00    8.9690
   1296.00    422.00    7.4630
   1271.00    414.00    7.0360
   1223.00    671.00    6.7210
   1206.00    699.00    7.4210
   1914.00   1587.00    8.1085
   1892.00   1556.00    9.5000
   1772.00   1552.00    9.0000
   1735.00   1495.00   10.9935
   1666.00   1577.00   11.2115
   1713.00   1660.00    8.4015
   1689.00   1656.00    8.9040
   1622.00   1678.00    7.9275
   1599.00   1613.00    9.6845
   1455.00   1550.00    8.4015
   1381.00   1758.00    7.8665
   1402.00   1788.00    8.3435
   1405.00   1816.00    8.1085
   1355.00   1487.00    9.5000
   1288.00   1276.00    9.0655
   1942.00   2100.00   11.2020
   1886.00   2097.00    6.3420
   1885.00   2079.00    7.1235
   1864.00   2085.00    9.2075
   1829.00   1880.00    7.2525
   1807.00   1870.00    8.4725
   1829.00   2441.00    9.2075
   1722.00   2503.00    8.5090
   1626.00   2140.00    9.9505
   1622.00   1896.00    9.0655
   1562.00   1908.00    9.0655
   1400.00   1837.00    7.9275
   1355.00   1965.00    8.7950
   1477.00   2165.00    8.7950
   1353.00   2519.00   10.9935
   1377.00   2445.00    7.6800
   1351.00   2442.00    8.0000
   1314.00   2443.00    7.9275
   1247.00   2177.00    9.0655
   1090.00   2506.00   10.0280
   1041.00   2458.00   12.8210
    838.00   2523.00   11.4670
    838.00   2445.00    8.4585
    879.00   2441.00   10.5000
    854.00   2325.00   11.4670
   1237.00   1923.00    9.7345
   1284.00   1894.00    8.3435
   1282.00   1864.00    8.4015
   1107.00   1994.00    9.0000
   1133.00   1984.00    7.4885
   1095.00   1823.00    8.5000
   1119.00   1815.00    7.9275
    887.00   2010.00    9.0655
    905.00   1986.00    6.2190
    887.00   1974.00    8.5000
    832.00   1996.00    9.8330
    732.00   2138.00   10.5000
   1209.00   1626.00   12.0875
   1134.00   1755.00   12.4380
   1042.00   1800.00   13.6880
   1018.00   1686.00   10.8115
    927.00   2069.00   10.8115
    723.00   2370.00   11.2020
    700.00   2451.00    7.5000
    626.00   2563.00   13.1110
    519.00   2552.00    7.9750
    514.00   2532.00    9.1775
    575.00   2264.00   12.3685
    708.00   2104.00   12.0875
    633.00   2023.00    9.9850
    564.00   1935.00   12.4380
    834.00   1677.00   10.4885
    921.00   1639.00   10.5700
    822.00   1641.00    9.4545
    780.00   1511.00    9.5450
   1090.00   1288.00   10.5700
   1117.00   1210.00    7.6800
   1139.00   1198.00    8.7950
   1029.00    769.00   10.9935
    982.00    505.00   10.1240
   1143.00    464.00   10.5905
    974.00     45.00   13.1110
    876.00      2.00   10.5700
    927.00   1005.00   11.2020
    908.00    976.00    8.2920
    840.00   1167.00   12.0875
   1076.00   1220.00   11.2020
   1220.00    821.00   10.2400
   1275.00   1074.00   12.9790
    905.00    519.00    9.5000
    881.00   1289.00    8.7950
    850.00   1287.00    9.2705
    568.00    635.00   10.5000
    621.00    537.00   10.5000
    830.00    695.00   11.2020
    697.00    251.00   11.8725
    748.00    205.00    8.3950
    752.00    177.00    8.9000
    790.00    151.00    7.2525
    770.00    147.00    7.5000
    376.00    218.00    8.5090
    391.00     93.00    7.4210
    374.00     68.00    8.5000
    357.00    542.00    8.5000
    355.00    510.00    7.5000
    280.00    195.00   12.0000
    437.00     77.00   12.0000
    260.00     30.00   12.0000
    127.00     27.00    7.7285
    145.00     40.00    7.0285
    110.00    274.00    7.0000
    108.00    358.00    9.9400
    158.00    337.00    7.8490
    177.00    355.00    7.6615
    158.00    366.00    8.3860
     26.00    573.00    7.9590
     17.00    592.00    8.5235
     34.00    615.00    8.0000
    253.00    828.00   10.9300
    291.00    988.00   11.7140
    436.00   1179.00    9.2500
    413.00    953.00    9.6765
    374.00   1117.00    9.0655
    356.00   1090.00    7.9275
    559.00   1135.00   10.1240
    684.00   1251.00   11.2115
    580.00   1196.00   10.4525
    564.00   1351.00   10.2660
    523.00   1471.00   10.9935
    476.00   1229.00    8.4585
    450.00   1231.00   10.9935
     75.00   1349.00   10.6360
    279.00   1420.00   10.0280
   1114.00   2340.00   12.4380
     16.00   1717.00    8.4015
     16.00   1683.00    9.0000
    165.00   2002.00    9.0000
    189.00   1996.00    9.0655
    346.00   2108.00   10.5000
    403.00   2222.00   11.0000
    334.00   2252.00    9.5000
    100.00   2411.00    8.4585
     67.00   2502.00   10.4525
     11.00   2577.00   10.5905
    559.00    311.00   15.3600
    543.00    539.00   15.3600
    429.00   1896.00   15.5000
    630.00   1742.00   12.4380
    944.00   2549.00   15.8555
   1684.00    806.00   13.7665
    889.00   1695.00   15.8555
    110.00   2277.00   16.9175
   1043.00    102.00   15.8555
   1172.00    794.00   15.7330
     47.00   1011.00   13.9060
     55.00   2136.00   14.1815
